4.080025372119173944e-04 -2.054912964505914257e-04 1.316878521565718052e-01
3.003767038709545078e-04 -8.517684712213463745e-04 1.760409114128333452e-01
-1.406021562515150699e-05 -1.644010148361320194e-03 2.248743358655278246e-01
-3.810677427328089200e-04 -2.549374804024803418e-03 2.815303871255913637e-01
-7.469562818374231999e-04 -3.596611074475296148e-03 3.267100104172563912e-01
-1.038419294876756754e-03 -4.704605126165891694e-03 3.495297727737974314e-01
-1.269518859154155016e-03 -5.935962916137720730e-03 3.275305395927390339e-01
-1.403525799448373688e-03 -7.291764678737481208e-03 2.473989726204163797e-01
-1.481646505576796665e-03 -8.803129827485361297e-03 1.154410166044864405e-01
-1.529056964681529745e-03 -1.049573260119771208e-02 -8.547237067871579774e-02
-1.441668526464093790e-03 -1.237573399774029477e-02 -1.027004471825107013e-01
-1.331297541845054017e-03 -1.431763147125385965e-02 -1.434275202797200000e-01
-1.226926173135554649e-03 -1.638274821431050937e-02 -2.400483973823662187e-01
-1.152987711784378248e-03 -1.846808755955052159e-02 -3.642864983361814302e-01
-1.105919568628099380e-03 -2.073576418769308011e-02 -5.421881958707881477e-01
-1.061068396773229587e-03 -2.308911675323055759e-02 -7.332722611440901650e-01
-1.022986075569486250e-03 -2.551297667182476567e-02 -9.442623657420080585e-01
-9.728176328537115536e-04 -2.797026155342524634e-02 -1.175536155456999632e+00
-9.389219349671229335e-04 -3.045611833669540150e-02 -1.421560872060892988e+00
-8.922709967525001111e-04 -3.304538169899896155e-02 -1.722340480141100194e+00
-8.677455868357663487e-04 -3.570594692341345217e-02 -2.029778687594410602e+00
-8.779252339734722101e-04 -3.845739992804840524e-02 -2.360675868309852987e+00
-8.702636804937938274e-04 -4.125748341196765201e-02 -2.697864473612211267e+00
-9.504522221070015866e-04 -4.412785639162144363e-02 -3.054541803246418219e+00
-1.070219622126686396e-03 -4.700077440178671712e-02 -3.379559912104515451e+00
-1.159161769737766280e-03 -4.988787885176902692e-02 -3.717405900684020104e+00
-1.228192288744524947e-03 -5.279060638048461290e-02 -4.062917706025059417e+00
-1.303823686064452172e-03 -5.577052460786983967e-02 -4.420211266555621243e+00
-1.377121753063936110e-03 -5.881796595375895359e-02 -4.782821754389395608e+00
-1.440207718831276826e-03 -6.193038176757626606e-02 -5.162228834018168122e+00
-1.555982139759194693e-03 -6.510578931644486755e-02 -5.538049118072476240e+00
-1.667458418623623964e-03 -6.833168895593869085e-02 -5.932894477763617225e+00
-1.769766153563602897e-03 -7.157663120104976184e-02 -6.338887638110348277e+00
-1.889903701130866542e-03 -7.483038037244828244e-02 -6.712954539769508955e+00
-2.025253246260596413e-03 -7.812576702687154540e-02 -7.079698719444923682e+00
-2.143011490350118370e-03 -8.141759427734408805e-02 -7.463172058699672817e+00
-2.302554432155747878e-03 -8.472945631632285146e-02 -7.848024009637226683e+00
-2.439978209949992920e-03 -8.806249290324397183e-02 -8.226479220604410614e+00
-2.595928424208478191e-03 -9.141231975962479939e-02 -8.615592639942892816e+00
-2.765135937625859928e-03 -9.480745499242983210e-02 -9.018478465560393786e+00
-3.004672899555831632e-03 -9.826662596463506261e-02 -9.425149754952288461e+00
-3.270512142429413474e-03 -1.017790012483815731e-01 -9.829133753732255840e+00
-3.589381527692421438e-03 -1.053282274097422089e-01 -1.022644103766631574e+01
-3.938619450534125606e-03 -1.088622059346948667e-01 -1.061188217599277550e+01
-4.366310699888418037e-03 -1.123647669329699283e-01 -1.094889420362947519e+01
-4.784144920828300486e-03 -1.158612581269315156e-01 -1.131655840699083626e+01
-5.220865420026595850e-03 -1.194034105707154902e-01 -1.169043333790288486e+01
-5.699556664084890097e-03 -1.229694263044265462e-01 -1.209383364163176999e+01
-6.212574898262800301e-03 -1.265191103979498854e-01 -1.243707739901970299e+01
-6.759586969306037064e-03 -1.300892023363631189e-01 -1.278372076171253724e+01
-7.352959691607837897e-03 -1.336721903554393687e-01 -1.314834690318193111e+01
-7.994247318971092059e-03 -1.372510348265791880e-01 -1.353881409475207320e+01
-8.661752890333947186e-03 -1.408371595662048226e-01 -1.396933821274931198e+01
-9.385811207676675316e-03 -1.444570457148726395e-01 -1.441033362613418589e+01
-1.010195898029736007e-02 -1.480835712755245170e-01 -1.488423586211056104e+01
-1.079381763730704290e-02 -1.517441467936899158e-01 -1.530368010509085686e+01
-1.151397324890819814e-02 -1.554017604387778473e-01 -1.565909823673757906e+01
-1.226982647239426884e-02 -1.590733481150473916e-01 -1.600065039860611549e+01
-1.301207424493306189e-02 -1.627406344111699266e-01 -1.638344931462379961e+01
-1.374027876898560770e-02 -1.663849228326739205e-01 -1.678084938413024219e+01
-1.455822196088716117e-02 -1.699930380015911291e-01 -1.718857711164324087e+01
-1.535867837065233582e-02 -1.736133835892899324e-01 -1.756090171412228429e+01
-1.618337678052524792e-02 -1.772151372574906070e-01 -1.793862592186427207e+01
-1.701727206271839640e-02 -1.808439492778095570e-01 -1.835431183793863141e+01
-1.782065212962006401e-02 -1.844286647660476897e-01 -1.877639615442053511e+01
-1.871892952914480310e-02 -1.879801591580855524e-01 -1.914165861525204093e+01
-1.966087009637158128e-02 -1.915536237461439584e-01 -1.946875342618385929e+01
-2.062201916127621645e-02 -1.951069095594480107e-01 -1.977220543178557222e+01
-2.161890465251296162e-02 -1.987072213862321746e-01 -2.013606825515851639e+01
-2.262421767616579205e-02 -2.023061875641477547e-01 -2.057764341162691579e+01
-2.369836984529076485e-02 -2.058285165141464923e-01 -2.099766685648144104e+01
-2.478774259778948261e-02 -2.093592028263081828e-01 -2.142582569092303402e+01
-2.597879656055229053e-02 -2.128871406675717781e-01 -2.189061967112397511e+01
-2.724832954816945943e-02 -2.164375479687405956e-01 -2.235564112991779595e+01
-2.855137270783308229e-02 -2.199761689293288913e-01 -2.268135380348874008e+01
-2.986433491650086064e-02 -2.235228640719674476e-01 -2.305868892964895167e+01
-3.115416029078234977e-02 -2.270899735282394527e-01 -2.347569859753299681e+01
-3.244394024302840046e-02 -2.306764958955107303e-01 -2.390859640633340177e+01
-3.372283887915665523e-02 -2.342692594746100532e-01 -2.433176905806347889e+01
-3.508268582236571259e-02 -2.379279482285507064e-01 -2.474918729466709877e+01
-3.640416283341246784e-02 -2.415749978731059899e-01 -2.517591789489854648e+01
-3.774699478302638578e-02 -2.452061394619725887e-01 -2.560083172279882646e+01
-3.917180209920206879e-02 -2.488048307460549446e-01 -2.588835475395476138e+01
-4.062814305078919774e-02 -2.523671934158018826e-01 -2.626690035009902502e+01
-4.214994821346418341e-02 -2.558606147035848988e-01 -2.663404918949004596e+01
-4.369154889368718347e-02 -2.593739837328619124e-01 -2.703429981617976807e+01
-4.537361894844728349e-02 -2.628492983232188496e-01 -2.743392943116333171e+01
-4.713834889388774513e-02 -2.663286967376413128e-01 -2.783459474082894047e+01
-4.888893392634594687e-02 -2.697729931290379080e-01 -2.828599345129608267e+01
-5.065738512919204517e-02 -2.732218234199255691e-01 -2.872108855924000537e+01
-5.243897860722773752e-02 -2.766732458268901240e-01 -2.920630848111883893e+01
-5.407359433542009708e-02 -2.801692153364865323e-01 -2.961673778223893905e+01
-5.570431331754082532e-02 -2.836289319225557271e-01 -3.006378420894889558e+01
-5.739044493378939876e-02 -2.870524529403722380e-01 -3.047194424339577878e+01
-5.915735256025656669e-02 -2.904584900737469666e-01 -3.092823165039603950e+01
-6.087773911806763222e-02 -2.938755312213144899e-01 -3.132857492183407544e+01
-6.257661441145194459e-02 -2.972256697560315408e-01 -3.179707924338821456e+01
-6.428707417312108652e-02 -3.005938150612919024e-01 -3.226195067365560476e+01
-6.613907657519077499e-02 -3.039630880919358957e-01 -3.271983696905434158e+01
-6.803855754689426549e-02 -3.073265432792042229e-01 -3.318356979447789001e+01
-6.994790865434287463e-02 -3.107200750401036271e-01 -3.352530855317842651e+01
-7.193618250047251195e-02 -3.141062910889626525e-01 -3.395042371046425700e+01
-7.391895957164813791e-02 -3.175100194700657963e-01 -3.442807779529815804e+01
-7.588900125781902761e-02 -3.208098928086249302e-01 -3.489431831110335480e+01
-7.795462418704499075e-02 -3.240525766260498042e-01 -3.524666480278560243e+01
-8.010007222723640463e-02 -3.273424547506269544e-01 -3.569438854975415865e+01
-8.229067826694731747e-02 -3.305915327087673439e-01 -3.604144509536622110e+01
-8.446918808830448933e-02 -3.337837138806008519e-01 -3.654193998508576868e+01
-8.653370581539303330e-02 -3.369765578435931497e-01 -3.694230037596125982e+01
-8.865746670227479809e-02 -3.401833799402266822e-01 -3.744646139863933598e+01
-9.085632062941238762e-02 -3.433993680080247302e-01 -3.790035409817897261e+01
-9.307721016112946444e-02 -3.466240434393175751e-01 -3.823590454016558482e+01
-9.534270952697170010e-02 -3.497951923057893153e-01 -3.859514607058491720e+01
-9.765014800042051690e-02 -3.529330870143418952e-01 -3.905841164770038176e+01
-9.999708498855329475e-02 -3.560881064393141560e-01 -3.949200193038367956e+01
-1.024361055525126740e-01 -3.591935139693678281e-01 -3.989876070181803414e+01
-1.049106772052577352e-01 -3.622896469135640229e-01 -4.028905516008713050e+01
-1.074598699187772483e-01 -3.653595927609246674e-01 -4.059621276183997196e+01
-1.100700227673130915e-01 -3.684972699311363509e-01 -4.101255169803397393e+01
-1.127145606896425706e-01 -3.715122629024969481e-01 -4.144361151203650451e+01
-1.153257904093595437e-01 -3.744489761358718027e-01 -4.187439492573047772e+01
-1.178774558390732891e-01 -3.773496742851509267e-01 -4.225471574832335619e+01
-1.204477140794837087e-01 -3.802876205329467352e-01 -4.268533861045580124e+01
-1.230182939063794584e-01 -3.832699615027821416e-01 -4.311811679922575280e+01
-1.256222829342431013e-01 -3.862248189739853621e-01 -4.356530861607182459e+01
-1.282167038978235807e-01 -3.890940907160277962e-01 -4.393756331275531579e+01
-1.307689752936639915e-01 -3.918642384936816825e-01 -4.436337825099971610e+01
-1.333559619871999280e-01 -3.947971296340346825e-01 -4.479421526134385090e+01
-1.360973259617430930e-01 -3.976694494575906957e-01 -4.522989665731440567e+01
-1.388350193119004539e-01 -4.004956284322517268e-01 -4.563022789126927137e+01
-1.416005541802310974e-01 -4.031834572686198159e-01 -4.605100686705775104e+01
-1.443590537319037748e-01 -4.059654591604676677e-01 -4.648798222180062822e+01
-1.470913894020650925e-01 -4.087853559213747157e-01 -4.690906677467666697e+01
-1.498901575996877122e-01 -4.115175236102201484e-01 -4.734135029044588805e+01
-1.526505871758493671e-01 -4.141711963819750264e-01 -4.780675545042162611e+01
-1.554177743815152446e-01 -4.168488392513496898e-01 -4.821062670714354681e+01
-1.582637374416635268e-01 -4.195662159849150585e-01 -4.865590635002131137e+01
-1.611555647847910389e-01 -4.222211712614541979e-01 -4.908825568132854755e+01
-1.638915919175041314e-01 -4.247256336358011253e-01 -4.952731037138448755e+01
-1.666668529397463960e-01 -4.271653318486221540e-01 -4.993662694626780763e+01
-1.694092033631935390e-01 -4.297797659037031481e-01 -5.033525993743394622e+01
-1.722554341652196286e-01 -4.323711859730070550e-01 -5.073442966405282561e+01
-1.750848976355881825e-01 -4.349783038961040349e-01 -5.110401652568312159e+01
-1.779528384785332706e-01 -4.374953156414034261e-01 -5.148092264491861414e+01
-1.808063028341619360e-01 -4.399839311206554804e-01 -5.193063008503009570e+01
-1.837416784295807237e-01 -4.424551536570934251e-01 -5.238438328728057769e+01
-1.867553912627984980e-01 -4.449060691810700630e-01 -5.285889952911658440e+01
-1.898988176944131634e-01 -4.471242709971556817e-01 -5.325653990174892982e+01
-1.929919564187604908e-01 -4.494704423641411872e-01 -5.364675489985752677e+01
-1.961309331302018844e-01 -4.518515683742959643e-01 -5.403338866800972085e+01
-1.992387773266673656e-01 -4.542149859046520355e-01 -5.440910802663018586e+01
-2.023630237723714753e-01 -4.565813605030089040e-01 -5.487759261737481609e+01
-2.054522775059500761e-01 -4.589698468056517267e-01 -5.523495718305304081e+01
-2.085398654181945532e-01 -4.613465292728583522e-01 -5.556329399331918495e+01
-2.116607096904874474e-01 -4.636382696228218969e-01 -5.598507014441649687e+01
-2.147399799336675852e-01 -4.658964658231364298e-01 -5.641761497595773989e+01
-2.178183558707217637e-01 -4.680968743348382644e-01 -5.678571118900145365e+01
-2.209326981689321012e-01 -4.703817301875336532e-01 -5.719398963343000730e+01
-2.241018880014192804e-01 -4.726201257607990924e-01 -5.762566711321878188e+01
-2.270980565541272644e-01 -4.747865160080511626e-01 -5.808072000996126860e+01
-2.301092902605611223e-01 -4.769707849935497235e-01 -5.859889228197503996e+01
-2.330963093320379265e-01 -4.791771651271629073e-01 -5.896416713433485768e+01
-2.361928375316195150e-01 -4.813626768472569206e-01 -5.937276952098890348e+01
-2.393414965864558153e-01 -4.835242267958354545e-01 -5.986013983963680118e+01
-2.425452623745314729e-01 -4.855321221986106939e-01 -6.023564299570698211e+01
-2.458040555378556147e-01 -4.875447046526065753e-01 -6.062084147565357028e+01
-2.491063961014032824e-01 -4.894733778368794419e-01 -6.102500222959935883e+01
-2.524514165130965493e-01 -4.913436837347486819e-01 -6.148686874167512428e+01
-2.558182815806647192e-01 -4.932243795915072226e-01 -6.194944514471267638e+01
-2.591592909531478806e-01 -4.951163562535667029e-01 -6.230476577406154348e+01
-2.624688303536508172e-01 -4.971096940893617311e-01 -6.269812617154363465e+01
-2.657356006658601055e-01 -4.991820486379280331e-01 -6.307903354013427588e+01
-2.689343992132324224e-01 -5.012057904085416293e-01 -6.353853622539067203e+01
-2.721519039251159011e-01 -5.031341718603751234e-01 -6.390589985557967623e+01
-2.753549247584103354e-01 -5.050606574690708062e-01 -6.429868950944056394e+01
-2.785881349476640456e-01 -5.069249246655396224e-01 -6.468278129909371899e+01
-2.818759974631243614e-01 -5.087588007577173999e-01 -6.511436513555219108e+01
-2.851862876811711578e-01 -5.105328233611660105e-01 -6.545815174816685555e+01
-2.885365721367302294e-01 -5.123316121922794064e-01 -6.582111933998614006e+01
-2.918293619144488593e-01 -5.140846031925992987e-01 -6.624405308441691886e+01
-2.951265770676693712e-01 -5.158566160463649020e-01 -6.666443589303420936e+01
-2.984219495774527720e-01 -5.174757537522606254e-01 -6.698452910615662859e+01
-3.016882620724956054e-01 -5.191201997676834212e-01 -6.726103350219749188e+01
-3.050005536727767308e-01 -5.207885957964583090e-01 -6.758334960689141724e+01
-3.083381385642712802e-01 -5.224025228871258530e-01 -6.787277230015536134e+01
-3.116711167030420948e-01 -5.240124511901907978e-01 -6.827610776956407790e+01
-3.150130883724455710e-01 -5.255975396141849831e-01 -6.867471361276093944e+01
-3.183944704940557258e-01 -5.271872169231032190e-01 -6.905542344195339410e+01
-3.217886902531780779e-01 -5.287799001906492435e-01 -6.948007816529661795e+01
-3.251426218415788827e-01 -5.304255925723272425e-01 -6.990010582893459912e+01
-3.285274471191054757e-01 -5.320482946141955605e-01 -7.033575254474537530e+01
-3.319262697383292826e-01 -5.337160589025008450e-01 -7.076567249415361971e+01
-3.353602789612572521e-01 -5.353607656204162346e-01 -7.122252391621812251e+01
-3.388343184528054830e-01 -5.369855400737579831e-01 -7.167780352104004749e+01
-3.423112670196838403e-01 -5.385578090028101395e-01 -7.209542580709077697e+01
-3.457757260045004610e-01 -5.401171401885730416e-01 -7.255029570384415649e+01
-3.493334031548171459e-01 -5.416576629850564650e-01 -7.297174126638044811e+01
-3.528877509561350601e-01 -5.432070952160336086e-01 -7.341950619272215306e+01
-3.564900570832886251e-01 -5.446001802096075428e-01 -7.383937930302640495e+01
-3.600734569405548702e-01 -5.459848555834808659e-01 -7.423413317505522002e+01
-3.636227884892183626e-01 -5.473976570604739411e-01 -7.459333192548942293e+01
-3.671437053085860880e-01 -5.488627625956064016e-01 -7.494546448645057524e+01
-3.706607045283117907e-01 -5.503016793325254952e-01 -7.533735283142586070e+01
-3.741893157698225059e-01 -5.516916691530132644e-01 -7.574681588727321468e+01
-3.777615361666594174e-01 -5.530427082057373100e-01 -7.615638344136432636e+01
-3.813913495990725600e-01 -5.543391874364974603e-01 -7.655730220028992505e+01
-3.849846372524567961e-01 -5.556583708422229151e-01 -7.696482277288414764e+01
-3.885951316389508747e-01 -5.569425848115200361e-01 -7.734624896609803102e+01
-3.922372030878794602e-01 -5.582626106305725866e-01 -7.774610952912010475e+01
-3.958586792983025404e-01 -5.595497746536801653e-01 -7.814742526760555563e+01
-3.994507832400309710e-01 -5.608322795101726710e-01 -7.855032404598684082e+01
-4.030620363883293811e-01 -5.619670830472810463e-01 -7.891710482453078157e+01
-4.066740015533209518e-01 -5.630719555764450712e-01 -7.926812126865713992e+01
-4.103006818458082572e-01 -5.641708067382483760e-01 -7.961563939275147561e+01
-4.139580942755611837e-01 -5.652152098889799969e-01 -7.995569018898952152e+01
-4.176439611716724620e-01 -5.661540091131719299e-01 -8.025886074098669098e+01
-4.213433781438923886e-01 -5.670770308547020688e-01 -8.056959455468178533e+01
-4.250294132570701100e-01 -5.679855442615657779e-01 -8.092282597221134210e+01
-4.287262484249800831e-01 -5.688896872010501538e-01 -8.131917797955705396e+01
-4.324196020490312931e-01 -5.697461294061725301e-01 -8.172438370668324126e+01
-4.361067236608792141e-01 -5.705595235626642614e-01 -8.214972195060822457e+01
-4.397692878148679596e-01 -5.714064971522182512e-01 -8.256195372835280466e+01
-4.434605512273654959e-01 -5.722142329995687504e-01 -8.296414425480037380e+01
-4.471705880328830096e-01 -5.730173068357126143e-01 -8.337658185648926690e+01
-4.509098404613720024e-01 -5.737620686290999528e-01 -8.377508271122114536e+01
-4.546396819388357491e-01 -5.745132958878818030e-01 -8.416701882874414764e+01
-4.583973506774630668e-01 -5.752100839175444680e-01 -8.455813458577674169e+01
-4.621325658520755164e-01 -5.759028590874480935e-01 -8.495523300998920035e+01
-4.658536232689838297e-01 -5.765223219926701725e-01 -8.533524210675174970e+01
-4.695400777611341558e-01 -5.771229591368860490e-01 -8.573052727949810503e+01
-4.732156805608916939e-01 -5.777355712522942444e-01 -8.611961585337957104e+01
-4.769151324536025083e-01 -5.783225010716939174e-01 -8.652148545085141507e+01
-4.805654909679006326e-01 -5.788250678253303860e-01 -8.690827643573675232e+01
-4.842163072936847557e-01 -5.793359395872673678e-01 -8.730454143374917919e+01
-4.878362483243107173e-01 -5.797998636357182267e-01 -8.770915305365751635e+01
-4.915008044586753333e-01 -5.802618736866289595e-01 -8.812110841096834690e+01
-4.951521935028349586e-01 -5.807313815351767827e-01 -8.853367280690400776e+01
-4.988421984271118603e-01 -5.811525026120645254e-01 -8.893668437865585474e+01
-5.025111931330313864e-01 -5.815545664412004045e-01 -8.934346528161199785e+01
-5.062060170364212075e-01 -5.819453117458813773e-01 -8.974922401791711479e+01
-5.098893824628182303e-01 -5.823121155939283700e-01 -9.015402203864557862e+01
-5.135731957104331391e-01 -5.825834759013636122e-01 -9.055337370807143316e+01
-5.172432562649124099e-01 -5.828586181793160570e-01 -9.095557428150608814e+01
-5.209307040858717208e-01 -5.830716566988958238e-01 -9.136006090709595640e+01
-5.246356736494824924e-01 -5.832649789830128828e-01 -9.176686077804129127e+01
-5.283252354329421863e-01 -5.834160727766523058e-01 -9.216975306178387939e+01
-5.320021699326135112e-01 -5.835416737137683052e-01 -9.257775385160222470e+01
-5.356893371155956318e-01 -5.836309965901625985e-01 -9.298632090652790794e+01
-5.393563788022067707e-01 -5.836588214790396911e-01 -9.339806407307335689e+01
-5.430335349511357101e-01 -5.836509118067819690e-01 -9.380794904127058942e+01
-5.467426847771408305e-01 -5.836277585005649193e-01 -9.421130578213283968e+01
-5.504283459374016418e-01 -5.835903853282400355e-01 -9.461285828500740536e+01
-5.541140093249048437e-01 -5.835342671331279485e-01 -9.501054676147190037e+01
-5.577895405304633680e-01 -5.834511549857451795e-01 -9.541679440382684163e+01
-5.614507251002359700e-01 -5.833178069390557718e-01 -9.583506129557073905e+01
-5.650951051232299127e-01 -5.831714920298862737e-01 -9.624723004137374005e+01
-5.687667343620109728e-01 -5.830673239565498100e-01 -9.665855457820867969e+01
-5.724344529250030567e-01 -5.829162588199549022e-01 -9.707378960333892337e+01
-5.760826452799940878e-01 -5.826934103162112466e-01 -9.747630498030427759e+01
-5.797384502372200377e-01 -5.825027058590509510e-01 -9.787359533419004265e+01
-5.834506176706968361e-01 -5.822660031365723965e-01 -9.827885550580349161e+01
-5.871282068248617758e-01 -5.820502733008683371e-01 -9.870225238121571465e+01
-5.907964421542122313e-01 -5.818021752595171625e-01 -9.912767151473457261e+01
-5.945225285331255938e-01 -5.815672098194576423e-01 -9.955048151085792085e+01
-5.982892781570119389e-01 -5.813349524989052108e-01 -9.997441159157062884e+01
-6.020447849816020769e-01 -5.810431551845320897e-01 -1.003975890793183936e+02
-6.057692834002835758e-01 -5.807633931514745163e-01 -1.008365425785424350e+02
-6.094821856932889359e-01 -5.804774881486078897e-01 -1.012953738815708817e+02
-6.131833177972947357e-01 -5.801311753903213297e-01 -1.017165277811429576e+02
-6.169006638918554941e-01 -5.797452211696965119e-01 -1.021546480372184078e+02
-6.206468387272100484e-01 -5.792874201343612972e-01 -1.025729999584053473e+02
-6.244135539835804494e-01 -5.788055602375230535e-01 -1.029939003233139516e+02
-6.282063620597510001e-01 -5.783017794848762660e-01 -1.034051336686083005e+02
-6.319500020185203626e-01 -5.778159919463171645e-01 -1.038474417497602644e+02
-6.357348548973323910e-01 -5.772918344446884564e-01 -1.043094190810279969e+02
-6.395316900177819841e-01 -5.766863126731757161e-01 -1.047631281848767202e+02
-6.433539063613961106e-01 -5.760651892365389326e-01 -1.052016754505471852e+02
-6.471275007620984621e-01 -5.753963910491289857e-01 -1.056301370782956042e+02
-6.509245925412344702e-01 -5.746711385988720888e-01 -1.060373188151707780e+02
-6.546611020220727273e-01 -5.738322180367567693e-01 -1.063857524015874816e+02
-6.584148754247128865e-01 -5.729100846839364491e-01 -1.067553587083552600e+02
-6.621728472590218129e-01 -5.720321013373691477e-01 -1.071435049307640526e+02
-6.659036159840884261e-01 -5.711491268238184649e-01 -1.074808980374180436e+02
-6.696847245859455233e-01 -5.702274858233258303e-01 -1.078511864149747908e+02
-6.734589854198259617e-01 -5.692347745591588293e-01 -1.082145846552528496e+02
-6.772390346283327922e-01 -5.682323055176639048e-01 -1.086062091729695140e+02
-6.810073882171934212e-01 -5.671380190325819859e-01 -1.089908793131802582e+02
-6.847728089827447295e-01 -5.660335187048037842e-01 -1.093339201834158274e+02
-6.885250623901820743e-01 -5.648700567433638797e-01 -1.096881709801254488e+02
-6.922672654433668082e-01 -5.637231927701441547e-01 -1.101152710912686814e+02
-6.960202846766725404e-01 -5.625417759853971189e-01 -1.105142258817721057e+02
-6.997476395970984031e-01 -5.613799167113591171e-01 -1.109884855733327242e+02
-7.034486592196714794e-01 -5.601254876844022901e-01 -1.114363854660685718e+02
-7.071919268767871136e-01 -5.588193508565426626e-01 -1.119005427556035244e+02
-7.109664424586765730e-01 -5.574956222570868203e-01 -1.123594700019054216e+02
-7.147036464409464163e-01 -5.561828676376241454e-01 -1.128112636820152943e+02
-7.184109144777730549e-01 -5.549099135841595309e-01 -1.131427484064387698e+02
-7.220616431876420993e-01 -5.536319459853653591e-01 -1.135542243026249452e+02
-7.256644818793398510e-01 -5.522708340594432164e-01 -1.139024547595853107e+02
-7.292223996998515867e-01 -5.509379167964809643e-01 -1.143024223356414097e+02
-7.328441271947401248e-01 -5.495706328164831067e-01 -1.147323146777261513e+02
-7.363691617433330006e-01 -5.482152672401988669e-01 -1.151988538045270047e+02
-7.398991113127731944e-01 -5.468461391447810849e-01 -1.156850968724566542e+02
-7.434101101288306257e-01 -5.454055958391242909e-01 -1.160244731253411743e+02
-7.469643378526136246e-01 -5.439831198369132759e-01 -1.163139807530773169e+02
-7.504989680421809695e-01 -5.423720545935064585e-01 -1.166864154555414217e+02
-7.540497237374466089e-01 -5.407498825739398551e-01 -1.171109923804675645e+02
-7.576229773257223687e-01 -5.391142363642118518e-01 -1.176147436893846816e+02
-7.611575880650101045e-01 -5.374233673642717646e-01 -1.179838923110503970e+02
-7.646581386276235515e-01 -5.356822052818837054e-01 -1.183682829249548121e+02
-7.681605778264580797e-01 -5.339346297617522108e-01 -1.187848527076698417e+02
-7.715721264224365550e-01 -5.321728341512109717e-01 -1.192042422253422131e+02
-7.749750587633971177e-01 -5.303597068122789526e-01 -1.195770890864162936e+02
-7.784102199227210805e-01 -5.286252556552227810e-01 -1.199991444061935084e+02
-7.817709226383641186e-01 -5.268894170075707484e-01 -1.204280705894787360e+02
-7.851186846518620754e-01 -5.251949749902782294e-01 -1.208301699890915444e+02
-7.884137849068951764e-01 -5.233816900882264367e-01 -1.212121266755087419e+02
-7.916046214065720621e-01 -5.216179963578928547e-01 -1.216286844905411471e+02
-7.947713703724528234e-01 -5.197940468236036393e-01 -1.221095194000018722e+02
-7.979832671796056598e-01 -5.179291865053917698e-01 -1.225440201778508964e+02
-8.012425818002177902e-01 -5.160053609733387114e-01 -1.229992100300507332e+02
-8.044247905015765587e-01 -5.140131023165144253e-01 -1.234118603838261379e+02
-8.076208875564139245e-01 -5.119470342766918591e-01 -1.238193002068629909e+02
-8.108559159663830673e-01 -5.098668265239277853e-01 -1.242477408847615834e+02
-8.140470153798397002e-01 -5.078290316829280338e-01 -1.247253568323020829e+02
-8.172159712256108488e-01 -5.057220423735129256e-01 -1.251185479994998957e+02
-8.204104228979063329e-01 -5.036237318214925596e-01 -1.254659233014110811e+02
-8.236556884201766682e-01 -5.014828413201906088e-01 -1.258985551343416347e+02
-8.269235583146095081e-01 -4.993337570145154891e-01 -1.263836938640577330e+02
-8.301269977405130174e-01 -4.971956230409661504e-01 -1.269191663657127265e+02
-8.333513786548779612e-01 -4.951123893486164551e-01 -1.273040723285929090e+02
-8.365101761394808655e-01 -4.929994592823294108e-01 -1.277804819192162427e+02
-8.396455135612275189e-01 -4.907771186373462990e-01 -1.281576669441971319e+02
-8.427133378731964664e-01 -4.885000573137734947e-01 -1.286043265367499089e+02
-8.457353229729718258e-01 -4.862318659784368169e-01 -1.290801748251171830e+02
-8.487018515373742078e-01 -4.838401995527998878e-01 -1.295359852586414320e+02
-8.517016876777833145e-01 -4.814825762454532088e-01 -1.299110902898677011e+02
-8.546780228586218220e-01 -4.790910226858636212e-01 -1.303255588094123141e+02
-8.577295088177572246e-01 -4.765489553553410307e-01 -1.307287583648142970e+02
-8.606319165321409947e-01 -4.739408965360126236e-01 -1.311406680015376196e+02
-8.636257912296592121e-01 -4.713351994836476599e-01 -1.315998058016718062e+02
-8.666348853015234388e-01 -4.687235856238313181e-01 -1.320279968871277276e+02
-8.696555868695041713e-01 -4.661378172610033399e-01 -1.324362120336081716e+02
-8.726641219112899472e-01 -4.635399041100858319e-01 -1.328204216691755732e+02
-8.756558146396963282e-01 -4.609007068547740782e-01 -1.332824721911980816e+02
-8.786033066889665788e-01 -4.582820212752374278e-01 -1.337105955650409044e+02
-8.815178087619955916e-01 -4.556362741652490445e-01 -1.341519652143990129e+02
-8.844029710308998204e-01 -4.530396208430388372e-01 -1.345469412831113232e+02
-8.872260824408353397e-01 -4.504764749385035683e-01 -1.349665980029219838e+02
-8.900333714136731134e-01 -4.478521209996398911e-01 -1.354003022968805681e+02
-8.928406689680058461e-01 -4.451389651400415315e-01 -1.358343740568899420e+02
-8.955782931016188497e-01 -4.423341773315372372e-01 -1.362676113257845714e+02
-8.982435670838588848e-01 -4.394722459315686947e-01 -1.366903850958546514e+02
-9.009741236239560136e-01 -4.366849753691618985e-01 -1.371158616682303091e+02
-9.036921284699627188e-01 -4.339168621604857501e-01 -1.375504509634548640e+02
-9.063434610931125901e-01 -4.311149233784204449e-01 -1.379726488525267598e+02
-9.088333655101555886e-01 -4.282047837661061562e-01 -1.383500510799269989e+02
-9.115191716565103075e-01 -4.253853581297817876e-01 -1.387639018281956567e+02
-9.141496434599967191e-01 -4.225330136397213998e-01 -1.391963710407021892e+02
-9.167995658106475876e-01 -4.196991696187695187e-01 -1.395955227375524714e+02
-9.194624007202675253e-01 -4.168362995237336333e-01 -1.400095849184136227e+02
-9.220631219909678489e-01 -4.139807166132532523e-01 -1.404005512646586169e+02
-9.246675657690720529e-01 -4.110864031410317310e-01 -1.408334653907161282e+02
-9.272042311247630231e-01 -4.080905561860350694e-01 -1.412600820872340535e+02
-9.296623986184591182e-01 -4.050798124407122280e-01 -1.416634822279777950e+02
-9.320428869533472493e-01 -4.020375105965915963e-01 -1.420369955086951279e+02
-9.344688470430908556e-01 -3.990749292780575996e-01 -1.424868173753828273e+02
-9.369245903761701522e-01 -3.960189858213927216e-01 -1.429138603108474399e+02
-9.393434502717064039e-01 -3.929655007640987519e-01 -1.433437817818519022e+02
-9.416855993844995831e-01 -3.899233411128928961e-01 -1.437464477001736043e+02
-9.441408708019183305e-01 -3.869374106690862680e-01 -1.441255455392605427e+02
-9.465976549956720554e-01 -3.838992436613014037e-01 -1.445937834729278109e+02
-9.490463474202427419e-01 -3.807894411943751334e-01 -1.450497530550115926e+02
-9.512892689832650461e-01 -3.776498075693855427e-01 -1.454145286958719510e+02
-9.535877201045120932e-01 -3.745392562201959041e-01 -1.458377135902991881e+02
-9.558892198752181324e-01 -3.713787360892114031e-01 -1.462288115271832680e+02
-9.581530240664291043e-01 -3.682409680016621722e-01 -1.466083120443912264e+02
-9.604067489403660396e-01 -3.650998755389295303e-01 -1.470165624100843331e+02
-9.625716764703323713e-01 -3.619526912200513036e-01 -1.474016036109858589e+02
-9.647739796179842786e-01 -3.588445438626243211e-01 -1.478806054982733826e+02
-9.669340992843381555e-01 -3.557857433289166593e-01 -1.484078076863246451e+02
-9.690649175643665236e-01 -3.527405827178262676e-01 -1.488584976906001884e+02
-9.710969459456294528e-01 -3.495873959816869214e-01 -1.492766445832374984e+02
-9.731809785747150832e-01 -3.464595868797664679e-01 -1.496883751772076039e+02
-9.752362061620930556e-01 -3.433964689477088661e-01 -1.501336222655934591e+02
-9.772543357848817447e-01 -3.403539150000448599e-01 -1.506365362810501267e+02
-9.791317889529370655e-01 -3.372128872838379143e-01 -1.510404250545352625e+02
-9.810739398496627350e-01 -3.340177187760042798e-01 -1.514323603689224456e+02
-9.829432543855283200e-01 -3.307544308689650547e-01 -1.518270370067745603e+02
-9.847577700401931589e-01 -3.274324299963202178e-01 -1.522392360464092178e+02
-9.865259535724283380e-01 -3.240968041931274191e-01 -1.526720197883758487e+02
-9.883584467523645056e-01 -3.206950753404173571e-01 -1.531313902502809867e+02
-9.901988647229046370e-01 -3.172895030042961473e-01 -1.535873570972454161e+02
-9.920124885945914572e-01 -3.138705972491351304e-01 -1.539748358062553564e+02
-9.938107505362853145e-01 -3.104522817483571506e-01 -1.543465529278919632e+02
-9.955881324154599588e-01 -3.071076606441289214e-01 -1.547562764344244499e+02
-9.973758279022008066e-01 -3.037662534033225836e-01 -1.552056120800120880e+02
-9.992406825064467091e-01 -3.004264570253152300e-01 -1.556483450032053213e+02
-1.001131653460135551e+00 -2.970574441688519918e-01 -1.560729121946938847e+02
-1.002903228182399298e+00 -2.936717105898788427e-01 -1.564108256353980551e+02
-1.004636808601030662e+00 -2.902932327557559700e-01 -1.567429563081354331e+02
-1.006351284673786095e+00 -2.868994530318514924e-01 -1.571574142572083019e+02
-1.008079389553233396e+00 -2.834923378268139893e-01 -1.575514076666564449e+02
-1.009687084331228002e+00 -2.800623333248823399e-01 -1.579019088912613995e+02
-1.011341319170182773e+00 -2.766516413871152325e-01 -1.583174294355348479e+02
-1.012954328146623340e+00 -2.732708983909236111e-01 -1.587428581099811993e+02
-1.014639859162366431e+00 -2.699265198432203583e-01 -1.591343531202699069e+02
-1.016306226779109867e+00 -2.665849372558008468e-01 -1.595252193371262877e+02
-1.017989704951658414e+00 -2.632223350509166337e-01 -1.599404359237258006e+02
-1.019693146332679934e+00 -2.598255381324400815e-01 -1.603870167557334696e+02
-1.021398953988513325e+00 -2.564229934252347243e-01 -1.608489631051778872e+02
-1.023016845363199367e+00 -2.529849371034971761e-01 -1.612791497437990245e+02
-1.024664143158349416e+00 -2.494693140062820003e-01 -1.617237931606010477e+02
-1.026313576579576115e+00 -2.459665919076145513e-01 -1.621865328372880981e+02
-1.027911961203259672e+00 -2.424645433031856201e-01 -1.626773194623158645e+02
-1.029509062700049604e+00 -2.388959437515363049e-01 -1.631385771013046053e+02
-1.031027966100373616e+00 -2.353147881260254648e-01 -1.635497953833124427e+02
-1.032532323949107100e+00 -2.317419179421686681e-01 -1.639243093309296171e+02
-1.034071366773585909e+00 -2.281926289209121606e-01 -1.643187127103145997e+02
-1.035549815037339227e+00 -2.246417476981264205e-01 -1.647537333840614053e+02
-1.036956222831991958e+00 -2.210689707861983044e-01 -1.651510813324657647e+02
-1.038362152211571354e+00 -2.174998549446986451e-01 -1.655957058404150359e+02
-1.039750916532622194e+00 -2.139341852447137482e-01 -1.660220676072015920e+02
-1.041181883944559239e+00 -2.103831627756955480e-01 -1.664463369230794854e+02
-1.042578841275197288e+00 -2.068428550167362157e-01 -1.668237554470168220e+02
-1.043957654627945875e+00 -2.033017249948405880e-01 -1.672324715148563428e+02
-1.045318025972564291e+00 -1.997254580045235983e-01 -1.676273058865042742e+02
-1.046697501446842260e+00 -1.961693095720892510e-01 -1.680361619609343506e+02
-1.048033267692312753e+00 -1.925655747543174867e-01 -1.684405284896625972e+02
-1.049353014741741363e+00 -1.889073680525550358e-01 -1.688648677435202501e+02
-1.050690106432954130e+00 -1.852424077427851368e-01 -1.692974004013193507e+02
-1.052014064457120979e+00 -1.815807608287983155e-01 -1.697277525522487167e+02
-1.053236241055388156e+00 -1.779155482298186985e-01 -1.701630066136386290e+02
-1.054337386882863825e+00 -1.742369035473357308e-01 -1.705792355219912793e+02
-1.055427253685795597e+00 -1.705724018938941378e-01 -1.710165988627575757e+02
-1.056471105619173345e+00 -1.668888812673935684e-01 -1.714597072608014514e+02
-1.057518453127827440e+00 -1.632241986447128534e-01 -1.718927618925763454e+02
-1.058459500026839084e+00 -1.595053642249617543e-01 -1.722597921245693442e+02
-1.059395996778734750e+00 -1.557888902064514247e-01 -1.726661455199456441e+02
-1.060319480399777081e+00 -1.520449873080132186e-01 -1.730765319247697107e+02
-1.061227241192887583e+00 -1.483080328108141166e-01 -1.734889898056574964e+02
-1.062161008043998933e+00 -1.446121524576437500e-01 -1.738876109792830107e+02
-1.063063817754459794e+00 -1.409103798999183921e-01 -1.742887591359561554e+02
-1.063936832481531036e+00 -1.372144945595430432e-01 -1.747029036815534937e+02
-1.064748449745711811e+00 -1.335512972023122358e-01 -1.751173698886654222e+02
-1.065522602123882612e+00 -1.298795268501735933e-01 -1.755362952971925949e+02
-1.066225124570664651e+00 -1.262425340922329331e-01 -1.759500396804700131e+02
-1.066911732963278681e+00 -1.225806243900964265e-01 -1.763750785481944376e+02
-1.067555228140072643e+00 -1.189458569465805110e-01 -1.768048308640872790e+02
-1.068161349432448892e+00 -1.153018673395233978e-01 -1.772295268342450640e+02
-1.068743157642197961e+00 -1.116477439459756665e-01 -1.776455539922062030e+02
-1.069315691998786289e+00 -1.079949908276802983e-01 -1.780716169835126266e+02
-1.069878626851595405e+00 -1.043401514144041420e-01 -1.784939640648074430e+02
-1.070428099948435019e+00 -1.006940609845943524e-01 -1.789114855112799205e+02
-1.070907760579369095e+00 -9.700373041543856878e-02 -1.793157763052274447e+02
-1.071347200287153134e+00 -9.333849127934890078e-02 -1.797270862054066640e+02
-1.071799795608487926e+00 -8.967237460505265989e-02 1.798588386152465262e+02
-1.072211219582831720e+00 -8.598337989023085992e-02 1.794440780567273919e+02
-1.072619012877931599e+00 -8.231271800422997054e-02 1.790384132298420354e+02
-1.072997530540293898e+00 -7.865981588632889321e-02 1.786270608450851114e+02
-1.073389360771169976e+00 -7.500819143206627349e-02 1.782100286485747063e+02
-1.073783696496169782e+00 -7.135442778725245572e-02 1.777939363500734373e+02
-1.074172937970091279e+00 -6.771415360940795380e-02 1.773750342778984930e+02
-1.074501488424096651e+00 -6.406745298372226727e-02 1.769811347086236140e+02
-1.074784661806100550e+00 -6.039527118623078117e-02 1.765850794137475930e+02
-1.075027468933729136e+00 -5.674252070988949209e-02 1.761856807870115631e+02
-1.075233320027466188e+00 -5.309612023265108255e-02 1.757900164258349207e+02
-1.075461163756510352e+00 -4.947507818786565231e-02 1.753940649468572701e+02
-1.075687931933861030e+00 -4.584103883509418192e-02 1.749952614333593885e+02
-1.075895039855950808e+00 -4.220013571425867277e-02 1.745791962602169747e+02
-1.076109314094909175e+00 -3.853755177202234511e-02 1.741557621637935256e+02
-1.076344582572447806e+00 -3.492682067752501257e-02 1.737298369527663056e+02
-1.076563499219985731e+00 -3.132140527744363412e-02 1.733256439986273847e+02
-1.076751984776965987e+00 -2.768667533249574708e-02 1.729139691851640066e+02
-1.076872815816935613e+00 -2.402293071436963426e-02 1.724991226559385495e+02
-1.076982061116487088e+00 -2.037213238091450940e-02 1.720837320342781140e+02
-1.077025303463438277e+00 -1.676681235648340776e-02 1.716695666212604010e+02
-1.077054973012499639e+00 -1.315807235674723227e-02 1.712662909121410735e+02
-1.077000774719059750e+00 -9.466422261663019755e-03 1.708570599603035021e+02
-1.076900545252239993e+00 -5.730515058357137093e-03 1.704296746929957465e+02
-1.076764695216174461e+00 -1.985547159645784706e-03 1.700019278309596586e+02
-1.076563361713115619e+00 1.737474661242213031e-03 1.695968387289451584e+02
-1.076291217080393103e+00 5.459480290493787941e-03 1.692270326364242408e+02
-1.076014219773667291e+00 9.161111766420412805e-03 1.688176450167196379e+02
-1.075662517154897690e+00 1.293864782284039061e-02 1.683840754551533792e+02
-1.075334894334284863e+00 1.671678776269051175e-02 1.679851033721475346e+02
-1.075042491424893276e+00 2.052937758998476039e-02 1.675830863678985168e+02
-1.074722358770362707e+00 2.435681633146093150e-02 1.671806763746588160e+02
-1.074395386337464453e+00 2.815003401045815604e-02 1.667608984961126737e+02
-1.074032807418561664e+00 3.192162233854392572e-02 1.663146330395750283e+02
-1.073653785637789237e+00 3.568702511393041787e-02 1.658724346294486907e+02
-1.073169823957566438e+00 3.940262751217995379e-02 1.654812229943796069e+02
-1.072652767683325736e+00 4.309824154108028715e-02 1.650566441069518646e+02
-1.072093642294883020e+00 4.674451934926813351e-02 1.646391788733873511e+02
-1.071515369594834510e+00 5.043233277062229847e-02 1.642368871036705968e+02
-1.070903235045389978e+00 5.413423332695000562e-02 1.638005125550994308e+02
-1.070189188530561220e+00 5.786076529675564933e-02 1.633723490010669934e+02
-1.069414115268651155e+00 6.165321795152280127e-02 1.629109107320053624e+02
-1.068700381020642354e+00 6.546638307254305789e-02 1.624694348685605405e+02
-1.067952986607821897e+00 6.926004586803911900e-02 1.620222503942689514e+02
-1.067169855079476593e+00 7.305899976760506231e-02 1.615533302178754695e+02
-1.066353300115822522e+00 7.684921672441598350e-02 1.610150606538177271e+02
-1.065513744933286544e+00 8.060332301562209145e-02 1.605431047403789080e+02
-1.064660846087739143e+00 8.438062598723805596e-02 1.601156897555012790e+02
-1.063711296245267279e+00 8.810973792814856542e-02 1.596715043797545377e+02
-1.062775441267105547e+00 9.178035514354004887e-02 1.591998390859515382e+02
-1.061830909097291276e+00 9.542833546208463746e-02 1.587782106865473111e+02
-1.060871813641446337e+00 9.907320157365537283e-02 1.583165133239883744e+02
-1.059751330288615456e+00 1.026942057641467981e-01 1.578483420923555798e+02
-1.058532054030619118e+00 1.063292331569216653e-01 1.573469522519168606e+02
-1.057286796962602526e+00 1.100120626624175313e-01 1.568381777591138757e+02
-1.055972788869964818e+00 1.136720110696991803e-01 1.563469902570603267e+02
-1.054619817128388037e+00 1.173104526202065623e-01 1.559291686080794648e+02
-1.053197763224492212e+00 1.209521285933030932e-01 1.555261111895772785e+02
-1.051696874390571468e+00 1.245463367790079628e-01 1.551132813387526141e+02
-1.050232031775559349e+00 1.281567567971525767e-01 1.547169218324737301e+02
-1.048767827427659061e+00 1.317470905481673837e-01 1.542888674267588272e+02
-1.047316115858234253e+00 1.353302173580052947e-01 1.539086571696363421e+02
-1.045887048289956267e+00 1.387899648692013932e-01 1.534439931328168143e+02
-1.044505886187807597e+00 1.422196403744006854e-01 1.530309068797988061e+02
-1.043088152042442651e+00 1.456488835551034700e-01 1.525961938836099421e+02
-1.041546055181698183e+00 1.490583579692712768e-01 1.522316078643794981e+02
-1.039975714546325536e+00 1.524571687145399590e-01 1.518626243731433192e+02
-1.038407765627598511e+00 1.558840362432126203e-01 1.514633980503216435e+02
-1.036820346899690826e+00 1.592574084177379445e-01 1.510158191364129721e+02
-1.035136243094341602e+00 1.626927755824155442e-01 1.505963344490106124e+02
-1.033457744432099368e+00 1.661442926896556649e-01 1.502667104028893732e+02
-1.031662162007590311e+00 1.695544363727812254e-01 1.498892716512865775e+02
-1.029853519937595330e+00 1.729734731996687425e-01 1.494755134331168165e+02
-1.027997876006023992e+00 1.763224104652001689e-01 1.490259973722426139e+02
-1.026127969667097739e+00 1.796002053496348061e-01 1.485948796020311704e+02
-1.024230021507068988e+00 1.829303821126414265e-01 1.480664920931993151e+02
-1.022246194072534919e+00 1.862344026704035316e-01 1.476643545121821717e+02
-1.020222749229065862e+00 1.895877796989538511e-01 1.472619872274770216e+02
-1.018199020772849073e+00 1.929781917932343327e-01 1.467464338673091220e+02
-1.016151250047685473e+00 1.963473907304208177e-01 1.462488269967030305e+02
-1.014144553513588898e+00 1.996481457621271938e-01 1.458168858795312701e+02
-1.012097741434164089e+00 2.029520965766271334e-01 1.454391088963336927e+02
-1.010067345981542575e+00 2.061639020405551248e-01 1.449989660842873036e+02
-1.008067079026680357e+00 2.093029588453809431e-01 1.445096980561767452e+02
-1.005911420260968470e+00 2.124174356216294024e-01 1.441341109643469736e+02
-1.003691125334584155e+00 2.155632976048857119e-01 1.438019888739091243e+02
-1.001276815446871193e+00 2.186733055142205118e-01 1.433991857995842736e+02
-9.987989345221442994e-01 2.217789354702302818e-01 1.429549847091641084e+02
-9.963821980063524153e-01 2.248972770754820161e-01 1.425513551761485473e+02
-9.940730118353745537e-01 2.279743882612318417e-01 1.421666312281091109e+02
-9.917408195454069375e-01 2.310714462136033154e-01 1.417315250172384538e+02
-9.894305072883272656e-01 2.341151586517136451e-01 1.412781663132152232e+02
-9.870721221748595120e-01 2.370299396603514352e-01 1.408159595040973215e+02
-9.846436756523219147e-01 2.399128525594907135e-01 1.404540890494103280e+02
-9.822305721000821332e-01 2.428162389391493314e-01 1.400801102414031050e+02
-9.798045805800238428e-01 2.457885602167347305e-01 1.396340185011198969e+02
-9.773835114217991338e-01 2.487404850158655978e-01 1.391934141935865910e+02
-9.749218121900972145e-01 2.516516778864554271e-01 1.387931206931532699e+02
-9.724820051215048444e-01 2.545716159801306167e-01 1.383982692474803571e+02
-9.699250819001230539e-01 2.574946070457838077e-01 1.380250124390604469e+02
-9.673480363888229405e-01 2.604071842677244675e-01 1.375741888189704412e+02
-9.647539008856622633e-01 2.633234924966347812e-01 1.371768976801701854e+02
-9.621854406809038363e-01 2.662333286882475059e-01 1.367635538515118867e+02
-9.595287627546965625e-01 2.691520542448781472e-01 1.363795801413977244e+02
-9.568378922616121995e-01 2.720525532266539481e-01 1.359716063452312653e+02
-9.541478973481678505e-01 2.749445693184779937e-01 1.355756816782347585e+02
-9.514980705031861330e-01 2.778057722390562256e-01 1.351423768722783052e+02
-9.488107029315990815e-01 2.806444563500420930e-01 1.347049834162687603e+02
-9.460867167857885951e-01 2.834357797343202146e-01 1.342608668654251858e+02
-9.433655213071704404e-01 2.861819963368169017e-01 1.338391256731876240e+02
-9.406485179110909423e-01 2.889078469507193048e-01 1.333998164154425581e+02
-9.379421775764832381e-01 2.917258095245152116e-01 1.330015738524009805e+02
-9.351472423370669196e-01 2.945349389386219818e-01 1.325228435518401398e+02
-9.323029784749459203e-01 2.972010822300630850e-01 1.321215327291027393e+02
-9.295285373238625359e-01 2.997515573289947777e-01 1.316779367977534321e+02
-9.267372430422573526e-01 3.024239803892110889e-01 1.312607093514598091e+02
-9.239161229910419770e-01 3.050688231950171025e-01 1.309177959663682600e+02
-9.210417607934107131e-01 3.076983580701620480e-01 1.304814473431563329e+02
-9.181050560713736042e-01 3.101661183683047107e-01 1.300684569223325582e+02
-9.151862814020887971e-01 3.127268330878684721e-01 1.296295681376023481e+02
-9.122852808156325377e-01 3.152686672393539835e-01 1.292147704536343440e+02
-9.093348244996202201e-01 3.177497942302351941e-01 1.287945130284245749e+02
-9.063500089185793085e-01 3.201141374319201316e-01 1.283881918248458760e+02
-9.033965147758754588e-01 3.225796077473835899e-01 1.279837899412446234e+02
-9.004557426938686326e-01 3.250269854906455147e-01 1.275081080438530847e+02
-8.974909029320130571e-01 3.274533600095521080e-01 1.271192341507919821e+02
-8.945346573420085434e-01 3.298716643426464201e-01 1.267470978492489593e+02
-8.915786847257195502e-01 3.322658949197114242e-01 1.262875343533068104e+02
-8.886080358034669224e-01 3.346676679620139705e-01 1.257827242654146431e+02
-8.855088292976888154e-01 3.370440281329107335e-01 1.252429906314736456e+02
-8.823299009997951359e-01 3.391945775577643318e-01 1.248773347984196391e+02
-8.791545267317578682e-01 3.413625982761055999e-01 1.244872053529086600e+02
-8.760605524907522090e-01 3.436655666471234993e-01 1.241052003225820073e+02
-8.728950510961218656e-01 3.459694629432460977e-01 1.236540518922557652e+02
-8.697486463488748321e-01 3.482529187371390389e-01 1.231888652656469390e+02
-8.665385671977576809e-01 3.504635501470281245e-01 1.227571918361157230e+02
-8.632869769077046174e-01 3.527196671079212420e-01 1.223212351435150254e+02
-8.601011812913289534e-01 3.548988352785278910e-01 1.218997996095356910e+02
-8.568362849155576333e-01 3.569919537545722110e-01 1.214901467702767945e+02
-8.535808013275041350e-01 3.590682355983956242e-01 1.210659097143157652e+02
-8.503524517376631620e-01 3.611574935887189031e-01 1.205756314771382449e+02
-8.471299635125624228e-01 3.632440106307236460e-01 1.201408381803200598e+02
-8.438711523505014744e-01 3.652842543165449873e-01 1.196531800677752670e+02
-8.405736655322810780e-01 3.672138685163737759e-01 1.193198311070209598e+02
