6.302432783174985540e-04 7.022367589938458173e-04 -1.140229850131982414e-01
6.670777078822461709e-04 1.290524855520187603e-03 -1.265115926516717504e-01
7.461515282210082938e-04 2.045525323569333948e-03 -9.029563731701846507e-02
7.970947693329031919e-04 3.043272347272518545e-03 -9.027980841390195743e-02
9.516395801021761483e-04 4.259367002275101129e-03 -2.233075864789240417e-01
1.140091565468553036e-03 5.567590550315333967e-03 -3.364399431863612233e-01
1.323957629451386802e-03 7.049118132717494163e-03 -4.980173677199217219e-01
1.431652279060830922e-03 8.689194387383860144e-03 -7.007122518185832094e-01
1.460251011018018829e-03 1.035517206887596499e-02 -8.301870941173464802e-01
1.549289593896048143e-03 1.213350267104573027e-02 -8.868094999054364491e-01
1.644383882208100755e-03 1.400396737286437390e-02 -8.967986420344832288e-01
1.712800716348580497e-03 1.590827510459224062e-02 -8.877466813222554265e-01
1.820525252775933569e-03 1.779918874958076255e-02 -8.791554787639227486e-01
1.924930958726540258e-03 1.971667485212647702e-02 -8.629001400406762778e-01
2.054999500546379580e-03 2.166373243983401101e-02 -8.280084428377481043e-01
2.173991796544447273e-03 2.368636957191511128e-02 -7.851831320969984152e-01
2.313032871768925299e-03 2.572594892474252062e-02 -7.488580122814626483e-01
2.405776303120255120e-03 2.778373810422404139e-02 -6.998200302744868040e-01
2.464610469144825310e-03 2.984700291492799890e-02 -6.433519090359408610e-01
2.532699654886357617e-03 3.195612218757358514e-02 -5.747741583607710592e-01
2.616681696367440316e-03 3.412710664415299910e-02 -4.993239940446970726e-01
2.719525883136251175e-03 3.635341056923158815e-02 -4.064963117505269730e-01
2.788689969067171572e-03 3.859439338061567554e-02 -3.038865756161028275e-01
2.810398550125185833e-03 4.085149081791637771e-02 -2.154713250859104090e-01
2.854425777520216024e-03 4.311161648095628018e-02 -1.412486571206524044e-01
2.887327631552431741e-03 4.539382208322616935e-02 -6.073842058056018456e-02
2.952694610525923285e-03 4.771469095572170027e-02 2.184456455386300788e-02
3.006710431035241899e-03 5.008471439409770826e-02 1.231371781294378492e-01
3.076608390460761153e-03 5.250652608312079278e-02 2.335550972871850983e-01
3.158481397567140109e-03 5.491366516732435615e-02 3.447551197144773649e-01
3.188212788400453159e-03 5.736084118132424997e-02 4.566194203518386119e-01
3.208594387919335052e-03 5.981323121240534474e-02 5.675807343650525194e-01
3.224416845227873283e-03 6.227980247559551652e-02 6.754002065924333831e-01
3.242049621192430280e-03 6.476982194855501751e-02 7.788756773541372080e-01
3.280767199228698180e-03 6.724652993982158100e-02 8.838944904828273108e-01
3.319917218320445410e-03 6.975579080120943021e-02 9.852505998904600437e-01
3.317064899708741313e-03 7.225387023504631356e-02 1.082910470087904642e+00
3.269276240349416364e-03 7.477450436036464643e-02 1.178137358199834228e+00
3.270835960936434306e-03 7.726312471038163099e-02 1.274551368911140958e+00
3.291157576576133909e-03 7.978773598036617565e-02 1.378985899452820796e+00
3.311466711843577462e-03 8.233339486299262600e-02 1.494889823490519021e+00
3.301962260801333086e-03 8.487706289923038772e-02 1.609279876617230265e+00
3.260192930222606273e-03 8.746191169354876338e-02 1.721691292888109848e+00
3.237547560407632967e-03 8.999911480926128804e-02 1.808512868487511582e+00
3.186328160873846786e-03 9.254935862535436375e-02 1.889277598988113427e+00
3.156402243600054183e-03 9.513777489857007386e-02 1.980142836170045273e+00
3.144336388044864216e-03 9.776211664904725651e-02 2.084191076151414634e+00
3.145311199487724977e-03 1.003679085151328865e-01 2.189836941769140566e+00
3.184446602401659436e-03 1.029656254740938387e-01 2.296886347539170981e+00
3.169270601125615070e-03 1.055256472354950403e-01 2.401019187138888178e+00
3.186396128263791708e-03 1.081225401369487332e-01 2.501556651399269526e+00
3.162995237600680493e-03 1.107060589543821666e-01 2.607577346001757501e+00
3.134346707266359288e-03 1.132961939081691960e-01 2.714600649139460309e+00
3.067565062519156914e-03 1.158880107275291893e-01 2.818129013703797980e+00
3.022432543326312136e-03 1.184502030197722017e-01 2.920787558772420134e+00
2.924805863804199116e-03 1.210412551299790002e-01 3.014398200890095136e+00
2.882622634586899137e-03 1.235726269676793720e-01 3.112936740347602260e+00
2.828698421087695678e-03 1.260977484390413128e-01 3.204259002509712406e+00
2.770599515398740938e-03 1.286468513062458685e-01 3.313178670209937060e+00
2.699122802143343047e-03 1.312107633965536313e-01 3.437766948124226563e+00
2.575025542545591670e-03 1.337432475576340596e-01 3.554648987156023843e+00
2.451221770535417979e-03 1.362642132185336308e-01 3.659913785865815061e+00
2.338195957434507921e-03 1.387698720074354852e-01 3.749606027737836467e+00
2.226560021463250705e-03 1.412788342797279273e-01 3.836179657476829874e+00
2.109361884340125136e-03 1.438109996495727794e-01 3.928145467480703701e+00
2.011673634141203371e-03 1.463278375827968825e-01 4.016913967158829202e+00
1.914526644711598722e-03 1.488276510957324272e-01 4.113738085685588963e+00
1.788261000327427512e-03 1.513232553656863044e-01 4.219528218613322501e+00
1.631181009769803883e-03 1.537957429500222961e-01 4.319101727470734176e+00
1.424604007477215566e-03 1.562531279359749836e-01 4.412495422035178194e+00
1.197134327741777382e-03 1.587096969197628882e-01 4.511373184079241483e+00
9.577225714995614772e-04 1.611741171080733892e-01 4.608628403552939012e+00
7.276075975138963405e-04 1.636576272149379285e-01 4.702490956291306645e+00
5.000435536406022587e-04 1.661293518484979193e-01 4.785072877950759640e+00
3.085417511037597134e-04 1.686373749192633942e-01 4.865009283895433079e+00
6.183440615751948678e-05 1.711184976187005158e-01 4.956505285667645033e+00
-1.692724933880521089e-04 1.736318598035464511e-01 5.039745408972999385e+00
-3.890534817132010022e-04 1.761303538059690865e-01 5.111766807558811188e+00
-5.926033711416456599e-04 1.786579206821795884e-01 5.176938232870939238e+00
-7.525744319946878463e-04 1.811449273706581264e-01 5.247276594963511620e+00
-8.874920694497657418e-04 1.836207638633702288e-01 5.319445041925709106e+00
-1.064082866789077412e-03 1.860810372155461134e-01 5.376922132059086756e+00
-1.284029229206735305e-03 1.885307623181758097e-01 5.456524422692726972e+00
-1.483321635687023321e-03 1.909919262645503601e-01 5.546476822178341592e+00
-1.673402881723037947e-03 1.934670255993821142e-01 5.641174181495341777e+00
-1.895558377640389541e-03 1.959753268218827060e-01 5.737235898452483163e+00
-2.147892024165128002e-03 1.985105942562598036e-01 5.822493556380796242e+00
-2.357212426001475004e-03 2.010360993422034559e-01 5.909238734829225237e+00
-2.633195969824708021e-03 2.035071924626224993e-01 5.998993339189309104e+00
-2.940495656252485948e-03 2.059910973996144645e-01 6.117313914367194627e+00
-3.272539667348620899e-03 2.084984731019355608e-01 6.230667619972125593e+00
-3.604662490284986451e-03 2.109922223144312381e-01 6.336398909412813474e+00
-3.918474110698212665e-03 2.134725992699267605e-01 6.427717676725004381e+00
-4.233599833409349561e-03 2.159969229407059377e-01 6.509198356181297385e+00
-4.552787666154586334e-03 2.185075246739243970e-01 6.573044432178323682e+00
-4.861248688357846723e-03 2.210426730024094288e-01 6.659318245434034722e+00
-5.189469143710059851e-03 2.235630868721841247e-01 6.746974345666938433e+00
-5.513590125320136717e-03 2.260805700325133616e-01 6.834167090034120484e+00
-5.789681539450076270e-03 2.286062595564753441e-01 6.923137810741137876e+00
-6.052079353843910908e-03 2.311370486901402621e-01 6.996877262629864980e+00
-6.349180764163207813e-03 2.336565137386187319e-01 7.076557681686469259e+00
-6.660113418190487938e-03 2.361952868703784958e-01 7.177740618246377657e+00
-6.976093791155429415e-03 2.387345127141756174e-01 7.263572003345569961e+00
-7.312645229633673617e-03 2.412590824751649488e-01 7.347018350506250961e+00
-7.678810272489935453e-03 2.437756310379596558e-01 7.438931042449481446e+00
-8.012273957448721312e-03 2.462612754186329078e-01 7.527161150572482029e+00
-8.413294478735865167e-03 2.487081949326207242e-01 7.623492069421993200e+00
-8.812807061502366326e-03 2.511795364185261947e-01 7.748883140237486700e+00
-9.201732674427561334e-03 2.536360701209150470e-01 7.860323402169332674e+00
-9.587494814754413466e-03 2.561130143600036657e-01 7.960573456941349768e+00
-9.987523366001829425e-03 2.586231584111740589e-01 8.056477500475082820e+00
-1.036916971998739362e-02 2.611038571325313140e-01 8.138562868492201119e+00
-1.073139605356011016e-02 2.635696705498615788e-01 8.209172913193869547e+00
-1.113032072717479344e-02 2.660343773333039841e-01 8.304090233056424353e+00
-1.153959510386454168e-02 2.685317417803767537e-01 8.386312490810283293e+00
-1.195796177113730464e-02 2.710351900383214940e-01 8.489423125342876020e+00
-1.240447240170338555e-02 2.735279382849798435e-01 8.575551548060273532e+00
-1.284162929430889867e-02 2.759885483280751228e-01 8.674268989638495242e+00
-1.326069925700312443e-02 2.784503922898394768e-01 8.758579084040198026e+00
-1.361727737132613358e-02 2.809458048228446470e-01 8.839944660454690961e+00
-1.398213791548901658e-02 2.834556494121860948e-01 8.917742205524525900e+00
-1.437732889219343370e-02 2.859726397661724873e-01 8.985884100015784526e+00
-1.473722783523893735e-02 2.884370852801209639e-01 9.068977979964465419e+00
-1.508562912084222656e-02 2.909165640239393946e-01 9.126893236529960873e+00
-1.544441342997416103e-02 2.933849390436417681e-01 9.181072908967419011e+00
-1.589423951778113839e-02 2.958167475944663560e-01 9.261187547060464098e+00
-1.637239347819423665e-02 2.982589917017481884e-01 9.344311514953584918e+00
-1.686338264576969087e-02 3.007199857842921542e-01 9.433333597475742849e+00
-1.740581398731158233e-02 3.031551857757557866e-01 9.517527868999533069e+00
-1.794790583499661016e-02 3.055952827979051545e-01 9.600359536088173940e+00
-1.846375346065905546e-02 3.080552112987033908e-01 9.670458446074460923e+00
-1.896645618549136145e-02 3.105575819753367273e-01 9.746832217700617917e+00
-1.945843071876173641e-02 3.130669990481423359e-01 9.832889965542559452e+00
-1.995177892696891470e-02 3.155822786766069310e-01 9.900585576669007182e+00
-2.044783689105686766e-02 3.181012840543477327e-01 9.952933929898529541e+00
-2.091326759892336157e-02 3.205879326479814662e-01 1.000538151971837841e+01
-2.141224598624227871e-02 3.230584651632666948e-01 1.004064677292348406e+01
-2.194869639134464437e-02 3.255271416576059340e-01 1.012640082469787473e+01
-2.248687365764904383e-02 3.279878274307472252e-01 1.021789082780243518e+01
-2.299751046225217282e-02 3.304167841281366869e-01 1.030629155940790120e+01
-2.348502544705444173e-02 3.328144115835800498e-01 1.039511060977463863e+01
-2.396914591258119537e-02 3.352058921327404351e-01 1.045780831217021500e+01
-2.442791161754747156e-02 3.375759214115514606e-01 1.053375025393378017e+01
-2.499146884255545528e-02 3.399065199700259665e-01 1.061842487650716116e+01
-2.550457329806006535e-02 3.422637488561726671e-01 1.071001245495905252e+01
-2.603823562151133184e-02 3.446215139458954635e-01 1.079405431889013656e+01
-2.654139641009863743e-02 3.470215347476899859e-01 1.086484617991335533e+01
-2.705156429898689791e-02 3.493827627918693612e-01 1.094739157041448863e+01
-2.756712233279585977e-02 3.517451952485042277e-01 1.102582028602421538e+01
-2.815865877683192478e-02 3.540794804683655705e-01 1.113514416834625465e+01
-2.878783921356614650e-02 3.564130262365455271e-01 1.124974173420578794e+01
-2.942493425301727361e-02 3.587735057839128161e-01 1.136953797515077014e+01
-3.004131295683996894e-02 3.612087516917436569e-01 1.147788263353791294e+01
-3.063057155619595961e-02 3.636241771541970924e-01 1.156167155567222515e+01
-3.124905967630593057e-02 3.660143526608425901e-01 1.163190088151156409e+01
-3.184134436810619889e-02 3.684409387780532286e-01 1.172616212332091656e+01
-3.245680520392583285e-02 3.708915914926891877e-01 1.185052957467183710e+01
-3.305522565879229907e-02 3.733622940242610766e-01 1.197589020338181598e+01
-3.366625084191966766e-02 3.758292308549087690e-01 1.209485876016298533e+01
-3.429190206845914718e-02 3.782709937464017180e-01 1.219285208847232838e+01
-3.493072791582988584e-02 3.807032112912624444e-01 1.227020951523376446e+01
-3.556562345536740805e-02 3.831529028355267208e-01 1.233334182721097783e+01
-3.618957544316419445e-02 3.856189985785613006e-01 1.239611465113119060e+01
-3.675613589335813280e-02 3.881143285136598453e-01 1.246611450075008243e+01
-3.728266749070029140e-02 3.906437583986508977e-01 1.254261619621019541e+01
-3.777054283880856150e-02 3.931338339775648505e-01 1.261374916055380879e+01
-3.828050658853646149e-02 3.956326939219849126e-01 1.269929748027425731e+01
-3.883267988226801054e-02 3.981241403073645380e-01 1.279360004427729436e+01
-3.944130973680123192e-02 4.006217990211866087e-01 1.291633704597153809e+01
-4.005920958917440905e-02 4.030912420769884319e-01 1.302992730449001613e+01
-4.067289735157229164e-02 4.055457971082154778e-01 1.311412283603552709e+01
-4.130952717076333269e-02 4.080171087592557311e-01 1.318704665296270306e+01
-4.194917320736463867e-02 4.104920342669095557e-01 1.327905809391555003e+01
-4.258431514558736614e-02 4.129847867773863146e-01 1.335956466061381676e+01
-4.324988134303242582e-02 4.154680692215108051e-01 1.343212077475570609e+01
-4.392903056727649747e-02 4.179736257184621939e-01 1.349015258986436372e+01
-4.462601553246675623e-02 4.204929439429345162e-01 1.356328302352994797e+01
-4.531841291878751371e-02 4.229873453903184033e-01 1.364679916775029511e+01
-4.600073884269358093e-02 4.254747889558012086e-01 1.373277106099581424e+01
-4.671945580802677050e-02 4.279571490109048693e-01 1.386896931410936418e+01
-4.750494321088509497e-02 4.304061086434559646e-01 1.398786278115821347e+01
-4.829791198672855890e-02 4.328623994990045687e-01 1.409830156466001760e+01
-4.905563237825118217e-02 4.353445932489705128e-01 1.420251080343649086e+01
-4.978423639339690787e-02 4.377928413717812606e-01 1.429949330838386601e+01
-5.053621657460404676e-02 4.401959610137013423e-01 1.441147505919844285e+01
-5.130026914331640292e-02 4.426147958270119642e-01 1.453250459292377705e+01
-5.212546158753678799e-02 4.449890696694703829e-01 1.463300396275929316e+01
-5.299930662003440179e-02 4.473822805237519518e-01 1.473184055130391101e+01
-5.384533298815042529e-02 4.497812333029382326e-01 1.480252423012269958e+01
-5.470959921718497598e-02 4.521507787797329203e-01 1.487162292718195999e+01
-5.554203666898731989e-02 4.544958801748656962e-01 1.492182051009304367e+01
-5.635722374780068045e-02 4.568390337309301552e-01 1.498028460551093488e+01
-5.724405760216108585e-02 4.591582300362437308e-01 1.507236752306633853e+01
-5.812315981875421089e-02 4.614925036941501801e-01 1.514047226219017794e+01
-5.902498163344468973e-02 4.638000926097916587e-01 1.520799184307822038e+01
-5.992351378960624614e-02 4.661212208669400781e-01 1.529235915229610754e+01
-6.080572655326041409e-02 4.684629988883458607e-01 1.539892900429387446e+01
-6.165419854012377243e-02 4.707655648680503790e-01 1.549741005994357401e+01
-6.249372542071557346e-02 4.730985962116254773e-01 1.555598310629654790e+01
-6.334783168936829190e-02 4.754605974495998422e-01 1.559748903576853429e+01
-6.421122748189357632e-02 4.778426511847089220e-01 1.565361930592740514e+01
-6.506385746830496697e-02 4.802267816398484990e-01 1.571928928621236743e+01
-6.589708128353138905e-02 4.825938065345495853e-01 1.579531888167570663e+01
-6.674662726668902091e-02 4.849856446382782016e-01 1.585706895672737637e+01
-6.756246654954599362e-02 4.874125074165002736e-01 1.595623513682524575e+01
-6.838023962082086238e-02 4.898550310023883636e-01 1.608998229919823686e+01
-6.919015816403291386e-02 4.922418066861410924e-01 1.619113723775613423e+01
-7.001238418674793351e-02 4.946162277445159128e-01 1.632775142532661050e+01
-7.083917649124923943e-02 4.970363784803005780e-01 1.644035179997787921e+01
-7.164744484225149534e-02 4.994100887345839235e-01 1.654942016254220505e+01
-7.247138080525968029e-02 5.017637602045216250e-01 1.666853361804396627e+01
-7.332795090404575777e-02 5.041357220474180778e-01 1.681779162058653654e+01
-7.417975730092425668e-02 5.065005648653482240e-01 1.692217036167170718e+01
-7.501362624475915730e-02 5.088858439689643021e-01 1.700303994851707046e+01
-7.585908629825791061e-02 5.112446437204714034e-01 1.709297881564803134e+01
-7.668799588297815772e-02 5.136486544068230575e-01 1.718551222350909313e+01
-7.757126062305751135e-02 5.160378571704281603e-01 1.727753977244493910e+01
-7.845813943321698625e-02 5.184595978824291240e-01 1.741727190561512018e+01
-7.931622382016632888e-02 5.208864156629321451e-01 1.753792401670031609e+01
-8.020322088438670838e-02 5.233407849548342705e-01 1.761210802622360916e+01
-8.110744232233846329e-02 5.258262229714854019e-01 1.768374375084141548e+01
-8.202075464868725796e-02 5.283114999644801246e-01 1.774586576380310987e+01
-8.290460737385242640e-02 5.308269220063394078e-01 1.783618132870177675e+01
-8.383460582829947716e-02 5.333008707190106668e-01 1.794265543071798419e+01
-8.483363506203919768e-02 5.357620830938039092e-01 1.803894819578905384e+01
-8.577093944204072784e-02 5.382090379662877178e-01 1.812328811520739080e+01
-8.674946157046836692e-02 5.406173329635959313e-01 1.821402485470427024e+01
-8.776357349889075954e-02 5.429991887458869293e-01 1.827773814156551779e+01
-8.878340251666831662e-02 5.453967436763936805e-01 1.831232379808277599e+01
-8.981234275572316794e-02 5.477654887097962444e-01 1.837437001518336288e+01
-9.082529710719280946e-02 5.501559568354164043e-01 1.844152061848046387e+01
-9.182435011004097536e-02 5.525382999582304500e-01 1.851443632083140756e+01
-9.284819697514611059e-02 5.549672724100777055e-01 1.858512912690847330e+01
-9.385207716344232121e-02 5.573623038158183052e-01 1.861844490329790247e+01
-9.489951081754015305e-02 5.597145175973166076e-01 1.865302013279609028e+01
-9.594111142338604403e-02 5.620917084274713593e-01 1.874422375963771259e+01
-9.699302400356607512e-02 5.645055333256658869e-01 1.882378214907080860e+01
-9.803264471981994188e-02 5.668966620901850773e-01 1.887799278220403565e+01
-9.903857763931946112e-02 5.692534472563554049e-01 1.895245871587201236e+01
-1.000460435313949709e-01 5.716178141270135127e-01 1.904504516544971793e+01
-1.010813967521423801e-01 5.739247624375903856e-01 1.913396273958855076e+01
-1.021221904306412187e-01 5.762610865369010016e-01 1.928116546703572709e+01
-1.031626422748514044e-01 5.785936482093154698e-01 1.939103157910037822e+01
-1.042751223587823073e-01 5.809294562764417691e-01 1.948251931110926094e+01
-1.053695543831642267e-01 5.832861199621175441e-01 1.957593382481357835e+01
-1.064444852661378949e-01 5.856601982089519876e-01 1.968321639069189999e+01
-1.074629022163439834e-01 5.880815412634685657e-01 1.976733738906821713e+01
-1.084879927897077628e-01 5.904804728835646443e-01 1.990150467574403237e+01
-1.095181086215144817e-01 5.928744081965242607e-01 2.000450650225857174e+01
-1.105381866617931030e-01 5.952509449256131457e-01 2.010691353536206094e+01
-1.115266219013047733e-01 5.975953253679355814e-01 2.020145192408347512e+01
-1.125240948736338786e-01 5.999553007710046737e-01 2.033501682651206366e+01
-1.134813542181469792e-01 6.023509823783002037e-01 2.044141626768988473e+01
-1.144807965401434258e-01 6.047336264653456750e-01 2.050444406779813988e+01
-1.155182542959863057e-01 6.071247285075319633e-01 2.058911761885048364e+01
-1.165829420472850597e-01 6.095154903855801720e-01 2.067827682473451034e+01
-1.176230993039336647e-01 6.119105465721825787e-01 2.076045003820001966e+01
-1.187301831570827110e-01 6.142528562609091969e-01 2.082089142553950367e+01
-1.197829705594052885e-01 6.164955941001291073e-01 2.086741189632228455e+01
-1.208147095586595554e-01 6.187125371249300176e-01 2.091318858457292862e+01
-1.218075820286497468e-01 6.209596507793894160e-01 2.099460598111448917e+01
-1.228124769332360061e-01 6.231942195881582380e-01 2.105451930112264591e+01
-1.238349089122246366e-01 6.254604057703522235e-01 2.109042559462086786e+01
-1.248373039271031132e-01 6.276849870629479522e-01 2.113989165545156723e+01
-1.258235706415021249e-01 6.298730791881322899e-01 2.115583234620639530e+01
-1.268662038176809337e-01 6.320570331419477217e-01 2.125747138427095351e+01
-1.279327123320290749e-01 6.342718511481021393e-01 2.135830449769915518e+01
-1.289963625947596060e-01 6.364869251796878569e-01 2.147049286887130748e+01
-1.300644646784193115e-01 6.387028240314376326e-01 2.155417315499277464e+01
-1.311317762499335793e-01 6.409841678567490542e-01 2.161552960659455991e+01
-1.321798113934288532e-01 6.432345321611457889e-01 2.166998500526806026e+01
-1.332378491047474522e-01 6.454855041944143057e-01 2.170080524695564606e+01
-1.343475393740863610e-01 6.477562541302269716e-01 2.174805344747089819e+01
-1.354845959485042051e-01 6.500332825328885011e-01 2.184176458196193593e+01
-1.365758293673392243e-01 6.523343000347960885e-01 2.192850265735769355e+01
-1.376703071026854630e-01 6.546194243415293101e-01 2.199204532979021565e+01
-1.387637431022996914e-01 6.568917407894570015e-01 2.206879735767363115e+01
-1.398118769774485681e-01 6.591907689737895870e-01 2.212650212177204878e+01
-1.408399251903725280e-01 6.615359447544441052e-01 2.218868744599836162e+01
-1.418466216915275635e-01 6.638194833123435279e-01 2.227027881631502737e+01
-1.428854967000862120e-01 6.661012184891069721e-01 2.238264719151411342e+01
-1.440163581515889468e-01 6.683530663990139287e-01 2.245845054808662411e+01
-1.451127068471120551e-01 6.706356383862204229e-01 2.250779349145048158e+01
-1.461634605748767524e-01 6.729366759861354907e-01 2.258717145194155762e+01
-1.472724637127927616e-01 6.752282122899264660e-01 2.264791785935610235e+01
-1.483566991618588127e-01 6.775294077496001321e-01 2.270463298520353845e+01
-1.494015781538143295e-01 6.797537924428251888e-01 2.275754774243199918e+01
-1.504644233302943335e-01 6.819632014779888340e-01 2.284942300967747286e+01
-1.515182772837253833e-01 6.841589256510065553e-01 2.289148955682333053e+01
-1.525548786825683956e-01 6.863161823269340323e-01 2.295669021707818658e+01
-1.536438140395744445e-01 6.884747582967399859e-01 2.309970931887603385e+01
-1.547170306459160205e-01 6.906221582065165121e-01 2.321121528197746997e+01
-1.557966258778405166e-01 6.927377382062851474e-01 2.332209992462648529e+01
-1.568549971344894434e-01 6.948274490616304089e-01 2.342860752780051214e+01
-1.579498161792948496e-01 6.969364351496570853e-01 2.347217565756995228e+01
-1.590809031190836831e-01 6.990546047514110128e-01 2.358046078711374349e+01
-1.603264618545089115e-01 7.011439304564830444e-01 2.371575300108436579e+01
-1.615537688292411345e-01 7.032071117022811180e-01 2.380892454107602774e+01
-1.627729776435496434e-01 7.052325664552190343e-01 2.391769153909922707e+01
-1.640085293283256584e-01 7.072823888784013358e-01 2.402381685847894133e+01
-1.652575940555537082e-01 7.093379619646877909e-01 2.414258787858217659e+01
-1.665468914809925538e-01 7.113994453416730979e-01 2.422688366712779029e+01
-1.677819140464984204e-01 7.135188732328885397e-01 2.436900130950150967e+01
-1.690164765347601794e-01 7.156669427358001156e-01 2.444099794182692520e+01
-1.702354804666856569e-01 7.178439200047520563e-01 2.453992499651857528e+01
-1.714523477727895318e-01 7.200278229049000833e-01 2.461575077771064102e+01
-1.726879803468846786e-01 7.222449609353895905e-01 2.466258980495119246e+01
-1.739219864875180266e-01 7.244282883169267384e-01 2.469155991325268928e+01
-1.751680583849620776e-01 7.266184303728564498e-01 2.469702263878766146e+01
-1.764018112906039770e-01 7.288150961714245923e-01 2.470923215753389712e+01
-1.775946087328214296e-01 7.310334410753720480e-01 2.475241375193670024e+01
-1.788026665881917165e-01 7.332500322136388249e-01 2.479170232634567128e+01
-1.800044649802051699e-01 7.354775375988519270e-01 2.477894453471346026e+01
-1.812650290132076514e-01 7.377219279134924479e-01 2.478648824294414155e+01
-1.824549644840834095e-01 7.399965657002803843e-01 2.486161399414920581e+01
-1.836367792682666034e-01 7.422586015788723568e-01 2.491450491145020862e+01
-1.848038255421671217e-01 7.444651435061387934e-01 2.498127156889796652e+01
-1.859898759778315924e-01 7.467032558973328848e-01 2.502459884788151356e+01
-1.871998364922005387e-01 7.489624375718119120e-01 2.505910531586436107e+01
-1.884297622601387445e-01 7.512492221526220204e-01 2.510211053359770261e+01
-1.896551251292200591e-01 7.535539604656660284e-01 2.522772232544647508e+01
-1.908371593597639193e-01 7.558504796406712023e-01 2.535101668693136290e+01
-1.920348861970128940e-01 7.580763571403261736e-01 2.543386282220264505e+01
-1.932615920830040857e-01 7.603284585452277922e-01 2.550177742658130597e+01
-1.945102297973859695e-01 7.626360803878453609e-01 2.552940397062019784e+01
-1.958341041222838863e-01 7.649075598826525768e-01 2.556113366268094822e+01
-1.971660426257831333e-01 7.671599653243709183e-01 2.557250682397716446e+01
-1.984771073619101822e-01 7.693712346239699462e-01 2.563133424650491321e+01
-1.997875425108321112e-01 7.716082097881030721e-01 2.569430822155348793e+01
-2.010770316753316689e-01 7.738497331778855237e-01 2.578736481482766152e+01
-2.023453914492835126e-01 7.760529261760759079e-01 2.589217023933638018e+01
-2.036645936795390965e-01 7.782492731296420940e-01 2.600935240072672983e+01
-2.049487505518246544e-01 7.804801286612829125e-01 2.612712024394708266e+01
-2.063001924147576382e-01 7.827055740394976979e-01 2.623973899078682948e+01
-2.076658723596904177e-01 7.849408143990626030e-01 2.636006597430202802e+01
-2.090060010727537443e-01 7.871942841038722660e-01 2.643201227101985040e+01
-2.104265867881998930e-01 7.894047473176529772e-01 2.650915949605069599e+01
-2.118086197816772542e-01 7.915685999999524380e-01 2.655103515671287440e+01
-2.131662024128785915e-01 7.937457845441808768e-01 2.665721851501690054e+01
-2.145357539224414245e-01 7.959511525580439395e-01 2.684282482072227083e+01
-2.159387930482994100e-01 7.981611462348625619e-01 2.699557793850905796e+01
-2.172928852646916764e-01 8.003319242013696710e-01 2.712435182624018992e+01
-2.186426784906814469e-01 8.025160556649374444e-01 2.718366766107214261e+01
-2.199752743475467121e-01 8.046597834908354452e-01 2.718237177822618378e+01
-2.213970025601372238e-01 8.067783454768033824e-01 2.727179549357677857e+01
-2.227888247591243709e-01 8.089283753921698850e-01 2.742411987289743180e+01
-2.241807595702062506e-01 8.110942665050405731e-01 2.755163305251832284e+01
-2.255622806660888824e-01 8.132369786911374243e-01 2.763757887840528937e+01
-2.269285524418515332e-01 8.153269008690682274e-01 2.770129609078284361e+01
-2.283331057453777679e-01 8.174106562716473290e-01 2.779029061514474819e+01
-2.297559021029976778e-01 8.195000864256990480e-01 2.790374382268019815e+01
-2.312023055265163829e-01 8.216142741283998241e-01 2.809099932296262025e+01
-2.325799289852082674e-01 8.237538582670407283e-01 2.819745547268504282e+01
-2.339897680541350444e-01 8.258495104394928399e-01 2.831587229580179610e+01
-2.353089920162441950e-01 8.279087616336060496e-01 2.842245442455483584e+01
-2.366401197670280065e-01 8.300066862346570096e-01 2.847061327695574562e+01
-2.380122285487836220e-01 8.320769248647142957e-01 2.856673688980319881e+01
-2.395051596276911443e-01 8.341157529002942717e-01 2.867392032039877492e+01
-2.409888973841257387e-01 8.361882487413040410e-01 2.877497239157239406e+01
-2.424385988090543564e-01 8.382909318147065969e-01 2.881098500443475174e+01
-2.438195066264533251e-01 8.404178420565304730e-01 2.887620017801994265e+01
-2.451702053221549715e-01 8.426179149701853444e-01 2.896467768444251689e+01
-2.464936361532971965e-01 8.447433620112267949e-01 2.906947447100033344e+01
-2.479248423859381489e-01 8.468594470099114480e-01 2.910098971939988033e+01
-2.494261604976329982e-01 8.489697805889108162e-01 2.920299275599412425e+01
-2.509087440746589071e-01 8.510348731328607474e-01 2.927537830905170324e+01
-2.523828414853381830e-01 8.530823158319098543e-01 2.934625827164452971e+01
-2.538588502305572647e-01 8.551286268239868260e-01 2.940720069064979114e+01
-2.553540280063807955e-01 8.572382898926207417e-01 2.945703251522544974e+01
-2.568667768762684100e-01 8.593518808320824709e-01 2.954875065556548464e+01
-2.583803060229302728e-01 8.614524440757257429e-01 2.963781923493921866e+01
-2.598786768722397555e-01 8.636220982931455126e-01 2.974123867370533958e+01
-2.613087179031323148e-01 8.657974375205769180e-01 2.983708879879957721e+01
-2.627513707724968839e-01 8.679525265142659096e-01 2.989765682715140116e+01
-2.641673978970820458e-01 8.699944867759799028e-01 2.992466465378290152e+01
-2.657125866227839084e-01 8.719744941772087365e-01 3.000329081870398440e+01
-2.672433288600252199e-01 8.739555118569179992e-01 3.011470221341178544e+01
-2.687915021099969715e-01 8.760223519702076134e-01 3.021734171587843321e+01
-2.703207234897682110e-01 8.781043724189845356e-01 3.030633099224552041e+01
-2.717873717334129413e-01 8.801991564616339359e-01 3.042759793409815217e+01
-2.732457037169586100e-01 8.823267844013050754e-01 3.053500457936329937e+01
-2.747943891758614643e-01 8.844425434508713657e-01 3.060780866622978635e+01
-2.764197318267987979e-01 8.865844313430921719e-01 3.065802731215244492e+01
-2.780730068730482007e-01 8.886861601749898032e-01 3.069840872378701135e+01
-2.797040922605938951e-01 8.907690769034379841e-01 3.077203177215617202e+01
-2.812885043018779063e-01 8.927481036126153624e-01 3.085221309430394143e+01
-2.828463379521665155e-01 8.946883820143535226e-01 3.096386007872631296e+01
-2.843926188003321753e-01 8.966357460654805767e-01 3.111816428222528685e+01
-2.859609074319269806e-01 8.986079613497153229e-01 3.131986844051249719e+01
-2.875380136164220612e-01 9.006347891389937521e-01 3.143813981520717959e+01
-2.891303219261304180e-01 9.026867817828637675e-01 3.152981360871386229e+01
-2.907424750765887911e-01 9.047901614140759774e-01 3.164939817479333684e+01
-2.923690850069901592e-01 9.068821469015819758e-01 3.176289594817681561e+01
-2.938657577361071804e-01 9.090267666630673649e-01 3.186466655262206871e+01
-2.953703342877483928e-01 9.111311886184668696e-01 3.200214266633111038e+01
-2.968855503995702638e-01 9.132644008565726779e-01 3.202742972115263598e+01
-2.984302380218186168e-01 9.153567777443575304e-01 3.208476034821082123e+01
-2.999503235010688718e-01 9.174289100503444372e-01 3.219285874982725204e+01
-3.014655563222191637e-01 9.195226988865905504e-01 3.227938059419928152e+01
-3.029899938191041864e-01 9.215812642145920774e-01 3.238119691207903372e+01
-3.046289402262875035e-01 9.236214516267629016e-01 3.252261249874563731e+01
-3.063346138998054857e-01 9.256879726131957975e-01 3.264829285774538903e+01
-3.080411903626845138e-01 9.277005509616500500e-01 3.274090882549823789e+01
-3.096758031401916078e-01 9.297517936677637262e-01 3.284241327735652050e+01
-3.113448858814318321e-01 9.318074736135407710e-01 3.302697558181078108e+01
-3.130324518065794037e-01 9.338593846542156962e-01 3.317173612368629421e+01
-3.147169081921620259e-01 9.359215988734418401e-01 3.331949444901620438e+01
-3.163446326189906510e-01 9.380185694631856252e-01 3.348964394700190184e+01
-3.180434243628417201e-01 9.400739562185360665e-01 3.362036649935178190e+01
-3.197062881082823882e-01 9.420923607185524018e-01 3.371143736163949711e+01
-3.213642631940042405e-01 9.440909428237713730e-01 3.372919603264782040e+01
-3.230174810736328173e-01 9.459697933732437169e-01 3.376301138607995966e+01
-3.247941380113987253e-01 9.478159520050302156e-01 3.390639278620814423e+01
-3.266108490376548046e-01 9.496855339508982752e-01 3.399158105255690288e+01
-3.283974946386271077e-01 9.515257097047127299e-01 3.403566487354542147e+01
-3.301884145925088054e-01 9.533485472873676203e-01 3.413408872184540144e+01
-3.320072682807491127e-01 9.552399242921381095e-01 3.422057817054969320e+01
-3.337370461395350874e-01 9.571215621377042737e-01 3.431882628960542547e+01
-3.355095568348236412e-01 9.589835092899015034e-01 3.449412515613057195e+01
-3.372695329572573120e-01 9.609158991043689202e-01 3.460144924773939579e+01
-3.390506683010957034e-01 9.628414218691079274e-01 3.469492668478321207e+01
-3.409016443365296967e-01 9.647720951907686748e-01 3.479266753028070980e+01
-3.427424068950302716e-01 9.667078323364661774e-01 3.496289672861628617e+01
-3.445370063211511957e-01 9.686539262085924751e-01 3.507811793755313801e+01
-3.463132873226323349e-01 9.706203762730858386e-01 3.521959470395183445e+01
-3.480782739194923647e-01 9.726070523526442191e-01 3.539378750934850615e+01
-3.498702774325402887e-01 9.745852819755191909e-01 3.557181406847217886e+01
-3.516451401579119840e-01 9.765781291734780822e-01 3.574833356471746981e+01
-3.534387161676005862e-01 9.785244314411660760e-01 3.586130425188647308e+01
-3.551607862710893793e-01 9.804667391617547523e-01 3.596666219025989619e+01
-3.569207242553857351e-01 9.824143665723603647e-01 3.613231260027053793e+01
-3.587985761637628168e-01 9.843562323342903708e-01 3.624496272993084744e+01
-3.606966085058310734e-01 9.863571515879000495e-01 3.630654054770840133e+01
-3.626233806302728846e-01 9.883306169436457678e-01 3.638175502982008425e+01
-3.645507976599619004e-01 9.903062535829978419e-01 3.639983019093125449e+01
-3.664751233486129300e-01 9.921821235938775851e-01 3.636697174234989660e+01
-3.682797078397314627e-01 9.941046520482518245e-01 3.652695002623374165e+01
-3.700879601338831759e-01 9.960513222831480773e-01 3.669250643012910018e+01
-3.718767382744919137e-01 9.979918613088758494e-01 3.677401782114235829e+01
-3.736890764754735583e-01 9.999294531613267534e-01 3.682570752100431832e+01
-3.754933911549467873e-01 1.001756861076538163e+00 3.684228229249043807e+01
-3.772767089253326600e-01 1.003640595574896599e+00 3.694302577323860959e+01
-3.791065294499841309e-01 1.005522007158224485e+00 3.709323034579222877e+01
-3.810065664759494930e-01 1.007376413996025066e+00 3.729412621542655160e+01
-3.828821979796348529e-01 1.009234361475810138e+00 3.736512362670549692e+01
-3.847393241141166542e-01 1.011043544508526404e+00 3.746770610643993393e+01
-3.865300143615683637e-01 1.012854699745276088e+00 3.758568728467503206e+01
-3.882936052108438840e-01 1.014666901011201494e+00 3.768240291601600944e+01
-3.901067115798539375e-01 1.016497252598370205e+00 3.779767207961691611e+01
-3.920425380612331812e-01 1.018295449478336057e+00 3.793465939884151084e+01
-3.940215633970537978e-01 1.020072555383080726e+00 3.807249626863511338e+01
-3.960035820250535354e-01 1.021851587801428263e+00 3.816076453939534474e+01
-3.979851384338362608e-01 1.023665613935983432e+00 3.823254642571907880e+01
-3.998910653630251555e-01 1.025504897224439382e+00 3.835666773934098472e+01
-4.017787052475459419e-01 1.027436905623980934e+00 3.836370805051969057e+01
-4.036802280883442506e-01 1.029393754753145540e+00 3.852624231177577485e+01
-4.055366786162884485e-01 1.031397931127973955e+00 3.871301876781338791e+01
-4.074002692514413493e-01 1.033424079339045454e+00 3.890320277417276884e+01
-4.092554511958527708e-01 1.035432614446909261e+00 3.902116010759518616e+01
-4.111664170699683707e-01 1.037411383685278521e+00 3.909589688491007564e+01
-4.131070189346435217e-01 1.039403656037808155e+00 3.910163428026672250e+01
-4.150688984902308198e-01 1.041369172930296072e+00 3.924777789092378555e+01
-4.170458683324011484e-01 1.043288392396460873e+00 3.937207019214054782e+01
-4.190178545441083369e-01 1.045179733180467974e+00 3.948930595236789998e+01
-4.210108990908028037e-01 1.047065047089508205e+00 3.965837408481965554e+01
-4.229831822618638770e-01 1.048919157867284291e+00 3.971064559947140538e+01
-4.249266794547712500e-01 1.050791188131784626e+00 3.984323348046262936e+01
-4.269199673214419399e-01 1.052647125585153054e+00 3.999660574740789798e+01
-4.289198497006258548e-01 1.054519910515079539e+00 4.014438686953091207e+01
-4.309747613400256028e-01 1.056370458605222273e+00 4.025937130461115743e+01
-4.329840593377879965e-01 1.058250884788270119e+00 4.044869826793610201e+01
-4.349849083054294629e-01 1.060127260532846449e+00 4.058299138984579457e+01
-4.369965562848380780e-01 1.062003543507993975e+00 4.075966263849161209e+01
-4.390091397880164781e-01 1.063854138341912003e+00 4.086542818029693080e+01
-4.409948559374557986e-01 1.065704637457807413e+00 4.113508210969659729e+01
-4.429675989989577123e-01 1.067580305266001561e+00 4.131480341338260587e+01
-4.449535897279259800e-01 1.069451281472363791e+00 4.144608581740141773e+01
-4.469302133313728387e-01 1.071209341964922235e+00 4.148212169177311637e+01
-4.489172245102873715e-01 1.073005118089607857e+00 4.145801490280334889e+01
-4.509354529568595504e-01 1.074786861378104863e+00 4.162634511313022756e+01
-4.529944346204203831e-01 1.076586788836379371e+00 4.183433137650016675e+01
-4.550994956595663665e-01 1.078370662380879086e+00 4.200616447821169430e+01
-4.571845499301784299e-01 1.080161391486552880e+00 4.203837652758799237e+01
-4.592604928326702862e-01 1.081939944538395482e+00 4.203387463508062183e+01
-4.613246668924264049e-01 1.083669846320599151e+00 4.200256082257950396e+01
-4.633735756441154652e-01 1.085386446545782979e+00 4.218006273392938965e+01
-4.654162145667443684e-01 1.087157110048915243e+00 4.237728834819712631e+01
-4.674155701035150878e-01 1.088965125926821820e+00 4.257788001288410840e+01
-4.693829411086983261e-01 1.090705343245070846e+00 4.256639890406621163e+01
-4.713404708661545484e-01 1.092462855972281099e+00 4.256108419142451993e+01
-4.732879839986059434e-01 1.094164151831633625e+00 4.251449686236971104e+01
-4.752967638326555111e-01 1.095852754833360310e+00 4.259077033024212255e+01
-4.772909425097627278e-01 1.097570269654213337e+00 4.264294217036361090e+01
-4.792790592969616847e-01 1.099363348617172331e+00 4.261055895064119170e+01
-4.812402534381945429e-01 1.101107816902364922e+00 4.260609862019104810e+01
-4.832056320012082518e-01 1.102885624222933458e+00 4.265435269208305158e+01
-4.852138945436250683e-01 1.104672906437238034e+00 4.279625237611282529e+01
-4.872004998727217373e-01 1.106465573704892069e+00 4.294797802153700417e+01
-4.892516978638432601e-01 1.108270301293313054e+00 4.315585344485774755e+01
-4.913355823081874685e-01 1.110050665015386073e+00 4.329668082099689030e+01
-4.934409111433052941e-01 1.111794749912315083e+00 4.330251975245268881e+01
-4.955578485138436573e-01 1.113496935173305946e+00 4.326822423723223920e+01
-4.976691616998395462e-01 1.115205776293505702e+00 4.324831617746666979e+01
-4.997269446658921255e-01 1.116959408753885885e+00 4.341336450136713410e+01
-5.018019607695700657e-01 1.118677106094519758e+00 4.361551853255774347e+01
-5.038905756302611838e-01 1.120417256225657354e+00 4.382982805686027916e+01
-5.060113674215229729e-01 1.122198643358057302e+00 4.404593465645250205e+01
-5.081405323486404280e-01 1.123927731935535190e+00 4.404210599869199427e+01
-5.102781292104446864e-01 1.125645029923918239e+00 4.404107077974088469e+01
-5.123576020210357518e-01 1.127363168821880368e+00 4.417867630736036233e+01
-5.144668862455659131e-01 1.129086891433794593e+00 4.439812152477560403e+01
-5.166017646342002667e-01 1.130820113855011355e+00 4.438097630741183508e+01
-5.187466109641664103e-01 1.132542739006431542e+00 4.432009222645839230e+01
-5.209296767546790496e-01 1.134221232951081015e+00 4.452848433899449532e+01
-5.230858450088318179e-01 1.135923728992014103e+00 4.474953361979502375e+01
-5.251914120254007612e-01 1.137646596900507401e+00 4.497065655918817839e+01
-5.273527909336851449e-01 1.139412947642990170e+00 4.520355765442948837e+01
-5.295215733486251519e-01 1.141191381230453716e+00 4.541980206209755977e+01
-5.317236051153281240e-01 1.142951932003474447e+00 4.560628784082157239e+01
-5.339424495155932204e-01 1.144716665545095546e+00 4.582150810860689205e+01
-5.361715467444643224e-01 1.146401349147637028e+00 4.585057021458211324e+01
-5.384107303920693255e-01 1.148023628843279909e+00 4.585332721165542580e+01
-5.405658270661956033e-01 1.149676652414543199e+00 4.604553079118065284e+01
-5.427143551319856263e-01 1.151350700450402886e+00 4.625564238614335011e+01
-5.449251266361759827e-01 1.153008541535840870e+00 4.643749728689942913e+01
-5.471137174158239302e-01 1.154657533321500784e+00 4.670023833297300087e+01
-5.492959446527485579e-01 1.156345108039811942e+00 4.695159203324271857e+01
-5.514776474869363954e-01 1.158033376591869779e+00 4.718913104699543482e+01
-5.537215856746154907e-01 1.159725786422102001e+00 4.740166257613957868e+01
-5.559967893334449851e-01 1.161380662231845884e+00 4.766233209886888744e+01
-5.582719343857845962e-01 1.163063983988568584e+00 4.776607705223270983e+01
-5.605770337670078485e-01 1.164669772929737057e+00 4.780663393919665083e+01
-5.628842526118663647e-01 1.166299722441391573e+00 4.800083241575767801e+01
-5.651469404601476842e-01 1.167898470112278320e+00 4.823742516201193098e+01
-5.674165352160744913e-01 1.169514131219279163e+00 4.847997741935738247e+01
-5.696545643638415424e-01 1.171152021179996838e+00 4.872241403668767390e+01
-5.718992629907373448e-01 1.172763311006203457e+00 4.875159375064157530e+01
-5.741782900376386500e-01 1.174339270392507073e+00 4.898596270069178615e+01
-5.764461827268944072e-01 1.175936699373675287e+00 4.913708955999803862e+01
-5.787660682218020991e-01 1.177530582354467725e+00 4.938492193691973142e+01
-5.810971756480031170e-01 1.179138808479935241e+00 4.960269673014852998e+01
-5.834622510343177026e-01 1.180722532020516136e+00 4.971963977520578482e+01
-5.857790169842426176e-01 1.182300224604408756e+00 4.993737780467075282e+01
-5.880920152554063307e-01 1.183888105334578444e+00 5.016583011570494932e+01
-5.904299953703816550e-01 1.185406379110072628e+00 5.018130105408079089e+01
-5.927499364308743690e-01 1.186927189482146483e+00 5.018441088515184134e+01
-5.950033127440712555e-01 1.188459398373724385e+00 5.037303068809188034e+01
-5.973271195742004824e-01 1.189997654161482510e+00 5.056708258049705051e+01
-5.996524427081051378e-01 1.191533447838780457e+00 5.061243320156135184e+01
-6.020028264664338824e-01 1.193012444019393214e+00 5.063798648954286818e+01
-6.043198287794044887e-01 1.194530574271867929e+00 5.062800447309768970e+01
-6.066005833844551054e-01 1.196101432104050177e+00 5.058123578296761025e+01
-6.089020246280786308e-01 1.197689531840558930e+00 5.075418427623468887e+01
-6.111997164641589375e-01 1.199302414046301113e+00 5.095556851901285711e+01
-6.135452629419204662e-01 1.200870859832433357e+00 5.107724765109893639e+01
-6.158849980054652562e-01 1.202388973466052446e+00 5.108275046932276098e+01
-6.181841623562180921e-01 1.203949441511998675e+00 5.106774875951145276e+01
-6.204914904832523614e-01 1.205496054550671658e+00 5.115013046924212148e+01
-6.226796416884732288e-01 1.207059393695753879e+00 5.134666676833510479e+01
-6.249325045082924079e-01 1.208595994758444592e+00 5.150355175679962372e+01
-6.273157290589875812e-01 1.210031276691016622e+00 5.159633046282112900e+01
-6.297079254777672164e-01 1.211450693236652887e+00 5.155342071220897537e+01
-6.320878075604693391e-01 1.212899966383116368e+00 5.158607626653679290e+01
-6.344945090697627910e-01 1.214383449049072361e+00 5.162405826832458189e+01
-6.368642195471916345e-01 1.215868966904012805e+00 5.177890047310935273e+01
-6.392087486225127568e-01 1.217424042670851581e+00 5.198250856166154676e+01
-6.415656814035906041e-01 1.218945359617624735e+00 5.200497583687403846e+01
-6.439529139989670359e-01 1.220392906629492735e+00 5.203505550098625321e+01
-6.462881297635985067e-01 1.221838707968193383e+00 5.218842273517476116e+01
-6.486765812625074901e-01 1.223290304374798243e+00 5.242597938521499401e+01
-6.510978345991610405e-01 1.224730233543428692e+00 5.259384043160091693e+01
-6.535072119172145033e-01 1.226186973327678897e+00 5.275846706351617854e+01
-6.558786079873356600e-01 1.227594758572255307e+00 5.289193106834349578e+01
-6.581752858438878473e-01 1.229006195691773495e+00 5.305868002273891193e+01
-6.605171758935755033e-01 1.230392697826506954e+00 5.331712586046232616e+01
-6.628277365425364609e-01 1.231900464612864399e+00 5.338774616337433798e+01
-6.651438379592192751e-01 1.233409029813046676e+00 5.355109484376195184e+01
-6.673970220042748647e-01 1.234910657169679959e+00 5.378129050033226832e+01
-6.697294392373646099e-01 1.236430563100766378e+00 5.406563178269287562e+01
-6.721037503562072857e-01 1.237821046382476142e+00 5.413320425499890121e+01
-6.744467813211563190e-01 1.239235483536157645e+00 5.410723777561900505e+01
-6.767884701187030227e-01 1.240628426261375816e+00 5.411297724766016159e+01
-6.790864170203205763e-01 1.242007053084437151e+00 5.421757639542581586e+01
-6.814555408547539050e-01 1.243414079668654360e+00 5.445828179888675891e+01
-6.837992154476850715e-01 1.244885772471541641e+00 5.454442789569212380e+01
-6.861542895262900954e-01 1.246316198898883343e+00 5.457677754522551083e+01
-6.885522040781788533e-01 1.247750106626237088e+00 5.472980821395287165e+01
-6.910039336984521441e-01 1.249215588975114644e+00 5.485002442297798808e+01
-6.934210665145555952e-01 1.250666405636479794e+00 5.494537843785452935e+01
-6.958748663841226589e-01 1.252038694325259938e+00 5.501923215371910914e+01
-6.983039489682209000e-01 1.253382659881980388e+00 5.509060197907258072e+01
-7.007597868671912034e-01 1.254748059677514682e+00 5.519164169086428728e+01
-7.032712690453912785e-01 1.256084543183208391e+00 5.527474136516173786e+01
-7.056711721760841050e-01 1.257425852069352201e+00 5.538039151725412523e+01
-7.080834393617435607e-01 1.258773388357982359e+00 5.550916510256438130e+01
-7.105317944948377207e-01 1.260131710176939812e+00 5.566690263683290851e+01
-7.129631188880692916e-01 1.261493909122939128e+00 5.571063836839837791e+01
-7.153894619863934157e-01 1.262840343829144230e+00 5.563731253661327258e+01
-7.177818724100021308e-01 1.264253339671379761e+00 5.559417108653870088e+01
-7.201611414596684746e-01 1.265636929454218906e+00 5.553815809968916994e+01
