5.933563093680599941e-04 9.087053404069027470e-04 -5.020088722669385946e-03
5.835582563591166323e-04 1.725407214672727710e-03 -1.669359736045880616e-02
5.887794892331147355e-04 2.759621586579493607e-03 -3.251738324709547989e-02
5.882214972527446137e-04 4.147157127817346391e-03 -3.405884634614855799e-02
6.373764986755876306e-04 5.594789309544143108e-03 -4.711297083592280721e-02
6.906575287122854439e-04 7.070807768877938881e-03 -6.272488059506430014e-02
6.979804626316829172e-04 8.607430876077678400e-03 -7.865537591127924610e-02
6.829071433963215766e-04 1.018700731585729310e-02 -1.006509959851456110e-01
6.961470202962766370e-04 1.187716060713949265e-02 -1.264034680449746262e-01
7.199970778018122998e-04 1.367124397803737984e-02 -1.423818487538571764e-01
7.578480267959969386e-04 1.554883114247924969e-02 -1.555225387907399337e-01
8.145922883872024067e-04 1.751079672401547813e-02 -1.662033178330466210e-01
8.653132356374967525e-04 1.958471255127112315e-02 -1.723544638286957920e-01
8.979635376526130721e-04 2.170854677143246175e-02 -1.790237265180946447e-01
9.290205787446291713e-04 2.389940324322653228e-02 -1.850796181616114200e-01
9.792375184902737083e-04 2.609156359854020168e-02 -1.910252057600773656e-01
1.010438164297658816e-03 2.833139138499229590e-02 -1.961243822871055476e-01
1.046261216551734380e-03 3.065139366390485370e-02 -2.003505050924618835e-01
1.101667519584974839e-03 3.303634983689549692e-02 -2.164414224642084716e-01
1.156721501503794533e-03 3.539491268545453401e-02 -2.282940181783541800e-01
1.195622060590988307e-03 3.780744595291618548e-02 -2.328258563063966557e-01
1.224284527120930851e-03 4.025680737857507963e-02 -2.373088034524897527e-01
1.272325537382509083e-03 4.269748562132902325e-02 -2.402264231855870402e-01
1.326999312622067703e-03 4.511058376969084155e-02 -2.432447988908222059e-01
1.398361643481263374e-03 4.751414917944463828e-02 -2.454143632456219914e-01
1.475406008669210818e-03 4.991517065451355623e-02 -2.480581211604726000e-01
1.600205284661713849e-03 5.234897494588790917e-02 -2.568417181072253364e-01
1.710387697281901334e-03 5.482776182458563852e-02 -2.621013999863749389e-01
1.831096155847996773e-03 5.732782479131492970e-02 -2.645824834953631743e-01
1.977536152567269372e-03 5.983991343674867347e-02 -2.656589360594202032e-01
2.145881055941139832e-03 6.238956781584831940e-02 -2.645513759411455279e-01
2.309798284100625897e-03 6.493330620246433316e-02 -2.639617817753254769e-01
2.475606171587895355e-03 6.748802418410509985e-02 -2.617870932139933493e-01
2.672612404236363558e-03 7.002674817485704528e-02 -2.613440770532682866e-01
2.842313033697706041e-03 7.261694452263045552e-02 -2.603380490786275647e-01
3.002849702157070044e-03 7.523658305484071107e-02 -2.570487603849944125e-01
3.167133384938925714e-03 7.786456068176617062e-02 -2.534161712017836132e-01
3.354461191372163330e-03 8.048854853565440282e-02 -2.493513838627102464e-01
3.553314801532960355e-03 8.311357666397038713e-02 -2.515214193826160183e-01
3.778195248909366460e-03 8.573669384288533368e-02 -2.536320001582845762e-01
3.962356994715705849e-03 8.841691327161008140e-02 -2.540527568076191844e-01
4.122622619101532458e-03 9.109549885346612808e-02 -2.539933978837238815e-01
4.273752967473157596e-03 9.376441856969265631e-02 -2.562583523909774397e-01
4.411760912606622898e-03 9.643358515955148536e-02 -2.576477788534343172e-01
4.555797553746986951e-03 9.910716469368263670e-02 -2.563951149499828497e-01
4.733437128737298660e-03 1.017687851874900934e-01 -2.536214027336166632e-01
4.892300445616400151e-03 1.044760499785316599e-01 -2.515995112220006380e-01
5.065245252906544135e-03 1.071782875417756908e-01 -2.496998861928267366e-01
5.195948776870468709e-03 1.099132864446625280e-01 -2.468587828605366963e-01
5.281307067897170367e-03 1.126619677621776838e-01 -2.440225706412390283e-01
5.359119058066482040e-03 1.154541631894478865e-01 -2.397273111832052273e-01
5.400238440261667314e-03 1.182793039547950092e-01 -2.368347305266796932e-01
5.448852043303301605e-03 1.211187506117461926e-01 -2.323315271341579447e-01
5.516042792513542285e-03 1.239849794303658631e-01 -2.274937519742141201e-01
5.589876520060923712e-03 1.268261193268888087e-01 -2.237748114550922873e-01
5.652242130747754667e-03 1.296595098576603378e-01 -2.194786543126488465e-01
5.713304868274681966e-03 1.325224296791504552e-01 -2.157702547272436489e-01
5.773847928555256477e-03 1.353891933724352403e-01 -2.106477315308852571e-01
5.837343080764426442e-03 1.382591788635620100e-01 -2.071381825281080891e-01
5.852530620106121718e-03 1.411190620606828372e-01 -2.053040930382150353e-01
5.905454627245211585e-03 1.439685237035701615e-01 -2.030563234727518762e-01
5.942900921753755013e-03 1.468634487873561045e-01 -2.017628348916427339e-01
6.018049205578833612e-03 1.497464551655800225e-01 -2.000490250710944273e-01
6.083361753189507962e-03 1.526850460882351879e-01 -1.985210317251850931e-01
6.157192214303401114e-03 1.556355044764989870e-01 -1.970994269012679989e-01
6.217307320758664463e-03 1.585545832749670758e-01 -1.954117020598239163e-01
6.257401622864713041e-03 1.614665084190568256e-01 -1.973304576402576949e-01
6.308104426936983304e-03 1.643753123996717636e-01 -1.974066803639886736e-01
6.394837709357842868e-03 1.673274701742896164e-01 -1.959216672824241334e-01
6.473589558034357518e-03 1.702884852540141325e-01 -1.951112053801907775e-01
6.504781723596293405e-03 1.732096992054086015e-01 -1.936903874780955270e-01
6.540391111475679815e-03 1.761364391730468049e-01 -1.927934186079298950e-01
6.614377050178687871e-03 1.791005996323919991e-01 -1.921095326856151198e-01
6.686131000283237515e-03 1.820238364700519640e-01 -1.938692857235209122e-01
6.755538738424460635e-03 1.849024175474016374e-01 -1.961562082888052283e-01
6.835753763749487233e-03 1.877753378336641521e-01 -1.943650263230554120e-01
6.867474535395243912e-03 1.906969600334286474e-01 -1.937325559671535247e-01
6.912170181153636829e-03 1.935704622784422957e-01 -1.926222354561828720e-01
6.896950518908996283e-03 1.964463401184302904e-01 -1.919186438060107025e-01
6.888060552695512290e-03 1.993175250981441271e-01 -1.907074920477476454e-01
6.809080382909197746e-03 2.021816392278956431e-01 -1.881080393257399397e-01
6.740066439965881721e-03 2.050695631275569475e-01 -1.842789882975308657e-01
6.681425222772071140e-03 2.079243906851491186e-01 -1.823634036617961807e-01
6.612997125478053961e-03 2.107902144746604811e-01 -1.820788414766416341e-01
6.518330536669576965e-03 2.136487403075737479e-01 -1.820358823961395756e-01
6.417801450936511110e-03 2.165138744902539991e-01 -1.825981219705643532e-01
6.348024726243245083e-03 2.193602425196758410e-01 -1.827377556248554746e-01
6.335184668942099410e-03 2.221898051620612990e-01 -1.825080637283237051e-01
6.394970476402805915e-03 2.250045353864651154e-01 -1.839489672331171832e-01
6.475258138339038370e-03 2.278478114074281580e-01 -1.810212523013224051e-01
6.594616221106571613e-03 2.306537470438059512e-01 -1.799543125259443765e-01
6.694518079547291493e-03 2.334647074142648104e-01 -1.798708381217132279e-01
6.791468965416999973e-03 2.362892745502633285e-01 -1.790493551890744994e-01
6.864177909273617290e-03 2.391462452448580023e-01 -1.790406430957239003e-01
6.904351889371701696e-03 2.419939288834410396e-01 -1.791230377665748719e-01
6.975211017128074391e-03 2.448208210179552702e-01 -1.794552600291453026e-01
7.029621440468662198e-03 2.476444746842737243e-01 -1.793876447520530160e-01
7.063603579150191242e-03 2.504835867619633616e-01 -1.790277158036359395e-01
7.134312995265336584e-03 2.533284204328977163e-01 -1.772189006685394586e-01
7.217666027445683065e-03 2.562065962356626092e-01 -1.737198173165384052e-01
7.340363864934904004e-03 2.590712667266757974e-01 -1.688289603044795251e-01
7.397325923793698389e-03 2.619350159742913631e-01 -1.657841235269024993e-01
7.493686299239627271e-03 2.647835732990186930e-01 -1.627130863835395125e-01
7.665171627078985229e-03 2.676223160849068861e-01 -1.613677721381720775e-01
7.804908470270965556e-03 2.704904806504483950e-01 -1.596068447495063436e-01
7.924956413342273964e-03 2.733566712589328151e-01 -1.568741658471444755e-01
8.066943694613033788e-03 2.761969567087994015e-01 -1.522399216712769510e-01
8.213414963294852350e-03 2.790342682148780895e-01 -1.476239588570929240e-01
8.311834022981154022e-03 2.818387999565714064e-01 -1.435383962652429790e-01
8.443952368461118616e-03 2.846288208141161680e-01 -1.393310280991242323e-01
8.576099090127298208e-03 2.874255506116749070e-01 -1.357625030008574318e-01
8.710255744534793274e-03 2.902128177515669316e-01 -1.327232250759679266e-01
8.809039426866727140e-03 2.929754339594768386e-01 -1.279853246532249300e-01
8.863362791939079915e-03 2.957202556267707894e-01 -1.265778672217885703e-01
8.946613470922161471e-03 2.984800224030518256e-01 -1.256359565352146990e-01
9.050742490257879941e-03 3.012596425182996751e-01 -1.223689848277069586e-01
9.148932719942669961e-03 3.040581657476131849e-01 -1.194217411385445904e-01
9.228679208959245789e-03 3.068673310900128515e-01 -1.172518130914898538e-01
9.299254393367791319e-03 3.097234230625218188e-01 -1.152905741295024988e-01
9.355874178634987146e-03 3.125862754755842632e-01 -1.135267237229449638e-01
9.471682106040860485e-03 3.154284368654103887e-01 -1.139895469821916862e-01
9.575167306176147683e-03 3.182568474955931870e-01 -1.157617704963427585e-01
9.662857829114288033e-03 3.210750589608703520e-01 -1.175032135932456839e-01
9.775687488410077924e-03 3.239296014188151607e-01 -1.168258239554707950e-01
9.846567376445769168e-03 3.267626011728563817e-01 -1.167994766327409978e-01
9.929094889338156357e-03 3.295993861553710436e-01 -1.164348180788296189e-01
9.951548108692019959e-03 3.324450034719604319e-01 -1.160655443920905888e-01
1.001097341208911223e-02 3.352768155533584205e-01 -1.160136109476887917e-01
1.006471069878450871e-02 3.381122846799516912e-01 -1.156970730796311464e-01
1.011410356577308739e-02 3.409043557286627890e-01 -1.153982498627108694e-01
1.016674466149350420e-02 3.436964537326968605e-01 -1.146544389429306893e-01
1.020212738286600980e-02 3.465377581979486865e-01 -1.124385812824632708e-01
1.023239087474624512e-02 3.493859698705781835e-01 -1.107266024684423061e-01
1.030032261604557457e-02 3.522639436797620482e-01 -1.096430670506282623e-01
1.037349058815930161e-02 3.551591413018493348e-01 -1.089237053540637323e-01
1.044131619278403610e-02 3.580050699423015237e-01 -1.087583400163261715e-01
1.049000132012026243e-02 3.608270070817694575e-01 -1.078553918681121188e-01
1.051985866744280587e-02 3.636562903943919012e-01 -1.038081034449077483e-01
1.055601429493780753e-02 3.664907589932182019e-01 -1.008198210460191369e-01
1.056523810008416255e-02 3.693550726343297619e-01 -9.937765028015327351e-02
1.058203733109325424e-02 3.721888468846982212e-01 -9.820897989623390834e-02
1.058534167592936094e-02 3.750423202898987562e-01 -9.712073616167571366e-02
1.058507022988762307e-02 3.779270730947554280e-01 -9.644314401269181436e-02
1.063040469479400660e-02 3.807722881250997227e-01 -9.667764639647787039e-02
1.069256850116495801e-02 3.836269712060368930e-01 -9.458588029082824755e-02
1.076569451391443631e-02 3.864426299853633839e-01 -9.367393196253377685e-02
1.082300537547299657e-02 3.892524279235123896e-01 -9.314684723411185974e-02
1.090041822953687067e-02 3.920559529465693083e-01 -9.171741017172581334e-02
1.101908946140967883e-02 3.949068448777060536e-01 -8.843010740885332011e-02
1.114210904933369758e-02 3.977829525411033518e-01 -8.571505261723669222e-02
1.125621104027031173e-02 4.007034239598592507e-01 -8.325741302479371109e-02
1.132027518789668376e-02 4.036003215047489490e-01 -8.045166433894147817e-02
1.133155229863459096e-02 4.064827940922491334e-01 -7.701421308647157793e-02
1.136948829335889671e-02 4.093561716768173153e-01 -7.413050648963426248e-02
1.142209452273411190e-02 4.122535681705390975e-01 -7.029758541655821424e-02
1.146354484423442281e-02 4.151681664746238454e-01 -6.756153579936657882e-02
1.151576190387895715e-02 4.180941497536778684e-01 -6.528908518089669710e-02
1.155635002311542793e-02 4.209983367140768262e-01 -6.383497999262670308e-02
1.159748376829011600e-02 4.239343986378144580e-01 -6.315982269104598867e-02
1.161672041915397767e-02 4.268552878876953338e-01 -6.227237548961712943e-02
1.164056882126882943e-02 4.297968372420608030e-01 -5.994404142525279477e-02
1.164400642175317940e-02 4.327706013581806288e-01 -5.598511298230789135e-02
1.164214892859766551e-02 4.357607935195456084e-01 -5.300652832203998910e-02
1.165017337469389548e-02 4.387121964839323929e-01 -5.036563938163038379e-02
1.164852535833557461e-02 4.417055419545146133e-01 -4.835285681096865990e-02
1.165952590329210302e-02 4.446743837174713665e-01 -4.657907831762893996e-02
1.162740445837774118e-02 4.476008323607891803e-01 -4.504443643985389656e-02
1.160436684728177389e-02 4.505304148729204483e-01 -4.401213092331877214e-02
1.158603325113365980e-02 4.534294941145797786e-01 -4.369847705693242351e-02
1.152858862887233549e-02 4.563090480372202773e-01 -4.582032309706246531e-02
1.147653156378512264e-02 4.591908694797584012e-01 -4.784526553875981247e-02
1.145724704142336153e-02 4.621056036927319033e-01 -4.874514701765054331e-02
1.142147074201142753e-02 4.649721605997036988e-01 -4.956807583100725223e-02
1.142383388999694722e-02 4.678415970491835441e-01 -5.022291577365856075e-02
1.137581449989900732e-02 4.706931724356914759e-01 -5.034007763099680732e-02
1.132706239693921299e-02 4.735975085074962676e-01 -5.058478919634157994e-02
1.120787970014848825e-02 4.764635604323474993e-01 -5.205773693382075018e-02
1.111205796735762787e-02 4.793620895384443359e-01 -5.259115605059527104e-02
1.103200809559806705e-02 4.822879088176577067e-01 -5.247759440558982108e-02
1.095055486797507326e-02 4.851577116264472744e-01 -5.274294891749631981e-02
1.086651512863763026e-02 4.880343158566867734e-01 -5.323434711600374264e-02
1.083081663981034885e-02 4.909133712080618328e-01 -5.397925010518713623e-02
1.075634974530314050e-02 4.937750377905676946e-01 -5.444489590903582588e-02
1.070989704173479391e-02 4.966688519003731872e-01 -5.112856451777419986e-02
1.067624735053236511e-02 4.995720156628203901e-01 -4.864910900707263008e-02
1.064348899101635708e-02 5.024800066057331094e-01 -4.727977215547439493e-02
1.060245135737249503e-02 5.054097925391362045e-01 -4.603678914291467472e-02
1.057662437972453628e-02 5.083749040007637943e-01 -4.474543681703043591e-02
1.050185522554476260e-02 5.113225435875455860e-01 -4.415424826367699701e-02
1.044497929975910476e-02 5.143029302847778039e-01 -4.382156894226951760e-02
1.036360164572436640e-02 5.173188820114194009e-01 -4.384167312627707674e-02
1.028766092824837455e-02 5.203206185460088617e-01 -4.647765177021691979e-02
1.023725673516353955e-02 5.233020883496131148e-01 -4.788033986108222034e-02
1.019884417664981661e-02 5.262316659284547171e-01 -4.876700530624081265e-02
1.015656921811753516e-02 5.291431095219131242e-01 -4.984240089068220358e-02
1.013948589728932981e-02 5.320623658782082099e-01 -4.994442086313691243e-02
1.011498027634214793e-02 5.349744206170838901e-01 -5.078409172904706226e-02
1.009861440673177728e-02 5.378787973425802615e-01 -5.114376900045208840e-02
1.000643253976265384e-02 5.407652361715498124e-01 -4.968046752607178929e-02
9.912331436911633528e-03 5.436524738249637334e-01 -4.933611963212922169e-02
9.844008523288998516e-03 5.465454261446129891e-01 -4.925170932688484327e-02
9.785262649108774843e-03 5.494480553230115527e-01 -4.787617197945687880e-02
9.735905904465788283e-03 5.523677753204722096e-01 -4.660814442628510162e-02
9.679524403922713099e-03 5.553384604647437772e-01 -4.620801797032758618e-02
9.630502445709246406e-03 5.582719073823064759e-01 -4.586686811246368234e-02
9.596216410377000905e-03 5.612554906433658841e-01 -4.527583468521971521e-02
9.536219539043740492e-03 5.642270738456699464e-01 -4.414672539674412144e-02
9.521396504509010636e-03 5.671859872610516273e-01 -4.369704942857810526e-02
9.522251928280678693e-03 5.701040878699151770e-01 -4.240224680008098518e-02
9.528493404752348683e-03 5.730227158387833919e-01 -4.115313661403637718e-02
9.533737858841401236e-03 5.759637164328506032e-01 -4.038892040497416014e-02
9.547538766955123921e-03 5.788633628983835822e-01 -3.935973736028890863e-02
9.557268353475582845e-03 5.817865297695490323e-01 -3.840374471733019185e-02
9.608733355530408443e-03 5.846681106940326833e-01 -3.837118945986037200e-02
9.644939592057574784e-03 5.875712296457077377e-01 -3.818390801051409905e-02
9.684978200631503067e-03 5.904743570485875281e-01 -3.650239587102894340e-02
9.746625577595702250e-03 5.933502325953090573e-01 -3.397401799225729241e-02
9.796097760422494208e-03 5.962500529548738770e-01 -3.204900196895001802e-02
9.849818999650121129e-03 5.991671169251825413e-01 -3.022224635447910701e-02
9.924307575785313792e-03 6.020729132908643200e-01 -2.808912927761339148e-02
1.002589888310705980e-02 6.050355725279642494e-01 -2.534101205979644514e-02
1.013697085473005098e-02 6.080174426199824733e-01 -2.326066556202145350e-02
1.024368123050128747e-02 6.109929937381669562e-01 -2.441881333204102417e-02
1.035795254931613785e-02 6.139730456821108628e-01 -1.562519243824187637e-02
1.046645784367731570e-02 6.169414133695637625e-01 -6.896576438860951667e-03
1.054889360977312972e-02 6.199225919909481242e-01 -9.381342668554009225e-04
1.058539006560380198e-02 6.228536583693524697e-01 3.064845305130315181e-03
1.064028425659533858e-02 6.257633718064889994e-01 6.522347904070626909e-03
1.069830990836564966e-02 6.286685446542716882e-01 9.633796065304480599e-03
1.077078548100938137e-02 6.315592971438649394e-01 1.196639918560368950e-02
1.083447020451733418e-02 6.344665527490438439e-01 1.369915999914649192e-02
1.091755161155428394e-02 6.373594887474406390e-01 1.587012317856130797e-02
1.094783529860607341e-02 6.402451279410216189e-01 1.585568892506018443e-02
1.100537436923203216e-02 6.431212807767492379e-01 1.723632696103225351e-02
1.100875172295144588e-02 6.459958724125661744e-01 1.711833924554719347e-02
1.102975205078839636e-02 6.488597481518683097e-01 1.917337276096890697e-02
1.104425306942677376e-02 6.517325025371297764e-01 2.099820348947226134e-02
1.109857057707434522e-02 6.545966588874067016e-01 2.250333888127994258e-02
1.113219618481182602e-02 6.574854753766610216e-01 1.857136078087411046e-02
1.113662672559435039e-02 6.603670294062710111e-01 1.387700679548285222e-02
1.115338034088127379e-02 6.632408362184556427e-01 1.254053765212545697e-02
1.120448752597104879e-02 6.660903146503641681e-01 1.291413869347611890e-02
1.125689426219985551e-02 6.689230812323532227e-01 1.363683761304438670e-02
1.129532931349244360e-02 6.717925896003464903e-01 1.469101665786114522e-02
1.131209603185226627e-02 6.746546050042901976e-01 1.459845199652611523e-02
1.132445319936437739e-02 6.775063641228546985e-01 1.490796392524976893e-02
1.132311085195634309e-02 6.803546086318476016e-01 1.247740437617753627e-02
1.136034463475599394e-02 6.831696146835374295e-01 1.380619910133426727e-02
1.138331696748751988e-02 6.860075086401073996e-01 1.292101717425463842e-02
1.141966918153140310e-02 6.888437855262105058e-01 1.289413784563927211e-02
1.142945050981684744e-02 6.917110335547802524e-01 1.231272791663587558e-02
1.145522145052211421e-02 6.945536012122927039e-01 1.198973556983429570e-02
1.144162848702057721e-02 6.974088412898585831e-01 1.138536637756420652e-02
1.146483462416924941e-02 7.002519964500459881e-01 1.024248212297130395e-02
1.150994337273356441e-02 7.031186028521129172e-01 1.264105927839905691e-02
1.158997860222879192e-02 7.059555515499639222e-01 1.275257812244325051e-02
1.165335582345823975e-02 7.087996187010977556e-01 1.211034212915941370e-02
1.170463862133811275e-02 7.117116868873187840e-01 1.207717630938572387e-02
1.175544321760590288e-02 7.146373340469959201e-01 1.264389248607775823e-02
1.181489083624216382e-02 7.175367403840572367e-01 1.245593617419684350e-02
1.186263877443442284e-02 7.204693169509445161e-01 1.173257742525280097e-02
1.191606974591495269e-02 7.234003232169882169e-01 1.116317951711421654e-02
1.196648499277257367e-02 7.263342356921823617e-01 1.473669178392364616e-02
1.201550082992294821e-02 7.292091852006493680e-01 1.749933128973841026e-02
1.206800265291810108e-02 7.320868508231742622e-01 2.073250200352757047e-02
1.208611214907382055e-02 7.349813605113236781e-01 2.231016195834599480e-02
1.207109891391846233e-02 7.378362961792588326e-01 2.244789543146267358e-02
1.205033813109305033e-02 7.407012088654322257e-01 2.257913413874160224e-02
1.200009248885275381e-02 7.435454356926712860e-01 2.446282618280091331e-02
1.195074273846510708e-02 7.463968365000956950e-01 2.574470110230299078e-02
1.184150994745959348e-02 7.492273466125767278e-01 2.734326865122617758e-02
1.176489435868481245e-02 7.520701813864342222e-01 3.060765892378923894e-02
1.168064749013711552e-02 7.549253299408678064e-01 3.298418132198815966e-02
1.161241105115063885e-02 7.577990303064726652e-01 3.457293157022760244e-02
1.153284689713217522e-02 7.606875890329314327e-01 3.553408855824236739e-02
1.143726681521826591e-02 7.635266625315516587e-01 3.666515013395287015e-02
1.136154240057747275e-02 7.663755892767478706e-01 3.833443801863754136e-02
1.132862469853851244e-02 7.692705097214124210e-01 3.943302379642138478e-02
1.128153474249550189e-02 7.721523021774076012e-01 3.754662032155746398e-02
1.123933990566280267e-02 7.750331672943430172e-01 3.587077319091209332e-02
1.120643646891948501e-02 7.779293973288783359e-01 3.400606454781657934e-02
1.118330610085682339e-02 7.808463035635636595e-01 3.309182015999889703e-02
1.116579319279619592e-02 7.837470726037201185e-01 3.229009364824662193e-02
1.112376063112728228e-02 7.866307250347297497e-01 3.035435534787730288e-02
1.109709748433443388e-02 7.894950658826164203e-01 2.870925339881954044e-02
1.104611043468650688e-02 7.923529256893953043e-01 2.843150735086453704e-02
1.100826602488579574e-02 7.952090688257241746e-01 2.662681288315325509e-02
1.096863419173222179e-02 7.981008992851555961e-01 2.693968775376180333e-02
1.097095905353669132e-02 8.009776196172652130e-01 2.900038502773453694e-02
1.099184298818887094e-02 8.038923642903488265e-01 3.184139141664155126e-02
1.102820395524210968e-02 8.068145119851078961e-01 3.481011633922959092e-02
1.100919926434313842e-02 8.097404777710859314e-01 3.725430954194208083e-02
1.099040641538321338e-02 8.126764875703054170e-01 3.982485993213016884e-02
1.094463206834362344e-02 8.155778842576030252e-01 4.223318943821085386e-02
1.088342716160946473e-02 8.184886196355715127e-01 4.375111830889391595e-02
1.082513065915232699e-02 8.214040071948010002e-01 4.335786734450240709e-02
1.075974798885032634e-02 8.243841949267497471e-01 4.191512729634477852e-02
1.072261529248067467e-02 8.273332493372600460e-01 4.164590573338926294e-02
1.070310040514897525e-02 8.302722054350287761e-01 4.033932678773399783e-02
1.065300690077218906e-02 8.331944158402466716e-01 3.895404803002331523e-02
1.058679090980791174e-02 8.361747644873197549e-01 3.757901521207612783e-02
1.054682267438273972e-02 8.391242166634897970e-01 3.089024318847369624e-02
1.047403468006928573e-02 8.420399307583863457e-01 2.384900073516807439e-02
1.044581713824697770e-02 8.449378948898987884e-01 2.007351440495791506e-02
1.038526031347520792e-02 8.478207266948676324e-01 1.626811769629895460e-02
1.032613114717192103e-02 8.507232204671200115e-01 1.303295295324269180e-02
1.026627125530467366e-02 8.535573473405096978e-01 1.009893197730807497e-02
1.019110811381475183e-02 8.563965527485780660e-01 7.531833231723393876e-03
1.015762846231425126e-02 8.592306042148702971e-01 4.231746223939979179e-03
1.011439744740155917e-02 8.620795572236813475e-01 1.883262470812479303e-04
1.009651193629245401e-02 8.649497994149677460e-01 -4.426322995016879550e-03
1.007551029052902725e-02 8.678276373070965555e-01 -5.724537632426633660e-03
1.004566736568563573e-02 8.707640563018266278e-01 -7.066296742266888267e-03
1.003297241971432170e-02 8.736916466241996249e-01 -7.866832241859923400e-03
1.002726403010876371e-02 8.766646388331730266e-01 -8.512588402355112521e-03
1.000202516461424357e-02 8.796328425575682397e-01 -8.907283076748742992e-03
1.000330511971415058e-02 8.826312104415023896e-01 -1.006110732729496512e-02
1.001034425170443942e-02 8.856236063597472397e-01 -9.983242493156184102e-03
1.003018600872317666e-02 8.885626164205868704e-01 -8.443140410675849250e-03
1.004281812795879830e-02 8.915030238671434182e-01 -7.450458414840127608e-03
1.008330530565638809e-02 8.944594361126261273e-01 -5.952248277531557892e-03
1.013224766287034243e-02 8.974255920937487252e-01 -4.662048080406021484e-03
1.016264610316453335e-02 9.003645425023697468e-01 -3.601000418474143826e-03
1.022789485465471979e-02 9.032965795541583187e-01 -3.402700118649225249e-03
1.029813798798988843e-02 9.062566961970589530e-01 -3.383372778812392991e-03
1.035072795076455096e-02 9.091778552311109429e-01 -1.593822765771058057e-03
1.038755251960372071e-02 9.121180517464514415e-01 1.599976057512987127e-03
1.038588900729738723e-02 9.150427624182028152e-01 2.475001860538205475e-03
1.042148931774564136e-02 9.180087306929185509e-01 4.782934006754028730e-03
1.045084129602670379e-02 9.209740092127746136e-01 6.796701557899053822e-03
1.048571129204904813e-02 9.239495355127375076e-01 7.810259127974226653e-03
1.052276669849263636e-02 9.268989138451555476e-01 8.477981661976644392e-03
1.054907116896879569e-02 9.299032603872822156e-01 9.470642795638211167e-03
1.057730335532166242e-02 9.329190274439426167e-01 1.351364195824325889e-02
1.057501768805224791e-02 9.358986317096910090e-01 1.574884543161620548e-02
1.055152557964165495e-02 9.388590140329321487e-01 1.633172810862796795e-02
1.056340718717536931e-02 9.418727837721929674e-01 1.773962071424249956e-02
1.059479890904833736e-02 9.448887234508629440e-01 1.935213699400268814e-02
1.057120478587275994e-02 9.478554169914742422e-01 2.103561969138095442e-02
1.056282695657188853e-02 9.508308071417634899e-01 2.286591464595572401e-02
1.055428064740796153e-02 9.538077307019390272e-01 2.617506617305665959e-02
1.055487724763389153e-02 9.567702070467196673e-01 2.948268074148287579e-02
1.055622827485182963e-02 9.596850042123800106e-01 3.155143245416650033e-02
1.053972431493863972e-02 9.625954389074163897e-01 3.266223074414294908e-02
1.053456887510519774e-02 9.655299415734315271e-01 3.376846037021341562e-02
1.052793429503440410e-02 9.684687002335631290e-01 3.451795919032864951e-02
1.052804889576543224e-02 9.714030232182602198e-01 3.508444380727143708e-02
1.052762729481492021e-02 9.743948829713345861e-01 3.553592583603477212e-02
1.050505082574146841e-02 9.773623975733556346e-01 3.627741231108799758e-02
1.049464015587186355e-02 9.803479005109267952e-01 3.857316036797274472e-02
1.048186538374976280e-02 9.833215137477838708e-01 3.960275236809904925e-02
1.048128669905543445e-02 9.863316556215752096e-01 4.126029935787017822e-02
1.045795368308498688e-02 9.893262912635459871e-01 4.204470012775508858e-02
1.048032623303031367e-02 9.923054739431497184e-01 4.331131565110680343e-02
1.050407890367632303e-02 9.953317246661005369e-01 4.438294219761724363e-02
1.051622137835915224e-02 9.983649130848105679e-01 4.541148541528244875e-02
1.050650884469724738e-02 1.001339658848116487e+00 5.052455918490355441e-02
1.050344308628598476e-02 1.004283064626569022e+00 5.655468942564196438e-02
1.049102293269440871e-02 1.007211333059667036e+00 5.903106775355677210e-02
1.048693878692230110e-02 1.010138436360344283e+00 6.153839386632617425e-02
1.047025239283636347e-02 1.013095780592616624e+00 6.288672669324381348e-02
1.043217345067106068e-02 1.016069252219525154e+00 6.389470117355801337e-02
1.041724227515443413e-02 1.019022271556324855e+00 6.511976543718345223e-02
1.039019238436402967e-02 1.021970146111550459e+00 6.613768456245108784e-02
1.035442597702144682e-02 1.024943828655711986e+00 6.415192345608566882e-02
1.034475713951407694e-02 1.027885660203757601e+00 6.155930034937413114e-02
1.031648366268206503e-02 1.030814357906895573e+00 5.924288823304946910e-02
1.029981121098968652e-02 1.033735779190498416e+00 5.764424137106674562e-02
1.025359989400781435e-02 1.036675464817568892e+00 5.533499028744917614e-02
1.020643709445518549e-02 1.039646024841656136e+00 5.333561372820582597e-02
1.016662733569339942e-02 1.042592141848031062e+00 5.131453627393729039e-02
1.013192927958913615e-02 1.045555139940706812e+00 4.932499400488302849e-02
1.010955938358707590e-02 1.048491511174904023e+00 4.906247400458087909e-02
1.007793816966494164e-02 1.051449691954457366e+00 4.884455290218677609e-02
1.007039266058542062e-02 1.054418489588842434e+00 5.061090213519312681e-02
1.007473360734972845e-02 1.057423199899990562e+00 5.323493673376981233e-02
1.008045946878283715e-02 1.060432663569913503e+00 5.537719184465784983e-02
1.003834756377375119e-02 1.063421238264164570e+00 5.634173347800110199e-02
9.998569168107427838e-03 1.066335583351108562e+00 5.730843498144987808e-02
9.946383908463909615e-03 1.069240912205356331e+00 5.960228007252093424e-02
9.920832913437455103e-03 1.072168154750201996e+00 5.636694387181757221e-02
9.880463567106452863e-03 1.075118561836376996e+00 5.405159362982953075e-02
9.859333708784728464e-03 1.078068154769497022e+00 5.154675440162023031e-02
9.852702852917024842e-03 1.081034367967070642e+00 5.002084830759550432e-02
9.788820205436553346e-03 1.083981746600182872e+00 4.736099352466505152e-02
9.759101959136028473e-03 1.086960768496591623e+00 4.621837804857050619e-02
9.739397564898708004e-03 1.089946446754360698e+00 4.475240422845874061e-02
9.724868650660491859e-03 1.092888827542573882e+00 4.371013610195057658e-02
9.703717521562790077e-03 1.095781852647760957e+00 4.189643567631234911e-02
9.697363959237714076e-03 1.098665486634362587e+00 4.117097831016594545e-02
9.682148471262261649e-03 1.101567011876948277e+00 4.124659906265289860e-02
9.648258265125279204e-03 1.104447549125370909e+00 4.068148869967510434e-02
9.621758289256182595e-03 1.107331827126701862e+00 4.038911862902445915e-02
9.593646629783321791e-03 1.110282783582762667e+00 4.039495225326591304e-02
9.565538619846299453e-03 1.113217949402227847e+00 4.055187977120827680e-02
9.547470922067244348e-03 1.116202014204921378e+00 4.043329155992580332e-02
9.534465294434220708e-03 1.119181763341929869e+00 4.329559082937769338e-02
9.529325789381109038e-03 1.122157785993827650e+00 4.276237766708067961e-02
9.523072787948151652e-03 1.125139672478573605e+00 4.224485342731219839e-02
9.480209975691209975e-03 1.128096227594174383e+00 4.079498762393868327e-02
9.425129741904189964e-03 1.131108441067752102e+00 3.930585748799726720e-02
9.396051097352555587e-03 1.134103686504791764e+00 3.806846773811360662e-02
9.411145053374028388e-03 1.137054649692606834e+00 3.568539465921318626e-02
9.443564632697944161e-03 1.140012683167971996e+00 3.665860589634271222e-02
9.452712806520980476e-03 1.142978516239589348e+00 3.994302611622262134e-02
9.471620309802791099e-03 1.145935772634379735e+00 4.272900778332573701e-02
9.468130654736813326e-03 1.148879725674965213e+00 4.436872534225481945e-02
9.483702820272991996e-03 1.151852941905254335e+00 4.651970363085373983e-02
9.515136882810295779e-03 1.154838809559310064e+00 4.871579898243919016e-02
9.519691942123105488e-03 1.157802724327138044e+00 5.019370896820439520e-02
9.528974703237992963e-03 1.160767648241799899e+00 5.136423458371479345e-02
9.561932675364301359e-03 1.163726213431060641e+00 4.933427515493501309e-02
9.610353185919037408e-03 1.166654020442464690e+00 5.040520963249164876e-02
9.651359426453580762e-03 1.169587561054278968e+00 5.066988760927340629e-02
9.699227718660724182e-03 1.172546942291046612e+00 5.256713360736154500e-02
9.751188173515406080e-03 1.175504631880040396e+00 5.444919719073239295e-02
9.819972462487756154e-03 1.178453681050759760e+00 5.616206665438670115e-02
9.890618534245070384e-03 1.181437873972543739e+00 5.738157477039910331e-02
9.945246212048808668e-03 1.184393928098592896e+00 5.877171205301166129e-02
9.939624268594187892e-03 1.187328587442932903e+00 5.840682418731618641e-02
9.943179425373354502e-03 1.190239737619611660e+00 5.984960026958079798e-02
9.941392573050626333e-03 1.193149645739012277e+00 5.915980918110334830e-02
9.938227662014955874e-03 1.196094319404798600e+00 5.879328887556561911e-02
9.928044352778789272e-03 1.199043584535139706e+00 5.897731210238277288e-02
9.914868984772161678e-03 1.201968567145970557e+00 5.911031282458923536e-02
9.866385286731397392e-03 1.204943212196674107e+00 6.007688628511497625e-02
9.770282706016432742e-03 1.207914553093622390e+00 6.174272704560411495e-02
9.695179498866448101e-03 1.210860508418761361e+00 6.188623648296631002e-02
9.670110352890700159e-03 1.213786652489115436e+00 6.124181597460371523e-02
9.667440281881076874e-03 1.216713722662340791e+00 6.214819487023547084e-02
9.661186937037125402e-03 1.219639082330171487e+00 6.236805362867683250e-02
9.684798158346264590e-03 1.222533359991218926e+00 6.357937298260481207e-02
9.685294726577961533e-03 1.225424411284163018e+00 6.436103661740906479e-02
9.733545186324112086e-03 1.228317657422783871e+00 6.501823208150367406e-02
9.776675556334589803e-03 1.231254969742012095e+00 6.571646845214638988e-02
9.821938045352677019e-03 1.234175571454513509e+00 6.750762432790795298e-02
9.860029197608288429e-03 1.237096991849591765e+00 6.779999400732492076e-02
9.908971043278102381e-03 1.240051268771342530e+00 6.772951283645149700e-02
9.941001223667611866e-03 1.243025107438787025e+00 6.707712886194390489e-02
9.959271038073855276e-03 1.246009827499358735e+00 6.640847230757750130e-02
9.984989021776592352e-03 1.248943031729196518e+00 6.597775403469979816e-02
1.000847580905302008e-02 1.251878040443727080e+00 6.554358170834288788e-02
1.004005552729519968e-02 1.254861533328625267e+00 6.546642182773759755e-02
1.009439810753855714e-02 1.257830124926416770e+00 6.649470761720999157e-02
1.013692469570146894e-02 1.260788362705127286e+00 6.529993384785845456e-02
1.012951038524402721e-02 1.263733222554091595e+00 6.192067873388586857e-02
1.013913106954892826e-02 1.266721203176741195e+00 5.929974935817134557e-02
1.016101062617354167e-02 1.269733937811214686e+00 5.734373858367449589e-02
1.012733670674786403e-02 1.272732233125833057e+00 5.581737446397497943e-02
1.005792769409687322e-02 1.275724301338209132e+00 5.484640206131994461e-02
9.995371330401311635e-03 1.278711949930964931e+00 5.502835365669443007e-02
9.912964784936136725e-03 1.281707320129431782e+00 5.616477179690393395e-02
9.835534464791963541e-03 1.284722724078143363e+00 5.641888693047638487e-02
9.773598485608129757e-03 1.287711828785919943e+00 5.639598247447707297e-02
9.717288400121896694e-03 1.290719038444417155e+00 5.605728844567758190e-02
9.644127320035535134e-03 1.293759812383633134e+00 5.500067431735870815e-02
9.591683108522467208e-03 1.296782819896813210e+00 5.444989055857384075e-02
9.581825812968923495e-03 1.299784124840428934e+00 5.291086339164575991e-02
9.585559148528793871e-03 1.302766578773816297e+00 4.602004130180260139e-02
9.527267317486000017e-03 1.305724181076169499e+00 4.236904094964251410e-02
9.491619321197174511e-03 1.308677595533493054e+00 3.977226481798188523e-02
9.465603497494055885e-03 1.311604691511201848e+00 3.764472161034734116e-02
9.441278476795107732e-03 1.314572455994522437e+00 3.587557780062856222e-02
9.400674430212306240e-03 1.317495642297717540e+00 3.416510827850224863e-02
9.401981954718870160e-03 1.320421282737004987e+00 3.300021179680327071e-02
9.378534832854643760e-03 1.323330102712838130e+00 3.252069494747101414e-02
9.351655843203784957e-03 1.326256200488878934e+00 3.120199435618751030e-02
9.292367766879427310e-03 1.329144839111645382e+00 3.103475547121495315e-02
9.252142020805376177e-03 1.332035898914337047e+00 3.168388254236029211e-02
9.186637482557631976e-03 1.334930470907919942e+00 3.054404707685195314e-02
9.090130497974547100e-03 1.337875281669738126e+00 2.826781373808654255e-02
8.981918059645346147e-03 1.340785818600156665e+00 2.589973958119006284e-02
8.873333570236776810e-03 1.343698927810140775e+00 2.347583604622571068e-02
8.781652391925878071e-03 1.346626255366190517e+00 2.098268833886419299e-02
8.699259899821830747e-03 1.349560469552140374e+00 2.281554336134095085e-02
8.664115560544879621e-03 1.352463869667628327e+00 2.347712815801505232e-02
8.604620594179220039e-03 1.355350617823989801e+00 2.050259481420619798e-02
8.511998092140309058e-03 1.358233872009578569e+00 1.671596355383626539e-02
8.457366326944914733e-03 1.361110632629558559e+00 1.413451904134392124e-02
8.400941107132712735e-03 1.363955446961337525e+00 1.175920168707182169e-02
8.343525619970258364e-03 1.366806887886764299e+00 9.701149313315317324e-03
8.303807258169999123e-03 1.369704332940996583e+00 7.618382938931698815e-03
8.243938513165039242e-03 1.372606180346553684e+00 5.221411279926049809e-03
8.211705925772302267e-03 1.375517972397349631e+00 5.577821663113559023e-03
8.177295079847735418e-03 1.378445966920297971e+00 5.728332819504181571e-03
8.152444072497554844e-03 1.381312161570462660e+00 6.106064483452540610e-03
8.109550678711923560e-03 1.384174638057253048e+00 6.085076477953654979e-03
8.093830972596886483e-03 1.387063310948843053e+00 6.651362010798705753e-03
8.062718474666625418e-03 1.389925373317598023e+00 6.951543848723378168e-03
8.053977224271985022e-03 1.392788710892215676e+00 7.022017950674085650e-03
8.023953042912628647e-03 1.395660309346094641e+00 1.552697830927501086e-03
8.008991622958434864e-03 1.398555811277456540e+00 -2.214255207530806385e-03
8.017606985735989400e-03 1.401432449068923614e+00 -4.927407219765133142e-03
7.995344685984322880e-03 1.404339714138063133e+00 -7.968274358366996685e-03
7.982965665059628749e-03 1.407240696187403994e+00 -1.043116564944414001e-02
7.950012510283434655e-03 1.410155073782869195e+00 -1.137188491300745660e-02
7.925626502102756793e-03 1.413074283836118106e+00 -1.234659572075530974e-02
7.914731413548533462e-03 1.416007496539954058e+00 -1.306501594807135160e-02
7.893569104331950650e-03 1.418854373387739676e+00 -1.385319022296354653e-02
7.876289561448961835e-03 1.421714614590753323e+00 -1.522108812839446067e-02
7.868899477632232756e-03 1.424578998746233172e+00 -1.611992854344507925e-02
7.821973954403625001e-03 1.427431905532806855e+00 -1.780870244861308335e-02
7.778676134376670374e-03 1.430305525910550823e+00 -1.918293302158929556e-02
7.699740286168718986e-03 1.433168486188916679e+00 -2.035109574356318632e-02
7.628182442360507444e-03 1.436075476841926823e+00 -2.137873799634377667e-02
7.558525265271295347e-03 1.438944442687498659e+00 -2.251839945273860499e-02
7.504163413968792731e-03 1.441836202163371272e+00 -1.814377765733367343e-02
7.457095559144812438e-03 1.444725782933156344e+00 -1.690531218352798321e-02
7.440329167459653649e-03 1.447604757696840272e+00 -1.555297234800056411e-02
7.394391421361392117e-03 1.450472477853691711e+00 -1.525028062524555646e-02
7.389837976699107670e-03 1.453348616242893243e+00 -1.409597990369028039e-02
7.339700943443218731e-03 1.456208381081184111e+00 -1.277596128212466799e-02
7.295848990200571454e-03 1.459126989366301697e+00 -1.177799441523279950e-02
7.253278090246320121e-03 1.462005974050646362e+00 -1.293513146642291840e-02
7.221780932894993586e-03 1.464866589518679207e+00 -1.287468104966990774e-02
7.192868685044011799e-03 1.467776830381648745e+00 -1.195418738328545005e-02
7.169816441101120770e-03 1.470691567819300882e+00 -1.068622901061299854e-02
7.151488182400068255e-03 1.473605859180963762e+00 -9.693048469802734157e-03
7.133281888869797208e-03 1.476511459450268404e+00 -8.941680339714670050e-03
7.079614378785090666e-03 1.479413559652809962e+00 -8.025910112085209852e-03
7.025397744819560260e-03 1.482359125782035880e+00 -7.002776932083641659e-03
6.991647694302079510e-03 1.485275009291989079e+00 -5.921192280843150420e-03
6.933859064435140933e-03 1.488180570348153209e+00 -6.638153918962491976e-03
6.894670395491690057e-03 1.491071501023757850e+00 -6.000389919373089881e-03
6.864334209162522953e-03 1.493941311977322384e+00 -5.227309796134108587e-03
6.821694101224259552e-03 1.496843000876826535e+00 -5.028337431466778015e-03
6.802137503130044338e-03 1.499723545200477126e+00 -4.417087736501392088e-03
6.742399379796694577e-03 1.502564904882027319e+00 -3.186389921426743040e-03
6.689820982675241494e-03 1.505400873515483795e+00 -2.359826302981297801e-03
6.625484020830474559e-03 1.508231120319034835e+00 -8.021534938851722363e-03
6.585353921098766224e-03 1.511051137492230190e+00 -1.357296029268850387e-02
6.513948336753697284e-03 1.513872949795038947e+00 -1.956786496977540313e-02
6.438022865717149719e-03 1.516694157836430801e+00 -2.509887055435880074e-02
6.367714115734423794e-03 1.519517308416313384e+00 -2.988814930112769844e-02
6.324652798517880342e-03 1.522350991021565791e+00 -3.328005884511209961e-02
6.283469700368781927e-03 1.525204118655018259e+00 -3.660003483500098853e-02
6.254594717595323046e-03 1.528054285562408632e+00 -4.067006362778565615e-02
6.205557215934499014e-03 1.530907354414904997e+00 -4.226355741820111978e-02
6.143147427869956323e-03 1.533776698511633674e+00 -4.468985728120167950e-02
6.074573971306177628e-03 1.536638251947335609e+00 -5.053615779070620706e-02
6.011702140551738495e-03 1.539512820955302841e+00 -5.520190107503614163e-02
5.955394881262480664e-03 1.542464707430584170e+00 -5.923054154765641094e-02
5.879841466897101944e-03 1.545413183989893025e+00 -6.284287110699481038e-02
5.846094225828436276e-03 1.548337183864940902e+00 -6.628675611857423600e-02
5.866791799080227875e-03 1.551252005330514105e+00 -7.017497712804665611e-02
5.886332784727458557e-03 1.554126760743730795e+00 -7.383146839156448649e-02
5.905360385053699986e-03 1.557021303192178685e+00 -7.728184547006472505e-02
5.906230022327888830e-03 1.559935461708167104e+00 -7.986763135053996654e-02
5.962519342414836394e-03 1.562811266415929268e+00 -8.044281988164259101e-02
6.020857412770913922e-03 1.565674493574165771e+00 -8.080081683031085926e-02
6.039446405271766197e-03 1.568579812958550423e+00 -8.045129858673033540e-02
6.069033593568353910e-03 1.571471433337036983e+00 -7.930340565586982415e-02
6.052578344166848097e-03 1.574402669452055425e+00 -7.677889506562012023e-02
6.045079879950001830e-03 1.577337331644623530e+00 -6.899213964706707447e-02
5.999835874829134719e-03 1.580241058044314473e+00 -6.349354260910826386e-02
5.947225607323918146e-03 1.583146252924811037e+00 -5.907982519401473731e-02
5.900899329232148736e-03 1.586084798501234294e+00 -5.542489817626979065e-02
5.868952419570147919e-03 1.588983677896337765e+00 -5.225847465920647333e-02
5.807428640049364967e-03 1.591905709885567122e+00 -5.000070968405840449e-02
5.755810704000763160e-03 1.594822719909497089e+00 -4.791152196180208100e-02
5.741807432740724144e-03 1.597775155781695489e+00 -4.521490621043720154e-02
5.770819892519911225e-03 1.600716086012299977e+00 -4.209115927530433787e-02
5.769710099730565762e-03 1.603662143853922473e+00 -3.983719884623224822e-02
5.800239309003939192e-03 1.606607435248658122e+00 -3.702219493100902814e-02
5.807034277929962011e-03 1.609574836462860592e+00 -3.521573070733267224e-02
5.849493618964572185e-03 1.612567134439198302e+00 -3.232386170711791518e-02
5.891567509395218179e-03 1.615540512699799702e+00 -2.967426252230320402e-02
5.954074724982010361e-03 1.618531316118337893e+00 -2.918216316438413879e-02
6.006974001058085905e-03 1.621502635796756797e+00 -2.578603901973390219e-02
6.015846967327142907e-03 1.624440938234854137e+00 -2.546805340010513397e-02
6.029411711932488802e-03 1.627403678498066331e+00 -2.317706823110754488e-02
6.009086512604282226e-03 1.630365164208638085e+00 -2.321653574623593064e-02
5.995201104204691232e-03 1.633345024106285459e+00 -2.323179335516899896e-02
6.044235409999851143e-03 1.636312691717882295e+00 -2.278427354634263852e-02
6.080668991529510417e-03 1.639313572096034344e+00 -2.205221798254213342e-02
6.113298636449297427e-03 1.642316874787376868e+00 -2.137537258047078614e-02
6.163826443237194197e-03 1.645286932551775827e+00 -1.954227786775468087e-02
6.224175051825212718e-03 1.648260460774300995e+00 -2.043210852103672856e-02
6.268985940336463565e-03 1.651226654778886749e+00 -1.981028363798432307e-02
6.280226761918555022e-03 1.654161928974876128e+00 -2.094214644582451448e-02
6.321175560854989245e-03 1.657143271287427444e+00 -2.088857921460283984e-02
6.352630993249242138e-03 1.660100699068335794e+00 -2.097571834782793743e-02
6.409163573228435044e-03 1.663119111896702140e+00 -2.092427571235026124e-02
6.485769928903119957e-03 1.666140754787077682e+00 -2.109158647974150591e-02
6.538904469566684911e-03 1.669130110335940831e+00 -2.016491158021324268e-02
6.569015608639235462e-03 1.672140330592601254e+00 -2.265185214135785607e-02
6.597520006803226332e-03 1.675141256864034478e+00 -2.482002198714823582e-02
6.598148273453021372e-03 1.678138796691232004e+00 -2.771506390820433624e-02
6.618198333824170179e-03 1.681114285273156206e+00 -2.951656288972581005e-02
6.645836487149735065e-03 1.684103374585418145e+00 -3.079283575119857660e-02
6.659953781910713834e-03 1.687092400148404003e+00 -3.186617774010512549e-02
6.686149671148752631e-03 1.690060587906574652e+00 -3.287140276371716685e-02
6.698290157141719749e-03 1.693022954402234825e+00 -3.848846660401093744e-02
6.699069496834211997e-03 1.695973879366462933e+00 -3.986233565290361186e-02
6.717643209831961407e-03 1.698934631929887029e+00 -4.093649123960568098e-02
6.711175426915511402e-03 1.701878915560029792e+00 -4.264067073641764072e-02
6.713405466124557769e-03 1.704827336709748176e+00 -4.385600653647536012e-02
6.735943895785231894e-03 1.707797061091802071e+00 -4.505167967145228686e-02
6.739980698580770938e-03 1.710742016331285642e+00 -4.606829411611635533e-02
6.780217333772556310e-03 1.713711152932335002e+00 -4.778793543367482188e-02
