6.664346835880989237e-04 8.138869746889217972e-04 -1.657895279328470139e-01
7.139405874670447759e-04 1.530851401849662227e-03 -2.050298124298196301e-01
7.730469946963070904e-04 2.398909683263723228e-03 -1.969462409179315865e-01
8.392764113046077964e-04 3.779654385238575762e-03 -2.087020539992736901e-01
8.144564499047793078e-04 5.369952579156341693e-03 -3.139664073350514895e-01
7.701088329839718720e-04 7.129728820699474633e-03 -4.641621655062349028e-01
7.515541343415618357e-04 8.999871271314551988e-03 -5.306378595536223042e-01
7.833794868366719504e-04 1.100252020534881262e-02 -5.008958474323544907e-01
8.705430924586324282e-04 1.315777653678060731e-02 -5.764105542406523508e-01
9.834520655496183615e-04 1.532195614159443352e-02 -6.423870625640898391e-01
1.054445677893661119e-03 1.756155937701875044e-02 -6.911727163514058692e-01
1.140780384197086997e-03 1.984945999282933596e-02 -6.936173702894475879e-01
1.219531938640944745e-03 2.222235717493021082e-02 -6.893153392413176039e-01
1.293470381368292321e-03 2.465622344173347760e-02 -6.651999849613821070e-01
1.401170955837967563e-03 2.715742945100903250e-02 -6.241520210073269181e-01
1.530739293452537154e-03 2.973886968058059299e-02 -5.643732985418283832e-01
1.680748831020047619e-03 3.240113423544180998e-02 -4.694193622785509112e-01
1.835198340557870657e-03 3.507485371182367251e-02 -3.818625771029302562e-01
1.981319012758721212e-03 3.775835002523397071e-02 -3.187551521121840259e-01
2.142314856257321320e-03 4.044294680639854561e-02 -2.585691528315298693e-01
2.300024844012696877e-03 4.319361600030795223e-02 -1.801455383534862897e-01
2.468146795418937368e-03 4.601494921697366070e-02 -7.312285966222645262e-02
2.653522540303689982e-03 4.890132408185638574e-02 5.192916662820737383e-02
2.851945180114863823e-03 5.177444382361288955e-02 1.670210594064933385e-01
3.045907711422242339e-03 5.468675832300819856e-02 2.869488923974630734e-01
3.222262810846216168e-03 5.763114333843395720e-02 4.300765897221839329e-01
3.421291137739602625e-03 6.055091477293887692e-02 5.443579230780535294e-01
3.592147794003437613e-03 6.348324337941456397e-02 6.372321008810953868e-01
3.734091732256474786e-03 6.644032893424511865e-02 7.332305205413891525e-01
3.827002879254103474e-03 6.940351077416304082e-02 8.325000626896097433e-01
3.896776953326565925e-03 7.238355466734837373e-02 9.530860506009770639e-01
3.934770226062866971e-03 7.537823097942136785e-02 1.081433781766321989e+00
3.937470531135630475e-03 7.840348092157459203e-02 1.200992230566989338e+00
3.933911366626398516e-03 8.150438144082219893e-02 1.320792125778211590e+00
3.935558033881002629e-03 8.464263171099419003e-02 1.457027562260884812e+00
3.968597695971714211e-03 8.774682239178636933e-02 1.566388714699156637e+00
4.026009746920630912e-03 9.090571734600595699e-02 1.695235112256287646e+00
4.090126850848101528e-03 9.405441369245014227e-02 1.814812303041198005e+00
4.114395452536489910e-03 9.725244427270636483e-02 1.936480206359992184e+00
4.145691111062979085e-03 1.004804789706013335e-01 2.060238903139161248e+00
4.167139413203531546e-03 1.037221694106398584e-01 2.190153116962161306e+00
4.182011725696811906e-03 1.069901603056710310e-01 2.317208944586330865e+00
4.202865173965862622e-03 1.102259167289126596e-01 2.429076251975767153e+00
4.240496450324605579e-03 1.134280841129502587e-01 2.539620847569395323e+00
4.204971284581989106e-03 1.166252542871840936e-01 2.662830451779912178e+00
4.155318039436835600e-03 1.198410562784454625e-01 2.784487290622381650e+00
4.126955775321622735e-03 1.230907322698036321e-01 2.914152795978135924e+00
4.118082523384998875e-03 1.263765191154357648e-01 3.036803557178036073e+00
4.186305123794105583e-03 1.297521192996170247e-01 3.169273578378837719e+00
4.218262708962078680e-03 1.331200450763673215e-01 3.325615035955978183e+00
4.232129449619488615e-03 1.365108513171415516e-01 3.475003107116907852e+00
4.183869703647803001e-03 1.399047235839815106e-01 3.612317383269211035e+00
4.122641293582232982e-03 1.433252168016814487e-01 3.739126742224291977e+00
3.992088733262803314e-03 1.467136888129902117e-01 3.891922366528932198e+00
3.858200222174236905e-03 1.501050555875974024e-01 4.028600028490711082e+00
3.727275846440165300e-03 1.535059281588737889e-01 4.162805852995573375e+00
3.625788835636867876e-03 1.568940989102326211e-01 4.293605140921134655e+00
3.522800254942983801e-03 1.602512488043878747e-01 4.419170383777539790e+00
3.394708318743221674e-03 1.635800903796897354e-01 4.552038212084210222e+00
3.273400708907947196e-03 1.669007494842720818e-01 4.675906054633745867e+00
3.127733377828028575e-03 1.702049671409216203e-01 4.796278305238796946e+00
2.925628821805196372e-03 1.734936222670507289e-01 4.921564648470037717e+00
2.770698762583043411e-03 1.768453187533574056e-01 5.049622131083454590e+00
2.584513192252281023e-03 1.801954189198545775e-01 5.199282656823210225e+00
2.425866755531517170e-03 1.835773334827393022e-01 5.341963322433717742e+00
2.269533656567601729e-03 1.869276335989834281e-01 5.480713025856393195e+00
2.136781362311110724e-03 1.902347883833599429e-01 5.616564874569698773e+00
1.994274607601349749e-03 1.935691403801459987e-01 5.751922953379373205e+00
1.843660392667944388e-03 1.968885663045765178e-01 5.884707085264872184e+00
1.714056001619834735e-03 2.002123423302479555e-01 6.010256819214784940e+00
1.579525267758737734e-03 2.034901332708821398e-01 6.135099006202854532e+00
1.373440086969930900e-03 2.067357185734329805e-01 6.256650514508410588e+00
1.162642836091134450e-03 2.100096116280480152e-01 6.398363471555473581e+00
9.340987981443528692e-04 2.132621379060796185e-01 6.503106503109828296e+00
7.592148393826642040e-04 2.164436153275628161e-01 6.603090225177624006e+00
5.636459970265379239e-04 2.196227409220669058e-01 6.687930345319895054e+00
3.205244649161150287e-04 2.228064629119902995e-01 6.786486177730956193e+00
1.135942424782194528e-04 2.260314033056368688e-01 6.904821078912342536e+00
-1.090000441545100382e-04 2.292604882174112679e-01 7.043980510400791317e+00
-3.488128415051629629e-04 2.325204393565265815e-01 7.188121112153569747e+00
-5.935526089202423656e-04 2.358045229892899441e-01 7.345097494607934152e+00
-8.391983250902582993e-04 2.391007122442071475e-01 7.506992162668685964e+00
-1.125766180394487809e-03 2.424351489260465620e-01 7.648892835492660858e+00
-1.442453649499485452e-03 2.457731348676862604e-01 7.789396821526310077e+00
-1.778511594859968339e-03 2.490957625346353344e-01 7.922215998525520497e+00
-2.111803526820221766e-03 2.524370478689830222e-01 8.046843922030912921e+00
-2.509095024105004700e-03 2.557637422260626847e-01 8.188695276271126033e+00
-2.898872175676870007e-03 2.591110659520838300e-01 8.329115495540982295e+00
-3.294682337920059722e-03 2.624367934671268388e-01 8.440176460869974306e+00
-3.652019787209472793e-03 2.656708845780175743e-01 8.529785731091630296e+00
-4.070962624509793723e-03 2.688871682757986159e-01 8.651682677644304320e+00
-4.510832642326693780e-03 2.721109382137107402e-01 8.767404919215852743e+00
-4.952107901573087750e-03 2.753616229799003001e-01 8.875825312951631574e+00
-5.400896495866227935e-03 2.786422146453705895e-01 8.981979755046801017e+00
-5.911996026348340268e-03 2.818921019402857442e-01 9.091041167980119297e+00
-6.425099851761035923e-03 2.851597443479794713e-01 9.175335655734237150e+00
-6.935264355243452722e-03 2.884504271731943570e-01 9.270521013398106192e+00
-7.473518304557375154e-03 2.917042751212070018e-01 9.372008126731902422e+00
-7.996442039171590757e-03 2.949344545726899081e-01 9.473035600164955383e+00
-8.526793124413569250e-03 2.981739992876675793e-01 9.559927037158708174e+00
-9.068474113660194083e-03 3.014309501852783790e-01 9.636960380724609365e+00
-9.572749804839419258e-03 3.047024690419599668e-01 9.715028389828312072e+00
-1.008556738832082356e-02 3.079953326335347907e-01 9.797407803261199533e+00
-1.060490308171150101e-02 3.113012656465801165e-01 9.898539089341825914e+00
-1.107393080546264022e-02 3.146650204504070625e-01 1.000687632784597980e+01
-1.154718204906277947e-02 3.180043328546777737e-01 1.008774114355083107e+01
-1.204864489111908896e-02 3.213324694060811226e-01 1.019507647364687664e+01
-1.256900433355652089e-02 3.246255453647077793e-01 1.030889604037831830e+01
-1.313251990741361522e-02 3.279600078010002084e-01 1.041072100646755771e+01
-1.376372048390323531e-02 3.312765194866812424e-01 1.053129946379141302e+01
-1.436964590402657962e-02 3.345527906797367557e-01 1.064914685224543511e+01
-1.496613238414841798e-02 3.378192289882893662e-01 1.077512604213848846e+01
-1.550723009633891460e-02 3.409737932762590962e-01 1.087469427413126688e+01
-1.606396381939323437e-02 3.441206187082604395e-01 1.096426405408413274e+01
-1.668395816746966187e-02 3.472589343929693984e-01 1.107567946664341108e+01
-1.731953546613908615e-02 3.504116532116243743e-01 1.118531176412095896e+01
-1.799142927940059616e-02 3.535549629492572010e-01 1.131979131630766133e+01
-1.867031835412421431e-02 3.567137729146823144e-01 1.147015796003362098e+01
-1.939964302827766260e-02 3.598601366856037931e-01 1.165439482558681661e+01
-2.015450684381055527e-02 3.630262569026621589e-01 1.187143593370543826e+01
-2.087879126152339393e-02 3.661630757757623478e-01 1.205014242065223939e+01
-2.158419774826880050e-02 3.692683270913580951e-01 1.222112111200446272e+01
-2.226802612419925484e-02 3.723833752693557764e-01 1.237534959594465178e+01
-2.290955814455768180e-02 3.755266371783438917e-01 1.250586338473489434e+01
-2.354625079548448158e-02 3.787395275142118045e-01 1.264398781891918588e+01
-2.420118039013663402e-02 3.819352240882794569e-01 1.275337062990785064e+01
-2.484954178650195314e-02 3.850956986050392827e-01 1.287119961976608806e+01
-2.553474525280580859e-02 3.882818064456650675e-01 1.298590991155545815e+01
-2.622938098372667309e-02 3.914951661799441762e-01 1.310235222119234955e+01
-2.695138421261766837e-02 3.947165278381719600e-01 1.318428533130155422e+01
-2.769028806514642338e-02 3.979369650154213067e-01 1.331192715816552230e+01
-2.842916396271189666e-02 4.011461422610242411e-01 1.340882137593700918e+01
-2.924213387265624589e-02 4.043386930823826830e-01 1.354608699275408057e+01
-3.001678991539978580e-02 4.075289380078874757e-01 1.369355245629795981e+01
-3.083412424481964120e-02 4.106512497191415201e-01 1.382442355165160031e+01
-3.164133459793216224e-02 4.137579253958429959e-01 1.390064115123228738e+01
-3.240326599373417882e-02 4.167859546057213760e-01 1.396940435352804855e+01
-3.328529769505188945e-02 4.197514720416308798e-01 1.406876686476965865e+01
-3.419700665299481301e-02 4.227269116420612205e-01 1.418534744189093111e+01
-3.514481055345924920e-02 4.256971209677423151e-01 1.429725000012823166e+01
-3.607987913596965440e-02 4.286726813615297504e-01 1.441011730429287674e+01
-3.712122334487839154e-02 4.316048773788368487e-01 1.456381219230724611e+01
-3.817143783552764263e-02 4.345607299969376780e-01 1.469811573827178108e+01
-3.919839972179951088e-02 4.375075515546724692e-01 1.483543613066757949e+01
-4.023279861149289122e-02 4.404683074309037605e-01 1.494348765150544089e+01
-4.124147223709162535e-02 4.434187211521166683e-01 1.505167214707640611e+01
-4.220325174629242088e-02 4.464195011646582278e-01 1.516235323650003153e+01
-4.319675352582943301e-02 4.494310753294735727e-01 1.527702228040222643e+01
-4.415701793685904153e-02 4.524718679318555092e-01 1.541247317408401329e+01
-4.509380305702023750e-02 4.555335414768483249e-01 1.553457083487026580e+01
-4.602984454124169761e-02 4.585556383107989853e-01 1.565309523255752033e+01
-4.701856631208291282e-02 4.615768463520461551e-01 1.577696974673397179e+01
-4.800655833866693950e-02 4.646017313936506299e-01 1.588582047893773463e+01
-4.900022044577657249e-02 4.676271022539086886e-01 1.599631924935309257e+01
-5.000007394164407426e-02 4.706599175465979168e-01 1.612384111162364064e+01
-5.100723865728867129e-02 4.736908676074308988e-01 1.624302140598169331e+01
-5.203637704684229565e-02 4.767328329312102708e-01 1.637273729737978556e+01
-5.307153884038789265e-02 4.797874328731127624e-01 1.646653123665809204e+01
-5.415836560979592901e-02 4.828399892012372741e-01 1.656561009690914332e+01
-5.530609860519052068e-02 4.858704903513926254e-01 1.666815466484972674e+01
-5.650076992014252397e-02 4.888931617648288874e-01 1.679608205523560116e+01
-5.769106286042377518e-02 4.919241402013577735e-01 1.690197398394989037e+01
-5.884740529992140562e-02 4.949763796040398400e-01 1.699080518566807285e+01
-6.002962984565935606e-02 4.980084259073337960e-01 1.713005743438112560e+01
-6.123358411953389036e-02 5.010257934104193067e-01 1.723799965797462619e+01
-6.238676498536840226e-02 5.040832933496658397e-01 1.738527833554271140e+01
-6.349904040185791465e-02 5.071581532521841629e-01 1.750834910355595042e+01
-6.459333340194625683e-02 5.101880216265891610e-01 1.760991305891548464e+01
-6.569155643971036351e-02 5.132479916434363743e-01 1.771114342819011966e+01
-6.688909805460649394e-02 5.162716147852687287e-01 1.783810619322984437e+01
-6.810196413176763941e-02 5.193243075036012568e-01 1.803751334745739143e+01
-6.929627091580858878e-02 5.223591098425998114e-01 1.821763275503608526e+01
-7.047145694941513161e-02 5.253391724404455898e-01 1.838057950369640636e+01
-7.160469591577126036e-02 5.283604011125594413e-01 1.856338722396483831e+01
-7.271336991395431493e-02 5.314200382859979310e-01 1.876917119455697858e+01
-7.385680002769937080e-02 5.344813685087645982e-01 1.893916661303257953e+01
-7.496031343773716660e-02 5.374569062116938412e-01 1.906429994992742394e+01
-7.608275977716986993e-02 5.404039440348057388e-01 1.918305514270316436e+01
-7.722160842520849056e-02 5.434093385360668771e-01 1.929507639855931700e+01
-7.838638506307497866e-02 5.464364352848685158e-01 1.943616504376345233e+01
-7.952802607255993195e-02 5.494922521322065379e-01 1.958858843641318614e+01
-8.068820369911162971e-02 5.525606894220524978e-01 1.967041990406467988e+01
-8.186615048482583090e-02 5.555988485635249274e-01 1.971842987678607173e+01
-8.313103020611166405e-02 5.585713501483423604e-01 1.981603947651378306e+01
-8.441896242637364489e-02 5.615348900818718514e-01 1.993326836809936253e+01
-8.570087460692932257e-02 5.645115669743503428e-01 2.002324327772817369e+01
-8.694095925232049604e-02 5.674137133429795199e-01 2.009666477458934608e+01
-8.820940552598505180e-02 5.703126435321159704e-01 2.014893704320426338e+01
-8.939504091487229798e-02 5.732764888292254390e-01 2.021307162774004240e+01
-9.059400175467194338e-02 5.762346416732954113e-01 2.031370850968059472e+01
-9.174948105727784298e-02 5.790912996363279941e-01 2.039276795644498108e+01
-9.292590457415962624e-02 5.819042760948517357e-01 2.046555520577441101e+01
-9.407261590694471209e-02 5.846995970384440966e-01 2.055751015561657269e+01
-9.524942837760250192e-02 5.875218483915773948e-01 2.063383596340091586e+01
-9.645756841230843093e-02 5.903541675992635129e-01 2.074891339130652668e+01
-9.774386982700868087e-02 5.931858248314878512e-01 2.084214299641007173e+01
-9.909273908487573057e-02 5.959869464912797010e-01 2.094247209717029534e+01
-1.004787395261962785e-01 5.987827858966446870e-01 2.102767678497721704e+01
-1.019046626276015333e-01 6.015789695484842214e-01 2.115779775499215631e+01
-1.032844551276508316e-01 6.043303277567941834e-01 2.124930154080534805e+01
-1.046605490155109175e-01 6.070602902011095203e-01 2.137186953339029571e+01
-1.060741778273711633e-01 6.097940474129369681e-01 2.144557039279430910e+01
-1.076007798938103388e-01 6.124993527953611627e-01 2.159267118442910061e+01
-1.090806120953220770e-01 6.152638869093881580e-01 2.177633888676428597e+01
-1.105276487383463763e-01 6.180367067319092467e-01 2.193545738618944796e+01
-1.119894929552325835e-01 6.208088396980856460e-01 2.209087612984927773e+01
-1.134501380553071259e-01 6.235775219093858679e-01 2.220781632865654487e+01
-1.150287058955875713e-01 6.263049898116999081e-01 2.232976522547074083e+01
-1.165675498473634636e-01 6.290566482468287202e-01 2.244011835140776867e+01
-1.180765696531040493e-01 6.317612504835464771e-01 2.258011536409584608e+01
-1.195519200253492703e-01 6.344914076687478977e-01 2.268670669720961186e+01
-1.209837283435609423e-01 6.372677849229486657e-01 2.280957083921071060e+01
-1.224800650726619450e-01 6.400512810965548471e-01 2.295052242282744359e+01
-1.239442653288606311e-01 6.427853660517864887e-01 2.305967216585377955e+01
-1.254027071653433523e-01 6.455130809019871130e-01 2.311475791258520118e+01
-1.268476389445046815e-01 6.482509558548024131e-01 2.316098325464042773e+01
-1.281995574504043722e-01 6.510386596782195001e-01 2.324977088747743537e+01
-1.295933534427498868e-01 6.538512240857358160e-01 2.338332148970348712e+01
-1.310351353713271327e-01 6.567248617352677842e-01 2.349875227330833738e+01
-1.324650939793722282e-01 6.595972181269398327e-01 2.361651797568329059e+01
-1.338563724864126059e-01 6.623789311066835550e-01 2.373222421000611249e+01
-1.353111363422760116e-01 6.651716067916259023e-01 2.385897658055286996e+01
-1.368205238794433509e-01 6.679636629430995010e-01 2.397429399199219446e+01
-1.382918090038854075e-01 6.706815783114192797e-01 2.402611141285014185e+01
-1.397281460507357742e-01 6.733596956188701022e-01 2.409533714763355050e+01
-1.412984894794933888e-01 6.760082725593198338e-01 2.422371823602068375e+01
-1.429737473852216445e-01 6.786569812645119049e-01 2.436754822252517627e+01
-1.445881341233829220e-01 6.813650908476406309e-01 2.455007514899465093e+01
-1.462058347539488545e-01 6.840653290027903788e-01 2.468442646243345351e+01
-1.477872109483864826e-01 6.867841001855981009e-01 2.478036951831407464e+01
-1.493002547455924700e-01 6.895645938014848264e-01 2.489004428539427494e+01
-1.508017198439863815e-01 6.923558229487274396e-01 2.500570168388749437e+01
-1.523144365255573729e-01 6.951373714466921871e-01 2.512864838760418706e+01
-1.538020665930499853e-01 6.979018459952166520e-01 2.520713745919602999e+01
-1.552989872306699826e-01 7.006813583267870182e-01 2.532329002928312178e+01
-1.568595316305426424e-01 7.034662688107119477e-01 2.552833511781756215e+01
-1.584611118733331159e-01 7.062488163368584315e-01 2.566496298221824546e+01
-1.600832614161984413e-01 7.090038862553109666e-01 2.571597502503805543e+01
-1.616863246038509339e-01 7.117860678978003008e-01 2.574384800244192917e+01
-1.632674451192202836e-01 7.145922765687343636e-01 2.579820559051259465e+01
-1.649348275819033371e-01 7.173598292145788591e-01 2.588482460323719181e+01
-1.665947343535314762e-01 7.201271288706949658e-01 2.590937356978156814e+01
-1.682621390936556438e-01 7.229265063883496545e-01 2.599107914353194815e+01
-1.699434935214947373e-01 7.257327784189253617e-01 2.608381486234849689e+01
-1.717506079957111520e-01 7.285028010485343763e-01 2.622380778672593848e+01
-1.735422623337632142e-01 7.312910852677921847e-01 2.633716761878877932e+01
-1.753486681659120749e-01 7.340977456470678675e-01 2.637574661670432263e+01
-1.770376602597914517e-01 7.369083096738915373e-01 2.650087116627852168e+01
-1.787264849651962473e-01 7.397055852055968161e-01 2.661204618243277054e+01
-1.804155505289934680e-01 7.425380606285314489e-01 2.676787881623574350e+01
-1.820634894981564000e-01 7.453309337881980356e-01 2.692095133652057370e+01
-1.837116897475457589e-01 7.481482991678889416e-01 2.703694118836134308e+01
-1.853701303934990052e-01 7.509041391523380016e-01 2.712585319299504505e+01
-1.870299731288452005e-01 7.536179468817476579e-01 2.726167532823605910e+01
-1.887369316205705916e-01 7.563310699693918115e-01 2.742018308688274075e+01
-1.904539031648208591e-01 7.590923436484595666e-01 2.754735697782819770e+01
-1.921741765332590224e-01 7.618727854658022824e-01 2.769886400764782763e+01
-1.939119240763198804e-01 7.646962622712505375e-01 2.783949333144718352e+01
-1.955707165740107334e-01 7.675728437520371594e-01 2.798388650736028893e+01
-1.972115246695297641e-01 7.704810901027498993e-01 2.817886311006875388e+01
-1.989349247805605736e-01 7.732853290518135747e-01 2.830159882792355219e+01
-2.006812773158076213e-01 7.760524484616467822e-01 2.841479398402042378e+01
-2.024199648754538561e-01 7.788004941798722935e-01 2.852876692453591190e+01
-2.041427750051650336e-01 7.815845200717322916e-01 2.871978579302727397e+01
-2.058646923441581345e-01 7.843765691134222395e-01 2.885154250360661266e+01
-2.076644476333901479e-01 7.871129395945473117e-01 2.901008052670890081e+01
-2.094441679293386760e-01 7.898168257673376935e-01 2.910185578517778637e+01
-2.112660606747011338e-01 7.925266140086288935e-01 2.914180465190112201e+01
-2.132577373714472646e-01 7.951892773933842973e-01 2.923832377133766158e+01
-2.152308661411615476e-01 7.978604419814417925e-01 2.928564037177582335e+01
-2.170883406108932434e-01 8.005536591895634491e-01 2.946598274408597362e+01
-2.189575390426496682e-01 8.032831869581356088e-01 2.964916731520953519e+01
-2.208030306036071755e-01 8.060485682080754666e-01 2.983914066115420027e+01
-2.226401083030532246e-01 8.088092902224794933e-01 3.002803192520019238e+01
-2.244572760606228790e-01 8.116003692415346693e-01 3.014524104879825117e+01
-2.262903744016757923e-01 8.142960437826440856e-01 3.029686939394172995e+01
-2.281550415166558599e-01 8.169823289118884890e-01 3.035768092050522782e+01
-2.300008352606120188e-01 8.197108882297871046e-01 3.052169197436656845e+01
-2.318564729511187195e-01 8.224551362810924582e-01 3.064718541809319063e+01
-2.336727905344889167e-01 8.251651899059401218e-01 3.077751375705591030e+01
-2.354965312671499778e-01 8.278696208703749670e-01 3.082098984860342128e+01
-2.374062362188966990e-01 8.305644659624569215e-01 3.104614063978445770e+01
-2.393978366471287422e-01 8.332631210025602808e-01 3.130206705972154779e+01
-2.413740761673411894e-01 8.359731523166353817e-01 3.146470053805442291e+01
-2.433809171265390869e-01 8.386496859090694089e-01 3.158315797272538461e+01
-2.453648325889355719e-01 8.413063379610884462e-01 3.172710077242640025e+01
-2.473566124982323478e-01 8.439946744958711777e-01 3.187939655698718866e+01
-2.493932757492066110e-01 8.466900401966558354e-01 3.206373269291817962e+01
-2.513677391715509746e-01 8.494095383457241910e-01 3.223398543357365753e+01
-2.533142557275520068e-01 8.520165395118420859e-01 3.235516349957197235e+01
-2.553193529032766751e-01 8.545931211650282799e-01 3.249984618730257324e+01
-2.573002691919348273e-01 8.571723333711362969e-01 3.271640393642252320e+01
-2.593056658160736161e-01 8.597983156268947935e-01 3.283662775277776547e+01
-2.613036219820389916e-01 8.624449329509688011e-01 3.281237875638824875e+01
-2.632830360245309587e-01 8.651026790877017758e-01 3.293870291609134426e+01
-2.653562953771703703e-01 8.677338742014334416e-01 3.316185371418469430e+01
-2.674851404944099675e-01 8.703733201262329189e-01 3.337865871617404423e+01
-2.696309335127749507e-01 8.730239160754180716e-01 3.355414580878597519e+01
-2.717736921466887834e-01 8.756710718551774519e-01 3.366776573195350153e+01
-2.738942632206959882e-01 8.783403981610788946e-01 3.378222778999035825e+01
-2.759498813380795168e-01 8.810631134781256035e-01 3.403287978728812391e+01
-2.779649742086501840e-01 8.838587298036055806e-01 3.426989783038163750e+01
-2.800130049997860415e-01 8.865251284640327523e-01 3.443607414794642096e+01
-2.821532866428018704e-01 8.891650759273325155e-01 3.459490473925351495e+01
-2.842863063586477113e-01 8.917015242349041193e-01 3.468748946544221923e+01
-2.864504361340605709e-01 8.942567635742504351e-01 3.495675753047116530e+01
-2.885820724641201540e-01 8.968294467298391082e-01 3.513502006138481448e+01
-2.906979910793165978e-01 8.992183079412531255e-01 3.520170023742520726e+01
-2.929895286825224821e-01 9.015691753535074460e-01 3.538909141166369920e+01
-2.952624111977751875e-01 9.040216509702390102e-01 3.547376908607623847e+01
-2.975938453349858404e-01 9.064356151221416580e-01 3.575020632611501270e+01
-2.998731730750519575e-01 9.088991330255035139e-01 3.601975698606294429e+01
-3.021687363834417162e-01 9.113877055648635928e-01 3.617350432702112073e+01
-3.044666082209067648e-01 9.138974622639752798e-01 3.642091354279386195e+01
-3.067243839925849480e-01 9.162382817856399297e-01 3.648425403035439984e+01
-3.090182842452601220e-01 9.185970914302074020e-01 3.655997103659940706e+01
-3.113030440377265173e-01 9.209609834326127897e-01 3.671672772322054357e+01
-3.135918241872224232e-01 9.233983119587992894e-01 3.683003096558420708e+01
-3.158925011940613148e-01 9.258495364954786311e-01 3.711864777744562360e+01
-3.181746346946661697e-01 9.283547881787675982e-01 3.738897241785432612e+01
-3.205515885024094458e-01 9.308487214693466072e-01 3.761894069438540100e+01
-3.229583243202331921e-01 9.333771871464836556e-01 3.775042812603434328e+01
-3.253792560105344678e-01 9.358356953861107774e-01 3.785119651325459245e+01
-3.277756541917793420e-01 9.382897952519893003e-01 3.807811966793550340e+01
-3.301533811624978720e-01 9.407854743051775603e-01 3.838891767857441550e+01
-3.325066081457849765e-01 9.432530121094069298e-01 3.858610558407088575e+01
-3.349417029022590531e-01 9.456899374687002258e-01 3.890524635780024454e+01
-3.374254058606413476e-01 9.480657422204691320e-01 3.899303680772925418e+01
-3.399766149351618472e-01 9.504520947223704663e-01 3.923463233909836845e+01
-3.424843532951625247e-01 9.528534222834345035e-01 3.935759108221358105e+01
-3.449910239704863657e-01 9.552860432793971457e-01 3.950846214339661344e+01
-3.474748055897153298e-01 9.576182285535635996e-01 3.949652887707988214e+01
-3.499826133151519580e-01 9.599466107781957636e-01 3.967961205819094062e+01
-3.525482677016380517e-01 9.622610859528325511e-01 3.991215753674660505e+01
-3.550650628418207666e-01 9.646016523743176085e-01 4.019760790450544619e+01
-3.575997471659931315e-01 9.668959824848631923e-01 4.037032212051511948e+01
-3.600919773848814120e-01 9.691719930715554376e-01 4.042057207789005702e+01
-3.625987045268014852e-01 9.713910352904785439e-01 4.046252445278186372e+01
-3.651649398894820098e-01 9.736235699038865432e-01 4.074763370855790612e+01
-3.677173104173696583e-01 9.759105865822667036e-01 4.074302426436572944e+01
-3.703446872364954956e-01 9.781734575983360713e-01 4.100923044041532961e+01
-3.729401439807614738e-01 9.804365108507158144e-01 4.128034039190280424e+01
-3.755345471819170333e-01 9.827073970108178846e-01 4.154370443792569034e+01
-3.780774123270589371e-01 9.850421068678709702e-01 4.181497354905216923e+01
-3.807229022579234901e-01 9.873497400902664367e-01 4.209054887396778355e+01
-3.833402489247794143e-01 9.896294568489041321e-01 4.209456070659818039e+01
-3.859671512818480532e-01 9.918571046238081612e-01 4.206897395644048743e+01
-3.886538051773504310e-01 9.941068309548574122e-01 4.232859926472895751e+01
-3.912608600552121008e-01 9.963272310742931070e-01 4.234303098756959116e+01
-3.938590299107824211e-01 9.985391101946413661e-01 4.260598086034811161e+01
-3.964240315118879310e-01 1.000769519389614670e+00 4.275988288563346629e+01
-3.989905274280046155e-01 1.003006311374902371e+00 4.300633056096101114e+01
-4.016329419371867937e-01 1.005244591349016670e+00 4.327501916410250260e+01
-4.042416956656344484e-01 1.007510682189639573e+00 4.330207601364027425e+01
-4.068891943823548241e-01 1.009698840501583428e+00 4.327663235074756898e+01
-4.095378465705867277e-01 1.011891615209675077e+00 4.327084055797877227e+01
-4.122219767216869224e-01 1.014115413625189310e+00 4.352685558352307993e+01
-4.148630495365197013e-01 1.016303642925818540e+00 4.353607281582472410e+01
-4.174688860989649308e-01 1.018496780765536069e+00 4.355213315399670648e+01
-4.201091451552577127e-01 1.020619466395023878e+00 4.355543251689478268e+01
-4.227498409837281423e-01 1.022777451586803776e+00 4.352517597314894005e+01
-4.254661247694983550e-01 1.024949522941152269e+00 4.379993499627640574e+01
-4.281658721246148769e-01 1.027117677384105088e+00 4.398523478046715240e+01
-4.308259708659850085e-01 1.029289894156093510e+00 4.396659826972975793e+01
-4.335795123148653007e-01 1.031427845962478607e+00 4.426192732752615200e+01
-4.363064657349188247e-01 1.033603783239323004e+00 4.452035419494826129e+01
-4.390366640993068059e-01 1.035815123113363434e+00 4.480326284300223705e+01
-4.418377728872903143e-01 1.037993740743181403e+00 4.508579586862580157e+01
-4.446294623620457021e-01 1.040134088147323999e+00 4.508547437583007422e+01
-4.474527134505685844e-01 1.042235000353416430e+00 4.537112315345343205e+01
-4.502604459263943038e-01 1.044387021071613075e+00 4.567969958250211704e+01
-4.530617691422489379e-01 1.046569678057784003e+00 4.599391432048851414e+01
-4.559138385312800912e-01 1.048766285744387350e+00 4.630295457508234591e+01
-4.587350927091871089e-01 1.050937732109067824e+00 4.630895386022903182e+01
-4.615136457432800765e-01 1.053132675484835579e+00 4.651695275288351894e+01
-4.643327719249585872e-01 1.055370967419336337e+00 4.681161341533400844e+01
-4.671884696200473974e-01 1.057626584665431357e+00 4.714368165448461667e+01
-4.700697186957703555e-01 1.059883279708682347e+00 4.746505748276008063e+01
-4.729600083433578295e-01 1.062012906743468932e+00 4.748977330978922140e+01
-4.758757886554058625e-01 1.064181597410946312e+00 4.775991013756767245e+01
-4.787486050987367348e-01 1.066393044660769673e+00 4.806951437626808854e+01
-4.816196595236215128e-01 1.068597282137511373e+00 4.835915246062090489e+01
-4.845267212386011879e-01 1.070789445402114737e+00 4.870715844222166169e+01
-4.874764946685669620e-01 1.072972582907172345e+00 4.895867772823226005e+01
-4.903861490896421760e-01 1.075174916156434568e+00 4.925808894035695573e+01
-4.932906893017438010e-01 1.077252383183154638e+00 4.928835467947313731e+01
-4.962671000699604984e-01 1.079178901417496395e+00 4.933249971967349268e+01
-4.993014142529183519e-01 1.081125160098449500e+00 4.969230341431241982e+01
-5.022707919430933199e-01 1.083069015545266245e+00 4.995676019492501041e+01
-5.052108208755090590e-01 1.085023466314096519e+00 5.026235803308809125e+01
-5.081036530514945193e-01 1.087020475721223400e+00 5.032290864339651648e+01
-5.110374599869001999e-01 1.088997388448556425e+00 5.061727677222496169e+01
-5.139212124024117312e-01 1.090976920446483645e+00 5.062618296278461116e+01
-5.168157121345485772e-01 1.092947824171857985e+00 5.086554428182088827e+01
-5.196891206817367825e-01 1.094869924362427582e+00 5.087188987094432235e+01
-5.225685294042498041e-01 1.096759923427101935e+00 5.092307635226774210e+01
-5.254524471473427383e-01 1.098635170338067457e+00 5.095747263944218730e+01
-5.283361142410774036e-01 1.100471351924751096e+00 5.092143309294316822e+01
-5.312547950671410169e-01 1.102297834210496541e+00 5.117641890231746515e+01
-5.342056996553248283e-01 1.104145941756997429e+00 5.139942659179820339e+01
-5.371389154030853375e-01 1.106004280038815457e+00 5.139917594054811190e+01
-5.400863119885442876e-01 1.107780230009427491e+00 5.138947011986070379e+01
-5.430010393199092844e-01 1.109552034183169056e+00 5.157427898727610227e+01
-5.459513327300805630e-01 1.111369317467387985e+00 5.183868615429463489e+01
-5.488551599090961686e-01 1.113281748804465066e+00 5.188085651546700916e+01
-5.517229475478063749e-01 1.115219106985880781e+00 5.194140087460048960e+01
-5.546723069067718281e-01 1.117132354923930260e+00 5.219238478056661279e+01
-5.576180614346079034e-01 1.119032768727893812e+00 5.253676815557617630e+01
-5.606685197540072219e-01 1.120968014496224185e+00 5.286536430634248518e+01
-5.636786738619475878e-01 1.122880621674226864e+00 5.289362739477882513e+01
-5.666789599429641333e-01 1.124764287006844388e+00 5.314627223970209258e+01
-5.696617304252534764e-01 1.126606258915936687e+00 5.316407283684156226e+01
-5.725675934666913935e-01 1.128409353129928183e+00 5.342989497468406057e+01
-5.754183060227568980e-01 1.130261122496186932e+00 5.343213614746088069e+01
-5.783292841987792698e-01 1.132063667924001926e+00 5.348958457827304613e+01
-5.812570605722441330e-01 1.133826908943932565e+00 5.355914072055602304e+01
-5.842725482687204375e-01 1.135628376072301382e+00 5.377192927671602263e+01
-5.872661500665741219e-01 1.137352495530575158e+00 5.384710056593048932e+01
-5.903439212728027741e-01 1.139115689150951072e+00 5.411429646304523544e+01
-5.933993217008595167e-01 1.140890354646845628e+00 5.419614501895629388e+01
-5.965049119593582860e-01 1.142642767171517360e+00 5.431266683635910653e+01
-5.996280058781235933e-01 1.144412596266040749e+00 5.451175346095036645e+01
-6.027508194133871511e-01 1.146210938958517112e+00 5.479283609773225550e+01
-6.058952147826219825e-01 1.147957620215033225e+00 5.483614965256195006e+01
-6.090347938661805349e-01 1.149666464245115982e+00 5.482930977692746666e+01
-6.121955262670621956e-01 1.151321414789252540e+00 5.481329230133530928e+01
-6.152813907734103749e-01 1.152969774170431894e+00 5.496813500223419169e+01
-6.184060401140170082e-01 1.154639583457377050e+00 5.529547616691545642e+01
-6.215587816128341769e-01 1.156305298130037240e+00 5.551532327353478991e+01
-6.246872141538314382e-01 1.158099431603352159e+00 5.566327584547280338e+01
-6.277673629607070094e-01 1.159881293110642364e+00 5.586900532548646225e+01
-6.309186322112014800e-01 1.161695465826504625e+00 5.613081042174289337e+01
-6.341016665158626386e-01 1.163353853908214663e+00 5.627912077302383409e+01
-6.373185718588498805e-01 1.164943274908432302e+00 5.640715561653645693e+01
-6.404884830344036439e-01 1.166578376356981472e+00 5.648736623678605184e+01
-6.435266845220746212e-01 1.168177711500092419e+00 5.669084262434513022e+01
-6.465359306271615258e-01 1.169860498750016520e+00 5.683309437384401974e+01
-6.495890085595100727e-01 1.171595310798295264e+00 5.694720853879341860e+01
-6.526325074682129967e-01 1.173313043661895927e+00 5.691594102061893068e+01
-6.557171065342015659e-01 1.174884880069982263e+00 5.694675322068044920e+01
-6.588741964337033741e-01 1.176480456622184478e+00 5.716536528058682620e+01
-6.620233395444121705e-01 1.178025765265834135e+00 5.726743891468787950e+01
-6.651983425384436766e-01 1.179607586427560584e+00 5.739024282041225433e+01
-6.683906741110241523e-01 1.181173211253334410e+00 5.754462192835878653e+01
-6.716032242362046656e-01 1.182771959535187323e+00 5.770089994738179229e+01
-6.747932833329206570e-01 1.184362320647924793e+00 5.797614313224547544e+01
-6.779904243549830234e-01 1.185962687208257371e+00 5.826916409513048478e+01
-6.811653195508617920e-01 1.187448837668393375e+00 5.843466998075573571e+01
-6.843383405634004824e-01 1.188939825393006799e+00 5.850520059873583278e+01
-6.875432391365726703e-01 1.190443810039930161e+00 5.859908290452558077e+01
-6.907604046458889480e-01 1.191996221318831761e+00 5.871534330275790836e+01
-6.939407725726685072e-01 1.193623470190433800e+00 5.887642196739442824e+01
-6.971325031809962880e-01 1.195273000681407627e+00 5.898564218692350636e+01
-7.003250692053166748e-01 1.196946797653269279e+00 5.911917849886353338e+01
-7.035313848322962693e-01 1.198608713986598406e+00 5.926194645389801252e+01
-7.066941659479445415e-01 1.200236075288244830e+00 5.934463750206573707e+01
-7.098350165112462529e-01 1.201953934093474397e+00 5.943512195500279915e+01
-7.129437808145551170e-01 1.203728913406315604e+00 5.954462596814303765e+01
-7.160472664013167732e-01 1.205499678057613933e+00 5.977706645337173086e+01
-7.191520569056208956e-01 1.207244629889791643e+00 6.000479089811586420e+01
-7.223263632139277357e-01 1.209030716838933595e+00 6.016352594269197596e+01
-7.255579820965177840e-01 1.210673373392819219e+00 6.022486985689309336e+01
-7.288056451857353180e-01 1.212226314007847749e+00 6.032421908787066656e+01
-7.321438986315487174e-01 1.213812899915946319e+00 6.048712742035087331e+01
-7.355190115996937950e-01 1.215391304174157527e+00 6.059865248774626423e+01
-7.389100757210926851e-01 1.216928438966526915e+00 6.078036662266849532e+01
-7.422781846106309978e-01 1.218455843858357035e+00 6.103800973369138205e+01
-7.456763773851741162e-01 1.219987102447414928e+00 6.136706066714864960e+01
-7.490843852785847856e-01 1.221537511750205862e+00 6.174382895097419777e+01
-7.524606171209886618e-01 1.223121976243689790e+00 6.202931266381940389e+01
-7.558151093402544207e-01 1.224615368774311985e+00 6.212964092006348693e+01
-7.591775266517439835e-01 1.226060356664989692e+00 6.218614565209375655e+01
-7.625370487166285294e-01 1.227389784770352321e+00 6.228101763085291509e+01
-7.657686303330191180e-01 1.228684881147691588e+00 6.246353423348056566e+01
-7.689748319218405737e-01 1.229981694874193288e+00 6.251911556308872520e+01
-7.722305390824302229e-01 1.231319406694699525e+00 6.260827492387873860e+01
-7.754726448757771617e-01 1.232683005546304722e+00 6.265460869035035785e+01
-7.786944211428860063e-01 1.234033133120118420e+00 6.277794885172856709e+01
-7.819558990946942068e-01 1.235385976458977186e+00 6.291143546824197585e+01
-7.852549011997589368e-01 1.236665864379925983e+00 6.306532319762170147e+01
-7.886182465009486942e-01 1.237993166650932952e+00 6.327851883004139211e+01
-7.920016820778713607e-01 1.239276816124420977e+00 6.345549726818116909e+01
-7.953383150792783240e-01 1.240546386700789760e+00 6.372281542890748796e+01
-7.987430439043038399e-01 1.241879992814285183e+00 6.402891096452825082e+01
-8.021594299938363815e-01 1.243269694180487495e+00 6.423369885005594426e+01
-8.055689471425673265e-01 1.244643880318478057e+00 6.432691902240888737e+01
-8.089486780157919554e-01 1.246024147865244291e+00 6.436406650042634681e+01
-8.123634129550479921e-01 1.247414978901357108e+00 6.449591861615705568e+01
-8.157575387539803824e-01 1.248778565415307629e+00 6.455833030813373341e+01
-8.192358559683854402e-01 1.250163195692407525e+00 6.465691294540145861e+01
-8.227027311241313923e-01 1.251527351606326777e+00 6.486679045339027994e+01
-8.261290855131017130e-01 1.252900419750182293e+00 6.507542111876904301e+01
-8.295858150570759593e-01 1.254349884604048615e+00 6.530046283751958924e+01
-8.330353421398244418e-01 1.255773666724414817e+00 6.542881669777389675e+01
-8.364755123112418422e-01 1.257173002798615880e+00 6.559062873941655880e+01
-8.398619708494028391e-01 1.258612969710315221e+00 6.569699200366984826e+01
-8.432468415773742842e-01 1.260038515946400928e+00 6.578843743907000885e+01
-8.466100642310377955e-01 1.261439225894895211e+00 6.584714948191644623e+01
-8.499645303394716134e-01 1.262821741687064181e+00 6.597473857566332356e+01
-8.533052484814928063e-01 1.264249083553634190e+00 6.613815793593064996e+01
-8.566464430575995159e-01 1.265662094474706567e+00 6.629516616611616087e+01
-8.600424639200110466e-01 1.267079440403689139e+00 6.646548073507008780e+01
-8.633890762511710060e-01 1.268505211758848228e+00 6.659818302951865121e+01
-8.667756015645310397e-01 1.269875035687787923e+00 6.669958653802453341e+01
-8.702040292734188887e-01 1.271179451762821655e+00 6.683438937156923032e+01
-8.736797272618215260e-01 1.272504990756494925e+00 6.697116487117878592e+01
-8.772466686389657209e-01 1.273900893172772442e+00 6.718751005609726690e+01
-8.807863214123327067e-01 1.275284064886977875e+00 6.741928974558312859e+01
-8.843002243552136044e-01 1.276675566911890769e+00 6.760244348944037540e+01
-8.877660729817856700e-01 1.278003356360863485e+00 6.773974203995204846e+01
-8.912523309212346811e-01 1.279345496009017369e+00 6.793375423722920914e+01
-8.947345402352822052e-01 1.280695281379968797e+00 6.816860984367633591e+01
-8.982278521954405459e-01 1.281994681659800461e+00 6.836262045527223563e+01
-9.016817650205313228e-01 1.283344546449731283e+00 6.854153682026726813e+01
-9.051777002317045184e-01 1.284709827847938968e+00 6.873960661257616778e+01
-9.086614486786162015e-01 1.286054045691103154e+00 6.899429806720775105e+01
-9.121230511479631042e-01 1.287420356274152855e+00 6.924688697401410309e+01
-9.156318036567647756e-01 1.288774245793225859e+00 6.953039487024594223e+01
-9.191540737002710237e-01 1.290022635675655449e+00 6.972223363493020543e+01
-9.226942474209599565e-01 1.291267897806582354e+00 6.994834299935570243e+01
-9.262417757659900941e-01 1.292528195021470871e+00 7.026790970706865380e+01
-9.298406822598914712e-01 1.293773961689351326e+00 7.054047336405936619e+01
-9.333757809576094244e-01 1.295011041980030697e+00 7.081623884395723678e+01
-9.368952592656721867e-01 1.296261484625304439e+00 7.102296169633765999e+01
-9.404824390092025865e-01 1.297547011876762024e+00 7.124507942778205916e+01
-9.441164450274501796e-01 1.298781275248053646e+00 7.143574589470598823e+01
-9.477590397570270220e-01 1.300032460104468823e+00 7.161185713580928791e+01
-9.514049281055388940e-01 1.301261055704099112e+00 7.177301993521082579e+01
-9.549807605508254804e-01 1.302444250732411657e+00 7.194919117165375155e+01
-9.585210306214686504e-01 1.303587842567703659e+00 7.215314357085783570e+01
-9.621081480235849082e-01 1.304800204465847324e+00 7.236465086145165060e+01
-9.656476681491861225e-01 1.306071543866931250e+00 7.250600538052555066e+01
-9.692038485640857015e-01 1.307275492075640422e+00 7.262010313853976129e+01
-9.727144717872997504e-01 1.308386251050548399e+00 7.275376198683215989e+01
-9.762841319327520972e-01 1.309526707785612309e+00 7.290625428631057048e+01
-9.798651369827704460e-01 1.310629880442127471e+00 7.305401927657291594e+01
-9.834277310396967176e-01 1.311673961863995430e+00 7.321248173892395528e+01
-9.869622310873187310e-01 1.312712909842221443e+00 7.338366344891404935e+01
-9.905173808822277381e-01 1.313757683960585343e+00 7.355135175938620762e+01
-9.940663767740974821e-01 1.314813870991245137e+00 7.374566718335728410e+01
-9.976210851084967857e-01 1.315818454534973814e+00 7.388865017990727324e+01
-1.001156924108212554e+00 1.316801153222896703e+00 7.399694781475977834e+01
-1.004665268361828012e+00 1.317758986330793469e+00 7.416701471604164908e+01
-1.008233837537273248e+00 1.318756447179170621e+00 7.437247367713371204e+01
-1.011813977375069395e+00 1.319743545531250062e+00 7.458945216763112285e+01
-1.015415443360286440e+00 1.320739997179619651e+00 7.483598557863571443e+01
-1.019004489090364229e+00 1.321727924553609990e+00 7.509330077452010244e+01
-1.022593453022680787e+00 1.322684290037109189e+00 7.530876279772517989e+01
-1.026211235829567858e+00 1.323646650554654247e+00 7.558551182453311412e+01
-1.029815461382338482e+00 1.324558762038072990e+00 7.581351171753586016e+01
-1.033383584401228461e+00 1.325533484184422406e+00 7.602670261277100394e+01
-1.036959730222258180e+00 1.326493623963741486e+00 7.621353667367652918e+01
-1.040562241815588873e+00 1.327473606582668220e+00 7.642604479851623012e+01
-1.044182781678312244e+00 1.328458509682552524e+00 7.666405559248546808e+01
-1.047809716080213782e+00 1.329418432055507360e+00 7.688060168171293185e+01
-1.051406979626505755e+00 1.330376488332581708e+00 7.709771788792969005e+01
-1.054983698940356707e+00 1.331264535901526713e+00 7.721318295669867382e+01
-1.058627802259172634e+00 1.332188184923794871e+00 7.738093869700335858e+01
-1.062283729337642590e+00 1.333134195168408587e+00 7.756853111493835229e+01
-1.065967877191843050e+00 1.334087050721141754e+00 7.778907975134079322e+01
-1.069611083144895947e+00 1.334984727707018370e+00 7.803733794498560883e+01
-1.073265187321648328e+00 1.335884494970801972e+00 7.829965135956784650e+01
-1.076940950045792045e+00 1.336778862378648736e+00 7.859908998529841995e+01
-1.080598636115430278e+00 1.337677126353980173e+00 7.888501413081026215e+01
-1.084257130251772283e+00 1.338521776862059642e+00 7.913593095353843410e+01
-1.087916851462861212e+00 1.339332054587783150e+00 7.934745070928470057e+01
-1.091536715939410263e+00 1.340097970210670564e+00 7.956776723125985029e+01
-1.095143070116682438e+00 1.340859760811316859e+00 7.978616539045110301e+01
-1.098729597674539260e+00 1.341588674032005768e+00 8.001340679822182267e+01
-1.102325592041520252e+00 1.342312157895641622e+00 8.021896124326931954e+01
-1.105931142052493765e+00 1.342973585130873726e+00 8.042603956809752219e+01
-1.109511185116149656e+00 1.343615760296649642e+00 8.066494346948157101e+01
-1.113084161732944999e+00 1.344231149323075414e+00 8.084593132827581030e+01
-1.116604627243254599e+00 1.344896472378349417e+00 8.101329156142689669e+01
-1.120152932319296024e+00 1.345579245522904532e+00 8.122772037562678804e+01
-1.123652475789131522e+00 1.346297668397187897e+00 8.142261180212275917e+01
-1.127126735354690545e+00 1.346958890967773437e+00 8.163875927368648888e+01
-1.130619988519098396e+00 1.347626304113485274e+00 8.185005221500615846e+01
-1.134070948608060014e+00 1.348318933798595909e+00 8.205285836494314822e+01
-1.137552588500642337e+00 1.348947495859900148e+00 8.221982177550991366e+01
-1.141013030042334675e+00 1.349538452473378225e+00 8.235967154910949262e+01
-1.144509632545163136e+00 1.350162133859110103e+00 8.250131602848644263e+01
-1.148039071091933039e+00 1.350785855197892849e+00 8.266328343328790140e+01
-1.151577565638901790e+00 1.351401006417824346e+00 8.285515897182375511e+01
-1.155067625887354898e+00 1.351962271744156840e+00 8.306650218399268226e+01
-1.158554809430261567e+00 1.352492774102303841e+00 8.330271973768655869e+01
-1.162001769062286805e+00 1.353047583670990983e+00 8.350949423533069194e+01
-1.165425522981257123e+00 1.353627650443142372e+00 8.368703052252411112e+01
-1.168851885659082601e+00 1.354173524417308316e+00 8.385519092611619385e+01
-1.172298995312214043e+00 1.354691230329111207e+00 8.401320012332368492e+01
-1.175771072012276486e+00 1.355199875349253125e+00 8.418539196830086269e+01
-1.179249261754751199e+00 1.355715490383685218e+00 8.436482358948411786e+01
-1.182727325686094177e+00 1.356218306781350025e+00 8.454045438285994862e+01
-1.186190453144647439e+00 1.356701780389260703e+00 8.470750382580222038e+01
-1.189602648264348694e+00 1.357147552889393483e+00 8.488076497059992676e+01
-1.193061554974747862e+00 1.357602948620280747e+00 8.505704131149363434e+01
-1.196496452796775189e+00 1.358073251772621504e+00 8.521306129697678955e+01
-1.199894030936907496e+00 1.358559401050085214e+00 8.536135231753898722e+01
-1.203303652445790739e+00 1.359064947493173081e+00 8.551170783827990363e+01
-1.206679374171801600e+00 1.359504991436596200e+00 8.568924828357855006e+01
