6.380386223458405035e-04 1.031979607769733555e-03 -6.371725381300810676e-02
6.730937563758834091e-04 1.944419912319728192e-03 -7.227612473694033923e-02
7.002036935905064713e-04 3.140799074005371384e-03 -7.461748231196539682e-02
6.186365520236340428e-04 4.373194097051870399e-03 -4.251668048755888329e-02
5.956566625985248390e-04 5.742561346536058722e-03 -6.477048872339878291e-03
6.568568921221974461e-04 7.239996533112942959e-03 4.817714564048904829e-02
7.301815094877660978e-04 8.873153533322885797e-03 1.093215675611591831e-01
7.653520871188851989e-04 1.065247846556253639e-02 1.629243891170490677e-01
8.048357056343161163e-04 1.259159162525840675e-02 2.044002501622604329e-01
8.444178584061429096e-04 1.460406068367517060e-02 2.293405404203833209e-01
8.519301856445597124e-04 1.665805686761793677e-02 2.549828637586943891e-01
8.882042291439987743e-04 1.882782383638766793e-02 2.737973039870957859e-01
9.274489137494573796e-04 2.113503324652089843e-02 2.936709482055259168e-01
1.001736262456163389e-03 2.352411819821507988e-02 3.241060076850669214e-01
1.072601154988508856e-03 2.594801424223100450e-02 3.696992033023610569e-01
1.125999340451492225e-03 2.844240307135887519e-02 3.919603605592209550e-01
1.186367326278596826e-03 3.098065859564593655e-02 4.086349293213545897e-01
1.237389524888440418e-03 3.358140839456638660e-02 4.319032886616893663e-01
1.303426292177640479e-03 3.621757512055789191e-02 4.557087389040694880e-01
1.348180914605838802e-03 3.891209212380853516e-02 4.917054525064393222e-01
1.428428950936931445e-03 4.170558182396010699e-02 5.479119560402607725e-01
1.457236859224784629e-03 4.448977134192237670e-02 6.062327587082145808e-01
1.496532626791225763e-03 4.729154172010159585e-02 6.531536808679404560e-01
1.516703448872440190e-03 5.018519130547235280e-02 6.874804124679365636e-01
1.536782348331896739e-03 5.310976445253923206e-02 7.224384020470752121e-01
1.593797224022677457e-03 5.610594832091025941e-02 7.558444426498126534e-01
1.664288434055238462e-03 5.912271427395775908e-02 7.791646278916242174e-01
1.755866810218212641e-03 6.221155211168365867e-02 8.059985717683689765e-01
1.821958096140149051e-03 6.532072743212678778e-02 8.309896047079372572e-01
1.899774081548680693e-03 6.843484224543015804e-02 8.516182812229492471e-01
1.989003291703939254e-03 7.157762749738370844e-02 8.706394168409564704e-01
2.108945660204471044e-03 7.479372152010405062e-02 8.979196277118144387e-01
2.231021781989718338e-03 7.804002206985503898e-02 9.348584152198525787e-01
2.363790748461176879e-03 8.127800382879590835e-02 9.793549163941170921e-01
2.521952412953098847e-03 8.449216283779162340e-02 1.019407742953919227e+00
2.707336985959967173e-03 8.767654547848613422e-02 1.053681878670988947e+00
2.884115846009130835e-03 9.088984439307382091e-02 1.091001138288173911e+00
3.059088212161447870e-03 9.414197563870929653e-02 1.133011576711969282e+00
3.270083262207896038e-03 9.746730281373285065e-02 1.179891694458318208e+00
3.459863091210796816e-03 1.008281545432313381e-01 1.224685801513012207e+00
3.634880423103315893e-03 1.042106895530063443e-01 1.266482203540848950e+00
3.784849253610722119e-03 1.075981445061035130e-01 1.304239907114055796e+00
3.891413110063116857e-03 1.110020368021640003e-01 1.339976882184319651e+00
4.004473975899044448e-03 1.144339114836817606e-01 1.378856784385414702e+00
4.112734738780406477e-03 1.178512584808683178e-01 1.420436136949297490e+00
4.201695894575615924e-03 1.212716388406390733e-01 1.462600847975481511e+00
4.266928797550403017e-03 1.246818589313864745e-01 1.503802879295158768e+00
4.271429778626082210e-03 1.280827792818852728e-01 1.546550854975847322e+00
4.289875672807363927e-03 1.314768063374577300e-01 1.583744575439742563e+00
4.276695765357201723e-03 1.349142974867519884e-01 1.607722133274962717e+00
4.274963387415199427e-03 1.383551969192154674e-01 1.637136389065420694e+00
4.240427222298681804e-03 1.418263743013373490e-01 1.661763725074635989e+00
4.181861293361758755e-03 1.452920055396901555e-01 1.686280235645001069e+00
4.099537721529170065e-03 1.487500262192259226e-01 1.715870034670590627e+00
4.001216054237942410e-03 1.522082878078191426e-01 1.752805997334129451e+00
3.954027361374785714e-03 1.556233353509395290e-01 1.786247430738180153e+00
3.887657766175041472e-03 1.590476932757470263e-01 1.814704838589539904e+00
3.769040581608185635e-03 1.625058925338987437e-01 1.839806714745834348e+00
3.663804384431451622e-03 1.659846157093303187e-01 1.871974447003556197e+00
3.577424811130053370e-03 1.694961929099793874e-01 1.909388821554124149e+00
3.486526741457621204e-03 1.730207107197089533e-01 1.948942025659819999e+00
3.399067540288121508e-03 1.765353886920834892e-01 1.984667665509882051e+00
3.347810282979700978e-03 1.800200906525825928e-01 2.022394640543639266e+00
3.265167619639309290e-03 1.834962870850770367e-01 2.059956483683238027e+00
3.245104148871519236e-03 1.869901623776223931e-01 2.092458774698870094e+00
3.242663407062603906e-03 1.905293673915002262e-01 2.125814387588914833e+00
3.216507964599121892e-03 1.940622847395498118e-01 2.158414499914044438e+00
3.212151113256739385e-03 1.976250693559559735e-01 2.197569034540158395e+00
3.229364969814697058e-03 2.011592951601872958e-01 2.233717888127228601e+00
3.213276215390296463e-03 2.046790494424931550e-01 2.276511845010359192e+00
3.219663771624206583e-03 2.082334936457399532e-01 2.315180197940556184e+00
3.234547851496775810e-03 2.117888424359921362e-01 2.357793429043042455e+00
3.253943669722423378e-03 2.153590178546797296e-01 2.407804933111815870e+00
3.301537061977269458e-03 2.189540473632103357e-01 2.460466997904639186e+00
3.377987582290329065e-03 2.224978632118651267e-01 2.506294687752355088e+00
3.452811884723437814e-03 2.260247373921934477e-01 2.556138873845124060e+00
3.481650503728181325e-03 2.295431939684414446e-01 2.607503490666577495e+00
3.517891980554312646e-03 2.330567489834425576e-01 2.649361971631853496e+00
3.489505797690714648e-03 2.365959409679447845e-01 2.691455640218750389e+00
3.470578026715393991e-03 2.401127556796072704e-01 2.736897877674576041e+00
3.431199354536478095e-03 2.436290882211638587e-01 2.782369927586135994e+00
3.351951893454213540e-03 2.471885778048891202e-01 2.825379410798966706e+00
3.316528529801785787e-03 2.507949172008745453e-01 2.867694008205338374e+00
3.270150938711867666e-03 2.543944271437491578e-01 2.912053662540961874e+00
3.240189489928325429e-03 2.580033054422111727e-01 2.953768135466804168e+00
3.186504893270263039e-03 2.616017579476317412e-01 2.995265360361421880e+00
3.107871741200190965e-03 2.652041221555534456e-01 3.035323124201087186e+00
2.965922727255441808e-03 2.687804938049157544e-01 3.076722357004822772e+00
2.840410824914726181e-03 2.723505600154133011e-01 3.109728786193580063e+00
2.690477171498215948e-03 2.759124511910442390e-01 3.149207615484252099e+00
2.562002352656233932e-03 2.794488997786660489e-01 3.191967893635432763e+00
2.421685620964129752e-03 2.829899931711569172e-01 3.242241004211291688e+00
2.243861917994751601e-03 2.865095842528367354e-01 3.293796413419281865e+00
2.107193545494774611e-03 2.900508798897285523e-01 3.335976498168664595e+00
1.941844174007690063e-03 2.936104331708100923e-01 3.367311239986257476e+00
1.810951145402090639e-03 2.971643060197368125e-01 3.401273700504917397e+00
1.701651940020395496e-03 3.006889331790114639e-01 3.439532355998489610e+00
1.566569597072299232e-03 3.042413861165005340e-01 3.475699632828098018e+00
1.366661396739717168e-03 3.077442845797851989e-01 3.515008248175975680e+00
1.214483143136882480e-03 3.112835587331377885e-01 3.563556692381510516e+00
1.047468755029692380e-03 3.148106459647119770e-01 3.601139546238363742e+00
9.193853688520602172e-04 3.182983489919201658e-01 3.637199783142250009e+00
7.778455688536335677e-04 3.218225526859104790e-01 3.666074931768096956e+00
6.929252912292070340e-04 3.252901959973206747e-01 3.692658490268052152e+00
6.101417122996675166e-04 3.287792607482983298e-01 3.719177043676852978e+00
5.210251220218414629e-04 3.322764415321279863e-01 3.752224014526291285e+00
4.071089468874956505e-04 3.357755563768654583e-01 3.788588162419307626e+00
2.936406118264160421e-04 3.392608206416095618e-01 3.811773413861388349e+00
1.635090186084773580e-04 3.427682426093826562e-01 3.837984911766845642e+00
-4.912575698233452364e-05 3.462272895708271570e-01 3.868111585555586984e+00
-3.327522767913187757e-04 3.496442077574454244e-01 3.897424130119956587e+00
-6.163573865526127214e-04 3.530694280792370243e-01 3.924660641437133002e+00
-9.830980719689598295e-04 3.564994945389480252e-01 3.953364468283067978e+00
-1.372226260318011766e-03 3.599828205340896425e-01 3.977152645272961529e+00
-1.724267542772602068e-03 3.634407239955755320e-01 4.001054391107466301e+00
-2.031886312352084844e-03 3.669428397343804105e-01 4.026709657975385603e+00
-2.281388695519113736e-03 3.704886088649297915e-01 4.063679926376875251e+00
-2.505748235315385583e-03 3.740162344164535968e-01 4.107358201760430205e+00
-2.749406617580102755e-03 3.775347880455122707e-01 4.142238064658683605e+00
-3.006593734588789649e-03 3.810654201689491205e-01 4.177441722322163820e+00
-3.276966369968134334e-03 3.846077164116986080e-01 4.212719475809382885e+00
-3.543076830069456784e-03 3.881334947152008663e-01 4.239258352815530095e+00
-3.769132732345193727e-03 3.917014043140858992e-01 4.275596691336896349e+00
-3.990424613886912018e-03 3.952663307973628970e-01 4.311610975370670396e+00
-4.183755073654232826e-03 3.987836994692083303e-01 4.344896815829227599e+00
-4.403382132242568414e-03 4.023252737752872621e-01 4.378751070297642656e+00
-4.647318543287772517e-03 4.058590373553179753e-01 4.417111538334152598e+00
-4.913324864454867227e-03 4.094176964068524383e-01 4.456477539728237680e+00
-5.195914768728099667e-03 4.129654907370501338e-01 4.499057816062787651e+00
-5.448471179809959326e-03 4.164860684624375753e-01 4.543196878512905101e+00
-5.670829089231216660e-03 4.199763133372599877e-01 4.584814240388177531e+00
-5.936647672613403967e-03 4.235169724789907275e-01 4.623521859637287790e+00
-6.265217006200261667e-03 4.270255084566457748e-01 4.659495154526183569e+00
-6.536732704523387505e-03 4.304891912350903294e-01 4.696256452881132581e+00
-6.842950426593187412e-03 4.339958108796703740e-01 4.728160666410185620e+00
-7.154031197374946180e-03 4.374941488642614673e-01 4.760188468496253655e+00
-7.453253606319661974e-03 4.410083818113633702e-01 4.795265408524678641e+00
-7.765140385365121127e-03 4.445345401381931016e-01 4.833942074582551207e+00
-8.149586165367171675e-03 4.480149209063867821e-01 4.885390491291214943e+00
-8.590008988615342039e-03 4.514628059292192797e-01 4.941063298554243310e+00
-9.041878159983324920e-03 4.549293620099325586e-01 4.994959375713210470e+00
-9.469999715508152505e-03 4.583851320807294516e-01 5.042254681414501505e+00
-9.864198061397218276e-03 4.618196563369825758e-01 5.097289160910654537e+00
-1.027019028990499086e-02 4.652425500368910782e-01 5.142495383069571879e+00
-1.066966133057304505e-02 4.686851692281364112e-01 5.187885226957146934e+00
-1.104305214296788691e-02 4.721595779432760098e-01 5.239455042839361809e+00
-1.142938289752617673e-02 4.755904535246681109e-01 5.283717079223640312e+00
-1.181103383840882530e-02 4.790377482848498514e-01 5.331932475994109133e+00
-1.218773180723062462e-02 4.824998867553504933e-01 5.368687888371155736e+00
-1.257490844849591845e-02 4.859691338541454186e-01 5.387620829121776644e+00
-1.297190016696334915e-02 4.894552485819816945e-01 5.418627697229045026e+00
-1.330861069364127486e-02 4.929973760028090735e-01 5.454241223772395841e+00
-1.366221381527066465e-02 4.965313291202484436e-01 5.484780056942040183e+00
-1.399733463835668192e-02 5.000490339792397210e-01 5.515772140459032080e+00
-1.434003424003723812e-02 5.035436732253503189e-01 5.545369840782270465e+00
-1.472807835428548845e-02 5.070188378372114668e-01 5.576030667842475808e+00
-1.509228538913490528e-02 5.104784416927594659e-01 5.605726191803887204e+00
-1.546068631048188105e-02 5.139478709959747205e-01 5.644330315389274766e+00
-1.582850462481246584e-02 5.174211042175801412e-01 5.685378397303487930e+00
-1.620385691506170955e-02 5.208861259726830228e-01 5.720189781210649471e+00
-1.659947273821879912e-02 5.242917407859616352e-01 5.761863413841674664e+00
-1.698153098431107177e-02 5.277243610181675537e-01 5.827657437993234879e+00
-1.738898615472961665e-02 5.312054426972716570e-01 5.881319356641082408e+00
-1.784156199216139008e-02 5.346621491448967367e-01 5.929060090895251101e+00
-1.828359204092738430e-02 5.381416606360617250e-01 5.978863906228822245e+00
-1.874299243860409400e-02 5.416332729573460902e-01 6.030477935626579189e+00
-1.919190484459552468e-02 5.451564688222103605e-01 6.085318356643930393e+00
-1.961760435013028617e-02 5.486683800548933787e-01 6.137285658695675217e+00
-2.005615480441332379e-02 5.521902642050118271e-01 6.186429508163759472e+00
-2.051960523944761430e-02 5.556997391432029199e-01 6.239128386597318610e+00
-2.091184291040310353e-02 5.592237616099576814e-01 6.292872059780609817e+00
-2.132763278112254426e-02 5.627401335081855249e-01 6.366828165352903746e+00
-2.171291734024761999e-02 5.662355697712515568e-01 6.437405536761705349e+00
-2.205763868066473385e-02 5.697092267869366955e-01 6.502675590458750321e+00
-2.239463020072626764e-02 5.731718296654495504e-01 6.546659579546115104e+00
-2.272038824636540486e-02 5.766573280323449291e-01 6.604306843906420532e+00
-2.304612682762289047e-02 5.801450990062708701e-01 6.657141177755003802e+00
-2.338233602264709263e-02 5.836415949329029074e-01 6.714846726371837882e+00
-2.375183264024218963e-02 5.871748954405842102e-01 6.754833503069238354e+00
-2.414595089992323945e-02 5.907259078450779466e-01 6.779474030308082710e+00
-2.452927040632351535e-02 5.942564817593557480e-01 6.812120754116507193e+00
-2.488704649831165183e-02 5.978183074766414418e-01 6.838263347564510930e+00
-2.522917480455296249e-02 6.014072615700394309e-01 6.847295662415546325e+00
-2.555800499469476975e-02 6.049766117982866565e-01 6.844672885386407835e+00
-2.584164149100636604e-02 6.084993664377291722e-01 6.845346391897007443e+00
-2.613450187449255571e-02 6.120266780444642007e-01 6.846984510435276228e+00
-2.638312815318602511e-02 6.155037424637063159e-01 6.860726436441058063e+00
-2.667614328127924928e-02 6.189872401293217141e-01 6.877176043951508611e+00
-2.693282371180458559e-02 6.225190606155692752e-01 6.896895397205317302e+00
-2.718320158671533662e-02 6.260855414828099264e-01 6.920712790839825601e+00
-2.747022859597445660e-02 6.296907769286876899e-01 6.948173027544521929e+00
-2.778756523945478604e-02 6.332961432396035928e-01 6.977537001986833687e+00
-2.807288611680891846e-02 6.368446849609129545e-01 6.995985161249134165e+00
-2.835554558440607151e-02 6.403833635078240993e-01 7.024500964771445588e+00
-2.871677360150431610e-02 6.438857306748380083e-01 7.070917422577405631e+00
-2.908866945929242803e-02 6.474183544431518778e-01 7.099525306566384586e+00
-2.948154741615852462e-02 6.509527856628675169e-01 7.121097925744053647e+00
-2.990012723614012338e-02 6.544886336937567606e-01 7.146363405235396371e+00
-3.033809799767287277e-02 6.580147404530167776e-01 7.163179571851862271e+00
-3.072767506701494858e-02 6.614899538777400112e-01 7.174044164286664582e+00
-3.114425452260591309e-02 6.649615161130116858e-01 7.170751870092644253e+00
-3.150880130318354372e-02 6.683800248735587424e-01 7.164683050038909151e+00
-3.188185062984350698e-02 6.718137721840145016e-01 7.183860351985123849e+00
-3.224755604748381216e-02 6.752410403090092217e-01 7.199972944501641159e+00
-3.257259004429157584e-02 6.787101435404678806e-01 7.222658344370141315e+00
-3.291289706707210133e-02 6.821792865970961461e-01 7.256939395315659347e+00
-3.324970041842501695e-02 6.856760663486903828e-01 7.286455213495376171e+00
-3.358282234613357148e-02 6.891749324604743432e-01 7.322850834225575589e+00
-3.396067596786596365e-02 6.927428691326993349e-01 7.361998944765715258e+00
-3.434428145374477520e-02 6.963102114255154129e-01 7.392594121016315079e+00
-3.470107513134605692e-02 6.999462152116366909e-01 7.424469392998581441e+00
-3.504010992883530018e-02 7.036016620052127912e-01 7.442656550261876447e+00
-3.536965534042457032e-02 7.072287241101102850e-01 7.449574071262683894e+00
-3.572022888550190761e-02 7.108175805537786385e-01 7.466904698057420298e+00
-3.608341825423603405e-02 7.144078786762515509e-01 7.502855514099421974e+00
-3.641827878668389001e-02 7.179900814851128965e-01 7.532157308853685507e+00
-3.674336348072017311e-02 7.215905943949918466e-01 7.561026259637048774e+00
-3.708549323883761351e-02 7.251871274474319673e-01 7.609851756838819092e+00
-3.741295367218938628e-02 7.287866791248429621e-01 7.654992500349877105e+00
-3.771333690832458230e-02 7.323433667250585088e-01 7.678026119732374255e+00
-3.801595896733016983e-02 7.359146578713455789e-01 7.701783138811702401e+00
-3.834100789004732390e-02 7.394569576621825568e-01 7.726812209435599321e+00
-3.864719256971518163e-02 7.430263914480139675e-01 7.743468546896123073e+00
-3.895697092828805108e-02 7.466005636527232037e-01 7.775548885215417982e+00
-3.930072169417941214e-02 7.502055730335381867e-01 7.812258585011885081e+00
-3.961683170245867969e-02 7.537469289742418921e-01 7.830160952721763934e+00
-3.991539046546947050e-02 7.572645822422219286e-01 7.858155642197273139e+00
-4.025258224461758516e-02 7.607580213896727450e-01 7.898536258632762319e+00
-4.060825998500235123e-02 7.642595208261080408e-01 7.960943879367139431e+00
-4.093174438500003093e-02 7.677931735360453702e-01 8.027540048648951654e+00
-4.125419095105151840e-02 7.713231946501215575e-01 8.074737394454462702e+00
-4.158540553600147821e-02 7.748347972702355202e-01 8.097627294558355615e+00
-4.194883331985047037e-02 7.783696687450486484e-01 8.103408922238108048e+00
-4.230941192416293878e-02 7.819109578164317176e-01 8.104586078354182987e+00
-4.265834703418960872e-02 7.854776315554103938e-01 8.091093558164320854e+00
-4.299482595592239026e-02 7.890617661602914445e-01 8.086943127398368958e+00
-4.337822275670590033e-02 7.926269697156765881e-01 8.098728878840043777e+00
-4.376418099009688617e-02 7.961792663688621596e-01 8.097721196655401243e+00
-4.412595707268351236e-02 7.996866509929441147e-01 8.098251285708041536e+00
-4.446359921537514776e-02 8.032136936517766390e-01 8.095525616118218082e+00
-4.480183599349139151e-02 8.067325167778163220e-01 8.097144822507836182e+00
-4.518053481111026365e-02 8.102480817634728494e-01 8.109408118968067569e+00
-4.552838032543896768e-02 8.137238862287828889e-01 8.125796356387940733e+00
-4.590111417970290514e-02 8.172188311009827011e-01 8.154031342365426482e+00
-4.626289975945595961e-02 8.207465379438944053e-01 8.168230885724861778e+00
-4.660296880511984041e-02 8.242893038059989630e-01 8.181164544690011198e+00
-4.694191824475924674e-02 8.278546104362708435e-01 8.205560943955449105e+00
-4.727673491072570400e-02 8.314221554802302405e-01 8.239496735989247256e+00
-4.762004406614257779e-02 8.350026729154590432e-01 8.285551890346752657e+00
-4.799421182248019696e-02 8.385681715896712296e-01 8.332333134464875002e+00
-4.835461540550027582e-02 8.421505591967121118e-01 8.357135942227552405e+00
-4.872889439627064306e-02 8.457122281402895680e-01 8.389439382187747540e+00
-4.912905985496775901e-02 8.492915309191878537e-01 8.412670913149623786e+00
-4.949821458448724898e-02 8.528695678018660686e-01 8.439553616659704716e+00
-4.985024799296251807e-02 8.564228406351231948e-01 8.470036331260390128e+00
-5.023216633115630547e-02 8.599891106390707973e-01 8.495066294697537046e+00
-5.068487149714980683e-02 8.635198290912636798e-01 8.553663399897533992e+00
-5.115746887342707827e-02 8.670568517599873681e-01 8.611459673756202804e+00
-5.164679482836665586e-02 8.705911592693559298e-01 8.661615324531403814e+00
-5.210045616437545407e-02 8.741216032394819591e-01 8.708872821962181376e+00
-5.258067284720579354e-02 8.776626878613292826e-01 8.762805285979128556e+00
-5.307983402522465505e-02 8.811901327650365490e-01 8.823580441728227086e+00
-5.362629439816002375e-02 8.846963130284208887e-01 8.888173049254664448e+00
-5.415856582528975893e-02 8.881912526078190595e-01 8.944819308706774663e+00
-5.472015885876670843e-02 8.917103530581841353e-01 8.986122335802743777e+00
-5.524494969389811411e-02 8.951961176395009101e-01 9.023377912800153666e+00
-5.580845517068653422e-02 8.986742249301077345e-01 9.056793643164299468e+00
-5.640668617734709983e-02 9.021397301348363928e-01 9.084170496875101364e+00
-5.698134735811179880e-02 9.056419914725895026e-01 9.116172057240998328e+00
-5.754885243748526780e-02 9.091383608525043236e-01 9.147527626733040762e+00
-5.811877006167398552e-02 9.126450533449285141e-01 9.153345774522733791e+00
-5.865334674590475667e-02 9.161024530049426406e-01 9.147504904690910266e+00
-5.922420246642642189e-02 9.195817300209452316e-01 9.144431191897041344e+00
-5.988145498282495399e-02 9.230162791413015766e-01 9.169762845145859487e+00
-6.049730589087583960e-02 9.264385515567103990e-01 9.193356248310358581e+00
-6.109758231444807619e-02 9.298722758548484402e-01 9.221674287286008465e+00
-6.164848099945030580e-02 9.333456510223633318e-01 9.242779517945601597e+00
-6.218986821122825248e-02 9.368283646319017777e-01 9.253255549849768613e+00
-6.276980859942597746e-02 9.402795338739748932e-01 9.268101788107284023e+00
-6.334427983781719396e-02 9.437470936029807023e-01 9.312890472647533002e+00
-6.392016755058947675e-02 9.472524670270140446e-01 9.342674729044064819e+00
-6.454280703772648231e-02 9.507338862492763498e-01 9.380684019990711775e+00
-6.518207212241695914e-02 9.542053635243720189e-01 9.401913609128364158e+00
-6.580355731024455090e-02 9.576917859479109341e-01 9.432421320950947319e+00
-6.643552642352822113e-02 9.611935733869814147e-01 9.450946247010575618e+00
-6.705168764280564075e-02 9.646945764407724999e-01 9.476017691730259429e+00
-6.767653848123068860e-02 9.682151074189776496e-01 9.511027891585539962e+00
-6.831626469242703392e-02 9.717635517140754686e-01 9.524042164400043475e+00
-6.892472031527410725e-02 9.753168899972484152e-01 9.548010214259857520e+00
-6.950853889313404754e-02 9.788592760913646940e-01 9.546233075560317971e+00
-7.012138558911812369e-02 9.823956671558505827e-01 9.572420430258583579e+00
-7.071294201315982131e-02 9.859232483323165930e-01 9.598353363243251835e+00
-7.130600948233749292e-02 9.894758216779764304e-01 9.620701741107010818e+00
-7.188036988518985149e-02 9.930167238006817332e-01 9.630881734881162615e+00
-7.245559292603352686e-02 9.965410947979249645e-01 9.668953924385336407e+00
-7.311658200614667980e-02 1.000006630057616031e+00 9.700280978328894577e+00
-7.378305222180386869e-02 1.003484754495076015e+00 9.709943098076866619e+00
-7.448432031234739070e-02 1.006981367322603793e+00 9.744667180764368553e+00
-7.519252866655715128e-02 1.010455554794325694e+00 9.776959553827506255e+00
-7.591641730868040061e-02 1.013951248748985234e+00 9.819044364878918074e+00
-7.665375654483180812e-02 1.017451380916118975e+00 9.862524865334838964e+00
-7.735244467565383086e-02 1.020972294944431980e+00 9.888367752522469800e+00
-7.805557091672843395e-02 1.024493184739702079e+00 9.898023569865925353e+00
-7.877526874889094477e-02 1.028031417475197662e+00 9.892764513716457486e+00
-7.950448365401424633e-02 1.031585159554331943e+00 9.881401889605228916e+00
-8.023973135373002608e-02 1.035140024685164084e+00 9.871616534737473359e+00
-8.098127511471615858e-02 1.038707043635150873e+00 9.865502612839476271e+00
-8.170853624787621783e-02 1.042277482260881127e+00 9.842380656662149008e+00
-8.241080006637876987e-02 1.045864672342686097e+00 9.840257735839566422e+00
-8.312665680100171650e-02 1.049437193223309084e+00 9.845464511505685579e+00
-8.385448084812927028e-02 1.053022822291896698e+00 9.858855034030076681e+00
-8.455910768885464834e-02 1.056592457008466823e+00 9.869357859004079359e+00
-8.526415908703173507e-02 1.060164613739680739e+00 9.874583482396484868e+00
-8.591725624400051164e-02 1.063776882575072635e+00 9.862288914219844216e+00
-8.662014711878629480e-02 1.067350771323326564e+00 9.860567721205303116e+00
-8.727453823673968214e-02 1.070945732230049741e+00 9.888225367083158801e+00
-8.792051459083657927e-02 1.074510348567365492e+00 9.923139664193874054e+00
-8.856608917155926741e-02 1.078077137890772086e+00 9.951713906827203360e+00
-8.929351746725595895e-02 1.081591159898276144e+00 9.992809373200614687e+00
-9.000592958228356699e-02 1.085119465025311314e+00 1.004198233487356617e+01
-9.080027691368053322e-02 1.088596137446976364e+00 1.008859053444575871e+01
-9.163328114121432888e-02 1.092062211288183926e+00 1.013105497247365250e+01
-9.243087107834246918e-02 1.095498709693450312e+00 1.017427121278404023e+01
-9.319432006863742624e-02 1.098915060571386659e+00 1.020646462836329782e+01
-9.393716814063565734e-02 1.102338047161341095e+00 1.023145863242967479e+01
-9.468347966301152163e-02 1.105781653790875785e+00 1.026364292020176627e+01
-9.548443469523244798e-02 1.109218657739093228e+00 1.030843952027165500e+01
-9.632125834713826940e-02 1.112715965110518956e+00 1.034426084375211907e+01
-9.719547332890142444e-02 1.116187519055058752e+00 1.037962555496580919e+01
-9.801216897146974860e-02 1.119674201391432034e+00 1.041587177903951478e+01
-9.879082408858057274e-02 1.123156849062384888e+00 1.045466671632736322e+01
-9.950684265245085536e-02 1.126602270805399320e+00 1.049330281119542008e+01
-1.001956702335171784e-01 1.130096979913770339e+00 1.052193724203853975e+01
-1.008359785172024126e-01 1.133532249431022709e+00 1.054788947752581230e+01
-1.014601227051055987e-01 1.136948376401765826e+00 1.059767136098794715e+01
-1.021028234315351502e-01 1.140388765190783360e+00 1.061049055869303537e+01
-1.027402117136044235e-01 1.143870118232279021e+00 1.063474317614649856e+01
-1.033678826152354957e-01 1.147350964794250139e+00 1.064692183521855817e+01
-1.039848267431353890e-01 1.150839592723663207e+00 1.066323141636822136e+01
-1.046347001780206509e-01 1.154336420754223713e+00 1.068808873909014068e+01
-1.053042989064031376e-01 1.157785685514943097e+00 1.072197787515730383e+01
-1.060178953836038440e-01 1.161243340985212313e+00 1.075574438551509182e+01
-1.067259184512238529e-01 1.164696514949438821e+00 1.080131591938256008e+01
-1.074571642709153396e-01 1.168222696416722606e+00 1.085260942706544007e+01
-1.081797221609365756e-01 1.171749572944405182e+00 1.090938205928582683e+01
-1.089072672555926879e-01 1.175278202793450522e+00 1.098385783642322444e+01
-1.096488431904020650e-01 1.178827046117556954e+00 1.101729175216955703e+01
-1.103639057135324258e-01 1.182337613318145575e+00 1.106017066796934145e+01
-1.111278050980110815e-01 1.185878711551278775e+00 1.108811743822759333e+01
-1.118845259883675669e-01 1.189428434700964266e+00 1.112918612103354832e+01
-1.126290789702971834e-01 1.192969860497247181e+00 1.115731561298831664e+01
-1.133791212121676023e-01 1.196493244650721932e+00 1.118608701919445814e+01
-1.141458267013364669e-01 1.199966326660201643e+00 1.124893008239158831e+01
-1.148653839277901378e-01 1.203405426812494294e+00 1.129767925564654085e+01
-1.156223135940278451e-01 1.206865120045687911e+00 1.135092518096137404e+01
-1.164351260069164673e-01 1.210290896739235178e+00 1.138894635163872593e+01
-1.171924622161629598e-01 1.213682169057302085e+00 1.144383378610387680e+01
-1.179925619410216037e-01 1.217044290950296537e+00 1.149372968841839970e+01
-1.188025307133994402e-01 1.220415737488822039e+00 1.153904617042988434e+01
-1.196111280951509953e-01 1.223819989816273379e+00 1.156558558354406863e+01
-1.204592985174440384e-01 1.227218825301447769e+00 1.158611229862145109e+01
-1.212791476765518878e-01 1.230641376634342921e+00 1.163318795741020928e+01
-1.221644166243894408e-01 1.234021797272678134e+00 1.167162718924400444e+01
-1.229966493063652105e-01 1.237395091200398367e+00 1.171968340526864694e+01
-1.238216138111838255e-01 1.240793881194916404e+00 1.175964613965582117e+01
-1.245995289431325592e-01 1.244142945429624447e+00 1.178397030825951575e+01
-1.254073164865194823e-01 1.247541291688851306e+00 1.181039778903123683e+01
-1.262472023608572635e-01 1.250916452131101808e+00 1.181965019433669362e+01
-1.270547120776207295e-01 1.254317842201857713e+00 1.185439519095666050e+01
-1.279557740991505710e-01 1.257693198801284495e+00 1.189179450449942443e+01
-1.288554905687179231e-01 1.261090453745922657e+00 1.193607661811080334e+01
-1.297563457059924263e-01 1.264497916700410896e+00 1.199757551015422408e+01
-1.306439099980090390e-01 1.267899684035197705e+00 1.202935318581062596e+01
-1.315475729753566025e-01 1.271295335050950603e+00 1.207534027356460449e+01
-1.323533879287667470e-01 1.274745558685665525e+00 1.208437363008694021e+01
-1.331440360032976056e-01 1.278185288434254163e+00 1.208323823642023775e+01
-1.339144989394186192e-01 1.281612824949245333e+00 1.208243711566970546e+01
-1.346803121653715463e-01 1.285039379925029479e+00 1.209414725011265901e+01
-1.354385486439722563e-01 1.288484308674844758e+00 1.209109118551638495e+01
-1.361792686712091638e-01 1.291927035221878350e+00 1.206698074833533774e+01
-1.369102037153234475e-01 1.295385795380305627e+00 1.208624682863909783e+01
-1.376193864919108001e-01 1.298820805034801129e+00 1.210918016121257068e+01
-1.383630233713996627e-01 1.302230506696568479e+00 1.211303427471788829e+01
-1.391003540100767544e-01 1.305639548840772601e+00 1.213247351075452940e+01
-1.399077369363630752e-01 1.309056038788647847e+00 1.215451368269508592e+01
-1.407448663612698714e-01 1.312457878496301245e+00 1.214615602646320625e+01
-1.415303097555687117e-01 1.315904685549367015e+00 1.214640670267179878e+01
-1.423213548381301319e-01 1.319377867909858670e+00 1.216179048016173603e+01
-1.431064647535614243e-01 1.322825593475134509e+00 1.219158477342169888e+01
-1.438595679882948009e-01 1.326232468837154732e+00 1.223758748121965567e+01
-1.446025255851186575e-01 1.329640661385283584e+00 1.229891050150163245e+01
-1.453412289964269855e-01 1.333058687644393725e+00 1.231334690991358727e+01
-1.460949813539525188e-01 1.336486072725033392e+00 1.229587597039440716e+01
-1.468531441790422443e-01 1.339950815594007194e+00 1.228285029245843774e+01
-1.476138813497606672e-01 1.343416605621202242e+00 1.226419742115071188e+01
-1.483525654554799511e-01 1.346891093945226769e+00 1.226138325947606234e+01
-1.490379230757436224e-01 1.350312915054161067e+00 1.227614825806367804e+01
-1.497641634623950724e-01 1.353724096474878680e+00 1.227273573460589695e+01
-1.504877190729564940e-01 1.357171343919719497e+00 1.230690028334758068e+01
-1.512063357865185143e-01 1.360581935575893908e+00 1.235647321711399371e+01
-1.518949439270469437e-01 1.363948200639570896e+00 1.241543846650179539e+01
-1.525984243807026741e-01 1.367324982851352067e+00 1.246002722918056094e+01
-1.532854485290317537e-01 1.370714618669942153e+00 1.250688126591222726e+01
-1.540130897472649363e-01 1.374096854762339115e+00 1.258048318787600905e+01
-1.547170599490833021e-01 1.377516816672232913e+00 1.264863836942161512e+01
-1.553903440547740322e-01 1.380896576613680482e+00 1.272632095367560723e+01
-1.560744369957230981e-01 1.384292474800123518e+00 1.282736394509657885e+01
-1.567673556307853655e-01 1.387657237460210968e+00 1.291914185186633013e+01
-1.574746872764366534e-01 1.391029611221332951e+00 1.294992540378377477e+01
-1.581677131257481772e-01 1.394457686101369553e+00 1.299391146071711134e+01
-1.588600894387545426e-01 1.397864386134369807e+00 1.302922023430792464e+01
-1.595516611335235924e-01 1.401256211515927275e+00 1.306933107294866936e+01
-1.602372383718526638e-01 1.404593714765862922e+00 1.311372213971648293e+01
-1.609343707084335273e-01 1.407932903924257184e+00 1.315330395920440587e+01
-1.615959860543554338e-01 1.411311336057911259e+00 1.321014827089228838e+01
-1.622772507271313669e-01 1.414759817728076463e+00 1.326068887819548436e+01
-1.629574839705481837e-01 1.418253926055489167e+00 1.329337548352153497e+01
-1.636911039352103303e-01 1.421739793490551573e+00 1.332675064797919795e+01
-1.644063920118064570e-01 1.425200242298963138e+00 1.333463498526621294e+01
-1.651744756354135146e-01 1.428648378940512220e+00 1.336850190537464478e+01
-1.659451604921497458e-01 1.432092766424133412e+00 1.337555045131408882e+01
-1.666894317540366377e-01 1.435503224194945471e+00 1.336763191427996311e+01
-1.674749161363844330e-01 1.438977270332558733e+00 1.337328530321125442e+01
-1.682903626408476794e-01 1.442480253807914892e+00 1.338013337851661611e+01
-1.691487886307820043e-01 1.445970950951001033e+00 1.336435100822131261e+01
-1.700484941179519482e-01 1.449429836850469666e+00 1.335277913421849760e+01
-1.709451123327180577e-01 1.452897104004907902e+00 1.335498940315916450e+01
-1.718396621607620467e-01 1.456333440732682671e+00 1.337894025280917631e+01
-1.727456156426654121e-01 1.459791089328551728e+00 1.337806999597172286e+01
-1.736497062227705668e-01 1.463249871720259554e+00 1.336009147202531899e+01
-1.745797310196397500e-01 1.466733885460815623e+00 1.337284983071566913e+01
-1.755427471427941366e-01 1.470202696904288064e+00 1.335649697481708031e+01
-1.764766732757301892e-01 1.473685308599634203e+00 1.334449468965813779e+01
-1.773774300709892171e-01 1.477179616301240284e+00 1.334400272276612220e+01
-1.782741366246389791e-01 1.480705878256642238e+00 1.334931409253288948e+01
-1.792012852661237221e-01 1.484251429295779134e+00 1.334189933820811191e+01
-1.801374481423348439e-01 1.487757400432687671e+00 1.333337681359153670e+01
-1.810379893074424984e-01 1.491292965726948916e+00 1.334293191239569332e+01
-1.819027748513286080e-01 1.494845228890927968e+00 1.333920585145842708e+01
-1.827677058345716088e-01 1.498397426457043213e+00 1.337305474100058866e+01
-1.836754280147412377e-01 1.501917206166433205e+00 1.338297317985930590e+01
-1.846013596034402071e-01 1.505434196962002869e+00 1.337753274005186377e+01
-1.854894390674199089e-01 1.508928456863433576e+00 1.342158557945870534e+01
-1.863904828015094384e-01 1.512450943208214715e+00 1.346234462650269315e+01
-1.873117349510734497e-01 1.515994469409422951e+00 1.348386445704406711e+01
-1.882330202711955114e-01 1.519540761159708486e+00 1.352375048928456458e+01
-1.891800995650174677e-01 1.523062434000693077e+00 1.354365054735824714e+01
-1.901552730168433181e-01 1.526604477826563944e+00 1.355233020038046554e+01
-1.910779471756838543e-01 1.530148322666493810e+00 1.360267876095958783e+01
-1.919573610910324246e-01 1.533704866135513045e+00 1.366201971753546118e+01
-1.928390665619981459e-01 1.537248992648582613e+00 1.371600874874119924e+01
-1.937479598877595022e-01 1.540727623206289865e+00 1.377854997892434596e+01
-1.946693211485782116e-01 1.544212302824713223e+00 1.380311531793657487e+01
-1.956293185544309976e-01 1.547674307046526421e+00 1.384011089493921531e+01
-1.965557612760218953e-01 1.551157309757896785e+00 1.390154377431704980e+01
-1.974315222689048410e-01 1.554620727718161177e+00 1.395133969261908646e+01
-1.983214495935816946e-01 1.558086630493336289e+00 1.399591761788010658e+01
-1.992107835083717915e-01 1.561553005436600472e+00 1.403649952515172927e+01
-2.001012969022750165e-01 1.565025787028568205e+00 1.405729893393506735e+01
-2.010130250981038702e-01 1.568490692140490639e+00 1.403462579344095218e+01
-2.019005392839300916e-01 1.571931177335435859e+00 1.399342188688363819e+01
-2.027605601032854699e-01 1.575362398324138047e+00 1.396891336626086932e+01
-2.036232363943897006e-01 1.578800242354032379e+00 1.395810337601209739e+01
-2.045022499218675238e-01 1.582224342199400891e+00 1.393923584849993169e+01
-2.053246336325861288e-01 1.585699293030575774e+00 1.391726703797069042e+01
-2.061028645747117471e-01 1.589199000888553481e+00 1.391649274933967106e+01
-2.069157225008992629e-01 1.592713558232869087e+00 1.390571423273528140e+01
-2.077537004685993394e-01 1.596204576516802698e+00 1.388628870122272296e+01
-2.085473449606446705e-01 1.599642446646303062e+00 1.388725243602740633e+01
-2.093936102115064868e-01 1.603105146238904988e+00 1.390260969012139647e+01
-2.103030126962739665e-01 1.606534248319115399e+00 1.393513668992256527e+01
-2.112717490983096191e-01 1.609949396358603790e+00 1.396079896888463523e+01
-2.122454808188635744e-01 1.613367485904855458e+00 1.401347188302732327e+01
-2.132095790588771633e-01 1.616827144335951649e+00 1.403370661436458278e+01
-2.141634926167544084e-01 1.620287501761480398e+00 1.406659534458321481e+01
-2.150697149315749512e-01 1.623690015703204370e+00 1.409280301194464080e+01
-2.159436456269981375e-01 1.627119598659854338e+00 1.412641638237372632e+01
-2.167921814876436759e-01 1.630548099725393163e+00 1.415315532970557832e+01
-2.176697192496026834e-01 1.633968497425776212e+00 1.418358697619041209e+01
-2.185347063528391698e-01 1.637381304494915035e+00 1.418591111124152526e+01
-2.193995251844679251e-01 1.640765551890210672e+00 1.421480921033699119e+01
-2.202638760004502483e-01 1.644119195079111639e+00 1.425003368519680080e+01
-2.211384061430738124e-01 1.647449391257454154e+00 1.431448120345220509e+01
-2.220278944632740892e-01 1.650808510299939025e+00 1.435177455073611164e+01
-2.228974850232752769e-01 1.654146415067505149e+00 1.437487961504798228e+01
-2.237583887049216513e-01 1.657519417847433063e+00 1.436757185117603441e+01
-2.245900659504364572e-01 1.660851948611025586e+00 1.437009414604072788e+01
-2.254081357441553857e-01 1.664199994300677998e+00 1.437760192927622427e+01
-2.262138150543057946e-01 1.667566070693696778e+00 1.437877293929840583e+01
-2.270219306385770908e-01 1.670916297969951225e+00 1.437784847837706259e+01
-2.278493129917977811e-01 1.674261018917901689e+00 1.437927346373868609e+01
-2.287170107827286580e-01 1.677631150920533720e+00 1.436682940566924316e+01
-2.295749805030825041e-01 1.681008491973023489e+00 1.437826816144932351e+01
-2.304424953699021339e-01 1.684356323589155879e+00 1.442857443626327907e+01
-2.313341583904772736e-01 1.687756508912120701e+00 1.446043743418722727e+01
-2.322376358875650471e-01 1.691140627009443120e+00 1.451102317934390840e+01
-2.331841036825614000e-01 1.694519169454335117e+00 1.455614844486346549e+01
-2.341102754508176953e-01 1.697893661038515134e+00 1.460032238490829393e+01
-2.350435236419483320e-01 1.701294515190645784e+00 1.465204482130913455e+01
-2.360003200095022180e-01 1.704666817406004897e+00 1.468614994936821105e+01
-2.369913755679475820e-01 1.708071032334743888e+00 1.469584923623516559e+01
-2.379606377378774840e-01 1.711435765536826414e+00 1.475055470482857700e+01
-2.389202086625830390e-01 1.714798383759476907e+00 1.480435689207711114e+01
-2.398496149419015733e-01 1.718113098968554464e+00 1.484115835443871489e+01
-2.407894791848008142e-01 1.721420335606160146e+00 1.490183861488704942e+01
-2.417658833264545448e-01 1.724719471986963404e+00 1.493833474846702281e+01
-2.427440884011838607e-01 1.727999888389199601e+00 1.496473689443872779e+01
-2.436849682179771659e-01 1.731301689073340588e+00 1.498700749082144945e+01
-2.446486742708253448e-01 1.734648367221020226e+00 1.500251386654957386e+01
-2.456318772573345965e-01 1.738046084037721650e+00 1.501612943022576196e+01
-2.465337045108096092e-01 1.741485816637552420e+00 1.503269621963913671e+01
-2.474569350920951538e-01 1.744925787772503956e+00 1.501568750923433626e+01
-2.483802025457542140e-01 1.748338893784771697e+00 1.498958613034673881e+01
-2.492718404084321160e-01 1.751720544358380538e+00 1.496702584673744774e+01
-2.501776347141614898e-01 1.755111655015980654e+00 1.497625730063795579e+01
-2.511108657672354583e-01 1.758516037699977996e+00 1.497337063344652464e+01
-2.520583938528309087e-01 1.761912190234367737e+00 1.499445265439498343e+01
-2.530143292685339551e-01 1.765313314459403315e+00 1.499918096605745355e+01
-2.539453576049917061e-01 1.768650401066694577e+00 1.502820238584657098e+01
-2.548762093852736110e-01 1.771989003691686104e+00 1.508469220748707862e+01
-2.558374047615289415e-01 1.775300612282669332e+00 1.513104874256496402e+01
-2.567654708156067445e-01 1.778621781895491916e+00 1.518707089655693032e+01
-2.577114415758687271e-01 1.781962084959501924e+00 1.524167789468836176e+01
-2.586963518548652807e-01 1.785292037330475701e+00 1.526362144300339097e+01
-2.596686947645120980e-01 1.788654430936689854e+00 1.529089739170823492e+01
-2.606209049287608881e-01 1.791994684155494566e+00 1.530055109018478632e+01
-2.615725354178466966e-01 1.795338756812649539e+00 1.531192287287064424e+01
-2.624961418040538952e-01 1.798694476818365473e+00 1.529054879615165952e+01
-2.634330072253797117e-01 1.802112348409476983e+00 1.528499382197205669e+01
-2.643745308818618023e-01 1.805540473879288843e+00 1.527792704805613333e+01
-2.653037695360084269e-01 1.808955065522144690e+00 1.528701436386330847e+01
-2.662476060151105495e-01 1.812376167419918138e+00 1.528833360351113058e+01
-2.671746296918239283e-01 1.815762879378977290e+00 1.532914912898770687e+01
-2.680832438719150113e-01 1.819148951003412673e+00 1.536109096973885357e+01
-2.689770903423581716e-01 1.822550482388512805e+00 1.538814959531754312e+01
-2.698995621371987896e-01 1.825970743789727235e+00 1.540175877388151093e+01
-2.708361668496757080e-01 1.829411828317752509e+00 1.539342828744369918e+01
-2.717767945217390291e-01 1.832862171574004106e+00 1.537937492112041937e+01
-2.728273456221751991e-01 1.836255654403265991e+00 1.538848010328375970e+01
-2.738550287799993987e-01 1.839625841015851249e+00 1.539583618356256522e+01
-2.748619739158054132e-01 1.842995957164195175e+00 1.540018197467486161e+01
-2.758509131033526907e-01 1.846360198778453920e+00 1.541602765134792818e+01
-2.768329240104989708e-01 1.849725942876269347e+00 1.543171046909995958e+01
-2.778120750583555343e-01 1.853131016824153487e+00 1.541781482777189005e+01
-2.788756854748627445e-01 1.856496262425772814e+00 1.541448077992657417e+01
-2.799050343965917009e-01 1.859824242991488408e+00 1.539554972006581579e+01
-2.809182684547958941e-01 1.863183012370298819e+00 1.536323675948244727e+01
-2.819104736220117702e-01 1.866523461218036584e+00 1.533477837951083345e+01
-2.828997901869578779e-01 1.869861637447862934e+00 1.533009181973010016e+01
-2.838457445148918623e-01 1.873223479032600558e+00 1.534705048493459323e+01
-2.847896552066278009e-01 1.876572022056598232e+00 1.537289002915880509e+01
-2.857799905613304658e-01 1.879957665083931806e+00 1.540088508233979958e+01
-2.867514075685078101e-01 1.883388186419020505e+00 1.540328343343458073e+01
-2.877013513379330645e-01 1.886812256750580064e+00 1.542209155718759028e+01
-2.886470168096590405e-01 1.890212768886346373e+00 1.545963394772916999e+01
-2.895514016599720075e-01 1.893649601903567792e+00 1.549415882004954526e+01
-2.904304369381028317e-01 1.897060838216859890e+00 1.553918328734316745e+01
-2.913336669001204693e-01 1.900508210532064091e+00 1.554049759478169612e+01
-2.922277256966433479e-01 1.903969274752672636e+00 1.556107215992532566e+01
-2.931522659701663591e-01 1.907390817307602404e+00 1.559015017333837783e+01
-2.940781770938053485e-01 1.910768524642335597e+00 1.562808745163228963e+01
-2.950376943948661568e-01 1.914138766298265404e+00 1.567534211676416334e+01
-2.959623180384411412e-01 1.917494048531585227e+00 1.570804869995246200e+01
-2.969649109300268597e-01 1.920873493268694610e+00 1.572339339752088527e+01
-2.979830163828207090e-01 1.924228665188308707e+00 1.574083319368921430e+01
-2.989994584260088351e-01 1.927583895642791756e+00 1.572728155599342514e+01
-3.000228125073241547e-01 1.930920006439897918e+00 1.575207249161048750e+01
-3.010612283231242636e-01 1.934253559619025786e+00 1.575953636073009889e+01
-3.021022525827064542e-01 1.937616242177160775e+00 1.579447049295340655e+01
-3.031542159914789591e-01 1.940986550937505717e+00 1.581630556128531140e+01
-3.042153331059151422e-01 1.944362409064252617e+00 1.583179559900030675e+01
-3.052545419590158016e-01 1.947759802982655497e+00 1.585200536246450476e+01
-3.062545242103859588e-01 1.951179531987439875e+00 1.584792476505369230e+01
-3.072506952930148527e-01 1.954612149092787465e+00 1.583652496559719403e+01
-3.082427429002690400e-01 1.958043726598601708e+00 1.581106243729320049e+01
-3.092595798350909475e-01 1.961451084225755093e+00 1.579201966091076770e+01
-3.102634505095766548e-01 1.964846914773945796e+00 1.580141079577453844e+01
-3.112849684488069868e-01 1.968235923141134380e+00 1.578554080341723065e+01
-3.123560000885528543e-01 1.971558602998902066e+00 1.579438307819237153e+01
-3.134092267965288281e-01 1.974921807707238353e+00 1.581931608521756871e+01
-3.144447285989274699e-01 1.978286087368545942e+00 1.583813801746037875e+01
-3.154671646026649956e-01 1.981625021855349944e+00 1.585191343382601836e+01
-3.164890163321705807e-01 1.984954994074769052e+00 1.590761049679586492e+01
-3.175236460817960626e-01 1.988285315683705701e+00 1.594930312307066522e+01
-3.185797698706937520e-01 1.991612551877842474e+00 1.597223110720877948e+01
-3.195843254220197549e-01 1.994896281846320063e+00 1.600147990121509878e+01
-3.205728500917683910e-01 1.998178907139843252e+00 1.602766810448057200e+01
-3.215826206599214920e-01 2.001484618792687797e+00 1.602980297506290341e+01
-3.226446251823132938e-01 2.004826139731514356e+00 1.603618059889440417e+01
-3.237553620252832665e-01 2.008148889770596135e+00 1.606344241875365242e+01
-3.248287283794402680e-01 2.011498725202786275e+00 1.610688462389888898e+01
-3.259318094133930033e-01 2.014876124010281710e+00 1.613330009490895733e+01
-3.270508729452249463e-01 2.018281143049235116e+00 1.612899777107310939e+01
-3.281366586691770726e-01 2.021652172844037754e+00 1.614151815779913335e+01
-3.292256001070059113e-01 2.025018807191308667e+00 1.616948997833149804e+01
-3.303348126002469964e-01 2.028382759158634752e+00 1.614408423265368597e+01
-3.314783665081738606e-01 2.031726508851186885e+00 1.611956487519885073e+01
-3.326339389386717138e-01 2.035095794957423987e+00 1.608467691615545192e+01
-3.337854425975919637e-01 2.038462468779205228e+00 1.604030840084201515e+01
-3.349077596165296322e-01 2.041838311992720811e+00 1.602603152293384881e+01
