4.621113292345837903e-04 -1.188264657311302467e-04 -6.092258890784412600e-02
2.617116471798413765e-04 -7.218940459521281132e-04 -1.542171980560901601e-01
4.251007752816010491e-05 -1.516688516570939213e-03 -2.706785200579588935e-01
-1.423173159904796994e-04 -2.343592572777116780e-03 -3.830538785551416137e-01
-2.961670635283953929e-04 -3.211549516009546031e-03 -4.862546506429589188e-01
-4.892528804430131169e-04 -4.186913099343246743e-03 -5.464515081266665408e-01
-6.722689960112598591e-04 -5.297783175086999939e-03 -6.013858846374628975e-01
-8.212144906749761428e-04 -6.454431074817264420e-03 -6.597020988735745606e-01
-9.888796899252913931e-04 -7.701040807042317665e-03 -7.393719205864501820e-01
-1.049520997132225280e-03 -9.059508810090707159e-03 -8.613808399724141029e-01
-1.033296277803011668e-03 -1.052681262986607247e-02 -9.661572168434865437e-01
-1.023735278278043413e-03 -1.203763136747292191e-02 -1.069974166333731436e+00
-1.027768607849925209e-03 -1.360776893417818892e-02 -1.149720460738069105e+00
-9.927704212040213382e-04 -1.528052036288534039e-02 -1.222773946102373666e+00
-9.499120386785458482e-04 -1.706709880132442278e-02 -1.299258539689253755e+00
-9.400913817303661706e-04 -1.896441097133128376e-02 -1.403240788971220177e+00
-9.518312095684153436e-04 -2.094416991582636819e-02 -1.510197248353712052e+00
-1.014804922712412563e-03 -2.294030664238366768e-02 -1.612414168838325335e+00
-1.061664419946800348e-03 -2.496090703062034052e-02 -1.706373090252696789e+00
-1.113515502300383179e-03 -2.698669159965914888e-02 -1.792998813875534392e+00
-1.185978187731057771e-03 -2.900232106209824079e-02 -1.872787854476994696e+00
-1.246382610268453699e-03 -3.104270947703939576e-02 -1.968516400927557530e+00
-1.286565708092400617e-03 -3.313660088497524803e-02 -2.072845025596621760e+00
-1.274727799202702520e-03 -3.532053424309446188e-02 -2.173537961096688953e+00
-1.256428050395567465e-03 -3.752722021322741491e-02 -2.254272885787413916e+00
-1.212749056619597627e-03 -3.977151521957619784e-02 -2.333309168518852950e+00
-1.201505866027467685e-03 -4.200782537399662397e-02 -2.413218949848691341e+00
-1.209321657683712576e-03 -4.429303439717580115e-02 -2.500170324839293912e+00
-1.240618205998536778e-03 -4.658267702919894476e-02 -2.595368490163445507e+00
-1.308506104915192498e-03 -4.885585933665644032e-02 -2.697897911464750553e+00
-1.406435374109784101e-03 -5.114552770196302556e-02 -2.802307708276822851e+00
-1.484172303945364068e-03 -5.345752133808635842e-02 -2.911463939722595651e+00
-1.585325545972621555e-03 -5.583902667594590336e-02 -3.014838419685524684e+00
-1.720526472565773839e-03 -5.828554065755644359e-02 -3.118451602226799402e+00
-1.862940530433627355e-03 -6.077602120898140114e-02 -3.221081196075652020e+00
-1.995115032944578051e-03 -6.328487023498637065e-02 -3.339309685068488243e+00
-2.168260171132630615e-03 -6.581025153176459086e-02 -3.455416045096581179e+00
-2.348253112481348687e-03 -6.834991217815794551e-02 -3.573012855936966048e+00
-2.546839247508039632e-03 -7.091108818635871724e-02 -3.680794027263826429e+00
-2.779572161237996598e-03 -7.350196372272789491e-02 -3.786274341237175545e+00
-2.973256047328360491e-03 -7.607805587983183793e-02 -3.910541312688028182e+00
-3.195021326733668912e-03 -7.870023763515648918e-02 -4.032700470302787110e+00
-3.431595940238646447e-03 -8.130057609749249958e-02 -4.145687563650436225e+00
-3.593937400427044994e-03 -8.392409147777810108e-02 -4.227932901669015919e+00
-3.707773489879839963e-03 -8.656779919647762667e-02 -4.307644578518835310e+00
-3.810068800055628306e-03 -8.921196082294396978e-02 -4.402062818050207937e+00
-3.945624747036730225e-03 -9.188390047037911512e-02 -4.502628409650236918e+00
-4.065908969759058668e-03 -9.454860361520613099e-02 -4.583888223763675107e+00
-4.227157851662307134e-03 -9.720716111007493554e-02 -4.667901336395981815e+00
-4.382275219544103095e-03 -9.985633599840450236e-02 -4.762275817585445381e+00
-4.485172921058531471e-03 -1.025169860957359097e-01 -4.857396746233430207e+00
-4.630169658083301346e-03 -1.052288381229465886e-01 -4.950171528120633546e+00
-4.832015985210597400e-03 -1.079610790510078244e-01 -5.045052818171452458e+00
-5.013528864349451990e-03 -1.106535236920639514e-01 -5.121913836333539471e+00
-5.191475918363071436e-03 -1.133580789522997262e-01 -5.206131342019548747e+00
-5.340248098834551350e-03 -1.160578247765654963e-01 -5.293569178106703355e+00
-5.518484919008008298e-03 -1.187173819109291623e-01 -5.380885554740169496e+00
-5.681722408644273095e-03 -1.213483035756798695e-01 -5.478075932173567253e+00
-5.867544719513746905e-03 -1.240160847269078381e-01 -5.590732472391784391e+00
-6.011056963449549172e-03 -1.266708489065107024e-01 -5.710597899784919385e+00
-6.206708711263355521e-03 -1.293104967446707110e-01 -5.830641858665806865e+00
-6.399596627438915511e-03 -1.319867856805268802e-01 -5.952503574324728319e+00
-6.596336543846081403e-03 -1.346711613641080330e-01 -6.071824947826327978e+00
-6.786415593939194336e-03 -1.373314049959114547e-01 -6.157736364279719155e+00
-6.966845634359104464e-03 -1.400096864590837098e-01 -6.266042964394829440e+00
-7.144232668293394942e-03 -1.426806476074088947e-01 -6.371906429806562855e+00
-7.322338167872949333e-03 -1.453631636469311650e-01 -6.492422115691773854e+00
-7.511940404720347450e-03 -1.480556241974930187e-01 -6.595656684560982974e+00
-7.709433065892488425e-03 -1.507355882977546302e-01 -6.680809247250758531e+00
-7.943077853223071833e-03 -1.533784252500065004e-01 -6.755019826561849072e+00
-8.201290212524846648e-03 -1.560537127378659183e-01 -6.838860752352223571e+00
-8.438121465190984508e-03 -1.587330347987829515e-01 -6.939660509524559373e+00
-8.704951359861795579e-03 -1.613736903484980223e-01 -7.025996355111032265e+00
-8.963077481403987704e-03 -1.640109475653414861e-01 -7.094955692352778343e+00
-9.198792142930579604e-03 -1.666495069968256526e-01 -7.153081187345186720e+00
-9.426505870346374785e-03 -1.692974996974700996e-01 -7.224288718588003810e+00
-9.602389049816787217e-03 -1.719025769248533064e-01 -7.314814132749462239e+00
-9.773066683615357422e-03 -1.745287871688743775e-01 -7.413137603572751644e+00
-9.916125948330592466e-03 -1.771976971712348470e-01 -7.526572661225025662e+00
-1.007408675000488404e-02 -1.798600770974599361e-01 -7.655067787889619169e+00
-1.024134367477652803e-02 -1.825194083666822342e-01 -7.778906481583558907e+00
-1.041802917681911717e-02 -1.851854897555190171e-01 -7.911437700780746596e+00
-1.060707511025526552e-02 -1.878562831751465489e-01 -8.025449632263409683e+00
-1.078855813367178736e-02 -1.905024474302199067e-01 -8.139969838966212734e+00
-1.094787306860501783e-02 -1.931049075350442235e-01 -8.259014548884136886e+00
-1.110117472158000072e-02 -1.957141878528131929e-01 -8.400462460479262816e+00
-1.128278665691808194e-02 -1.983588913422706101e-01 -8.534712754134078594e+00
-1.144663366243232373e-02 -2.010087412623283720e-01 -8.676693133895623689e+00
-1.166281400828683874e-02 -2.037228554680082238e-01 -8.842209762158192987e+00
-1.189655351716389746e-02 -2.064485628021538177e-01 -9.023326299586873489e+00
-1.217885932137141927e-02 -2.092330663357014064e-01 -9.198109118281486474e+00
-1.243965273647261623e-02 -2.120249537109307747e-01 -9.356305924825480957e+00
-1.268138958770774136e-02 -2.147982445786121575e-01 -9.458345333951033496e+00
-1.291587543783475657e-02 -2.175571670044731953e-01 -9.571954366263650371e+00
-1.317295209496527168e-02 -2.203357571216006394e-01 -9.702193428562367217e+00
-1.346097528053126664e-02 -2.231280338296437182e-01 -9.827973152507112786e+00
-1.375268803595026436e-02 -2.259567096313449264e-01 -9.966000674141083593e+00
-1.408120326922269148e-02 -2.287647835615692904e-01 -1.009029282488962309e+01
-1.445615106166158945e-02 -2.315543927651944334e-01 -1.019973627056469923e+01
-1.484723816260235391e-02 -2.343310178484753759e-01 -1.033134664828479998e+01
-1.519162401126785029e-02 -2.370543409277648395e-01 -1.045554952208193811e+01
-1.551997010950609442e-02 -2.397374385670988928e-01 -1.059949099581304210e+01
-1.581226600916231517e-02 -2.424248326596750158e-01 -1.071552558262531463e+01
-1.614474262524335374e-02 -2.450911382593635723e-01 -1.082199238615150350e+01
-1.651242827618649989e-02 -2.477418569257570924e-01 -1.089365562152784683e+01
-1.693432945816874396e-02 -2.503752507051968945e-01 -1.097730317787277698e+01
-1.734377913614314204e-02 -2.530336643679627073e-01 -1.104775577216277860e+01
-1.775605911405993623e-02 -2.557185624756883602e-01 -1.112731190015735194e+01
-1.817046406375055420e-02 -2.583983930850510258e-01 -1.121947565139708836e+01
-1.858032286414196266e-02 -2.611051788294093123e-01 -1.132805122783301499e+01
-1.901864827619831680e-02 -2.638506322147420313e-01 -1.145712650147511447e+01
-1.944851167259821836e-02 -2.665642081335864999e-01 -1.154108867487021506e+01
-1.987041751510480042e-02 -2.692841507697440462e-01 -1.162158429320716202e+01
-2.026909793055946263e-02 -2.719904202774399704e-01 -1.172139892207968614e+01
-2.069161678212793135e-02 -2.746602315774795411e-01 -1.180950229018655051e+01
-2.115671086412970053e-02 -2.773936874472061054e-01 -1.190911667623486814e+01
-2.160594120170166235e-02 -2.801105902234729550e-01 -1.202711360237764104e+01
-2.205302195963868353e-02 -2.828127385342408817e-01 -1.211986572618318547e+01
-2.245286919110678001e-02 -2.855120966412363903e-01 -1.221857378290924423e+01
-2.288703805370551417e-02 -2.882398871752844260e-01 -1.229846205838910400e+01
-2.328818992756261086e-02 -2.909492965905479678e-01 -1.234692066936941579e+01
-2.372064502398026076e-02 -2.936400174389539042e-01 -1.241084727216615313e+01
-2.413068163282202847e-02 -2.963306771575185405e-01 -1.248228117867834541e+01
-2.451841195453532268e-02 -2.990085339645577878e-01 -1.256359876326074421e+01
-2.489655125254798540e-02 -3.016976318005367141e-01 -1.267066056518659245e+01
-2.536072909821174629e-02 -3.044902631561189343e-01 -1.279059295674122154e+01
-2.583401492579000605e-02 -3.073007175262428836e-01 -1.290550929138317215e+01
-2.626596232404576278e-02 -3.101470325754583923e-01 -1.301864625156225230e+01
-2.669806758567741869e-02 -3.129865524758440043e-01 -1.313432013925318742e+01
-2.710612370813777344e-02 -3.158054920241676888e-01 -1.327195397878148242e+01
-2.754555559978473511e-02 -3.186137437067038669e-01 -1.339144571162958997e+01
-2.796967675934127276e-02 -3.213843426313994223e-01 -1.350213988940574161e+01
-2.837746684851234422e-02 -3.241757903766911975e-01 -1.361408892237630219e+01
-2.879639018852488477e-02 -3.269320733446670069e-01 -1.373591638736845155e+01
-2.921207105465851300e-02 -3.296674100409624497e-01 -1.387708926386104835e+01
-2.966733417829713407e-02 -3.324317942399404036e-01 -1.402527491022231665e+01
-3.009805208850030098e-02 -3.352102771812514037e-01 -1.415598868723646753e+01
-3.053800714686402684e-02 -3.379925369947032188e-01 -1.433079428560023239e+01
-3.097752105984406812e-02 -3.407799552474697347e-01 -1.447136566442539873e+01
-3.144294765289579879e-02 -3.435552349359481950e-01 -1.458825248748808612e+01
-3.195641704510795988e-02 -3.463367403709260994e-01 -1.468568945249461777e+01
-3.247862037913640948e-02 -3.491007439192099771e-01 -1.476519682584026860e+01
-3.302973101802920280e-02 -3.518680104188358082e-01 -1.484367336047041697e+01
-3.359051495721639136e-02 -3.546402398435708481e-01 -1.491976115332963992e+01
-3.417052517064209788e-02 -3.574405078848407746e-01 -1.502119634080206012e+01
-3.477381000932591726e-02 -3.602807935192169353e-01 -1.512936343494879132e+01
-3.539933491945745220e-02 -3.631125650400502947e-01 -1.526560521300891438e+01
-3.602144586037859392e-02 -3.659390183334513824e-01 -1.538288448759833393e+01
-3.664426472909301791e-02 -3.687725385983180448e-01 -1.552418945707031384e+01
-3.732539685984579553e-02 -3.716305991818881216e-01 -1.564415484412845636e+01
-3.803480862456416756e-02 -3.744900137157219921e-01 -1.574916588657788097e+01
-3.872236507121412652e-02 -3.773200297246910306e-01 -1.584192914879568725e+01
-3.934298400395185719e-02 -3.801507914281939682e-01 -1.594990738133098951e+01
-3.997108642031135806e-02 -3.829661337481306549e-01 -1.604975631497106292e+01
-4.068339190225085666e-02 -3.857346623024714982e-01 -1.615759613282194707e+01
-4.141703534763040845e-02 -3.885133060058331700e-01 -1.628894333765585145e+01
-4.216771787892029805e-02 -3.912931360501958888e-01 -1.644606176290773547e+01
-4.290392911125700398e-02 -3.940402493142995399e-01 -1.662942601217356398e+01
-4.365434648868764256e-02 -3.967609818929642707e-01 -1.682034894476834808e+01
-4.436801486271117062e-02 -3.994608108340546582e-01 -1.697590586299502036e+01
-4.500914843135202931e-02 -4.021288098810898992e-01 -1.707145913535804738e+01
-4.565592371416724721e-02 -4.047743143225004392e-01 -1.711557252476923452e+01
-4.632868782338271652e-02 -4.074630338490353165e-01 -1.717586754955042849e+01
-4.696751113975666109e-02 -4.101371201067948724e-01 -1.724374932539650374e+01
-4.765341502200894780e-02 -4.128309123119786594e-01 -1.732192470108518023e+01
-4.838079150794596939e-02 -4.155519280751722722e-01 -1.743239577375843652e+01
-4.909520605306494367e-02 -4.182680467690346182e-01 -1.752405978264389930e+01
-4.984212315483828315e-02 -4.209428604608156932e-01 -1.763732075046842596e+01
-5.059706416910669108e-02 -4.236677255084319582e-01 -1.772957481358213272e+01
-5.134785457757985033e-02 -4.263653738789224268e-01 -1.781585486198401114e+01
-5.213089279187170522e-02 -4.290277882053240566e-01 -1.791224240934720058e+01
-5.291274972105034641e-02 -4.316575154899522371e-01 -1.801752985646665906e+01
-5.368710173397102381e-02 -4.342903135630822864e-01 -1.813520650964851200e+01
-5.446318194796867518e-02 -4.369245916637308214e-01 -1.821963215783836532e+01
-5.521036094623679030e-02 -4.395228759142714159e-01 -1.836689793508317692e+01
-5.596558981852919890e-02 -4.421187204868214371e-01 -1.853970901208031918e+01
-5.676209540889665811e-02 -4.447161267931144524e-01 -1.873931334978856000e+01
-5.755171073806750193e-02 -4.472970741353277657e-01 -1.894460097259722176e+01
-5.839858412424989154e-02 -4.498801293966780968e-01 -1.912378864548957580e+01
-5.919044977810784119e-02 -4.524705772573975326e-01 -1.922648892094574435e+01
-5.999109802293510485e-02 -4.550705379135721595e-01 -1.933104867700446405e+01
-6.079319626035877694e-02 -4.577145579799573594e-01 -1.943188064363138778e+01
-6.163079404798869898e-02 -4.603809393795477156e-01 -1.952764198227779247e+01
-6.248145241553626494e-02 -4.630781343693421426e-01 -1.963282625781479851e+01
-6.334074823138903521e-02 -4.658019362498936888e-01 -1.977862465882136433e+01
-6.424504753347198838e-02 -4.685049509448224736e-01 -1.993709670901222708e+01
-6.518614409014268640e-02 -4.711918534051238172e-01 -2.009844881128051242e+01
-6.612824435333748696e-02 -4.738842799342611323e-01 -2.027716243728032808e+01
-6.709345892221739438e-02 -4.766211792726067209e-01 -2.045757437331493378e+01
-6.809718675219876560e-02 -4.793096813152281643e-01 -2.058482392891804480e+01
-6.912149438033558801e-02 -4.819572860804576808e-01 -2.065513171916750679e+01
-7.011948354467094358e-02 -4.845557658429444636e-01 -2.072476761389603794e+01
-7.110451723359889620e-02 -4.871474125828804125e-01 -2.087253132788743670e+01
-7.212812420010962511e-02 -4.898216245827269333e-01 -2.107736683023487245e+01
-7.311392627825366586e-02 -4.924808644258573120e-01 -2.127323947427870010e+01
-7.409229459252950067e-02 -4.951330826283023567e-01 -2.143197314677479426e+01
-7.507017719381633980e-02 -4.977869410055315025e-01 -2.161220492877829358e+01
-7.611657918481874729e-02 -5.004199925445872443e-01 -2.176391756994640403e+01
-7.716898207313498126e-02 -5.030488653523476072e-01 -2.197189471569669905e+01
-7.820347626666705743e-02 -5.057134648103404073e-01 -2.212218028541220605e+01
-7.927571672883680642e-02 -5.083041142442455973e-01 -2.224885199186577367e+01
-8.028431798182171508e-02 -5.109348773155398815e-01 -2.239851973634507587e+01
-8.128237907603051704e-02 -5.136071560031343353e-01 -2.253573064951700999e+01
-8.221102778756203544e-02 -5.163430635712487060e-01 -2.266639825993192048e+01
-8.313692585015783343e-02 -5.190213371854591751e-01 -2.280121322904201620e+01
-8.407327520207348581e-02 -5.217360912158447439e-01 -2.290913068562580790e+01
-8.499847249125408455e-02 -5.244289476477301815e-01 -2.303242068306609625e+01
-8.596250062736979225e-02 -5.271928443329328973e-01 -2.316239392420136056e+01
-8.687544301013626347e-02 -5.299189532961794402e-01 -2.322724845614473566e+01
-8.778335830524722216e-02 -5.326173786411146915e-01 -2.330504895581460545e+01
-8.870929617209324936e-02 -5.352742023964788265e-01 -2.334632847819688806e+01
-8.963433962559717860e-02 -5.379329294191308453e-01 -2.348175877053096627e+01
-9.056606065824049367e-02 -5.406006783360448598e-01 -2.360912614345167881e+01
-9.148686673682834836e-02 -5.432490293398656300e-01 -2.371648659009724014e+01
-9.240782870095406998e-02 -5.459103482874985147e-01 -2.385425942039514524e+01
-9.334956317021754491e-02 -5.485927495148943400e-01 -2.400491592569306221e+01
-9.432283955873438375e-02 -5.513246762620305219e-01 -2.422514421555858632e+01
-9.529081055423826996e-02 -5.540303251952205521e-01 -2.445285777477233680e+01
-9.623625762499855851e-02 -5.567890733262614855e-01 -2.461782172889352438e+01
-9.720387659304176309e-02 -5.595159844146424533e-01 -2.469546274447259648e+01
-9.819174657438510534e-02 -5.622326919307878423e-01 -2.479058935110639084e+01
-9.923863909956365248e-02 -5.649806536392609768e-01 -2.490247215682491344e+01
-1.002697272644716558e-01 -5.677173042830528926e-01 -2.497454487493721231e+01
-1.012762814410910067e-01 -5.704062708132414672e-01 -2.504595613383171937e+01
-1.023091806022755068e-01 -5.730644654314261954e-01 -2.514581253364109159e+01
-1.034062091778147618e-01 -5.757161944917775775e-01 -2.525988900857431574e+01
-1.044578597731861958e-01 -5.783851722353519076e-01 -2.541447700328975046e+01
-1.055617539642863673e-01 -5.810137268176627234e-01 -2.553831860814913313e+01
-1.065793580262466844e-01 -5.836832847615995856e-01 -2.562003713215383272e+01
-1.076300925064932745e-01 -5.863313355523577242e-01 -2.572042568372949134e+01
-1.086822575089080312e-01 -5.890198534668048547e-01 -2.581708179880735798e+01
-1.097384334288162427e-01 -5.917200995227457350e-01 -2.587312718428853131e+01
-1.107973571560360582e-01 -5.944502769312165480e-01 -2.592998540943996133e+01
-1.118858062911366330e-01 -5.971536978826978981e-01 -2.604781331650224985e+01
-1.129535159325460864e-01 -5.997768655957740336e-01 -2.619475335783831937e+01
-1.140554918331870005e-01 -6.024374326404815516e-01 -2.633088402589543975e+01
-1.151594438634543499e-01 -6.051111440703882405e-01 -2.644865281791497580e+01
-1.162082108443752010e-01 -6.077841203895359978e-01 -2.650153399265698084e+01
-1.171302304785712123e-01 -6.104647907236667725e-01 -2.656531738157077172e+01
-1.181221629514682403e-01 -6.131062751903529895e-01 -2.649814953429994446e+01
-1.191817064828220862e-01 -6.157596190102183620e-01 -2.654246020898341740e+01
-1.202631980268864115e-01 -6.184294455828938109e-01 -2.660891054459379745e+01
-1.213604576539650121e-01 -6.211337343832126212e-01 -2.677427025034387853e+01
-1.225278382499073448e-01 -6.238318599104547557e-01 -2.691746255486264516e+01
-1.237233389077828649e-01 -6.265078280224130047e-01 -2.702935969942062400e+01
-1.249674550961397679e-01 -6.291807851492711157e-01 -2.719567346476181058e+01
-1.262790904452322782e-01 -6.318313293492419103e-01 -2.732349508421901163e+01
-1.275262616686953787e-01 -6.343870682936940675e-01 -2.741555861511906400e+01
-1.287163914701099643e-01 -6.368849551919693042e-01 -2.754649258875808826e+01
-1.298758713640491280e-01 -6.393621469589738648e-01 -2.762374419032109074e+01
-1.310235599837379916e-01 -6.418554441946159317e-01 -2.770104872871342394e+01
-1.321700451632691620e-01 -6.443409079176919407e-01 -2.779949435043316797e+01
-1.333125281133190621e-01 -6.468425105020739752e-01 -2.793102463322553319e+01
-1.344870120863393970e-01 -6.493418440071164754e-01 -2.806649226439351352e+01
-1.356836095107293305e-01 -6.519650604185194265e-01 -2.821876972684678719e+01
-1.369480278859544764e-01 -6.545719175963017333e-01 -2.837247950628471216e+01
-1.382264979270801386e-01 -6.572145593714847633e-01 -2.850713959792058461e+01
-1.394686570828943539e-01 -6.598101564993765766e-01 -2.854620000144856817e+01
-1.406766782314093911e-01 -6.623472528953751048e-01 -2.862459770961883265e+01
-1.418438742906301120e-01 -6.648660523827940594e-01 -2.860472241453822662e+01
-1.430256002233707968e-01 -6.674124017341400705e-01 -2.869733977498833966e+01
-1.442245478060608377e-01 -6.699601454560806246e-01 -2.880933514654963545e+01
-1.453957243877130878e-01 -6.725015658882937952e-01 -2.894846775227005864e+01
-1.465011924420720479e-01 -6.750842817300420906e-01 -2.907348111673418956e+01
-1.476190450608068361e-01 -6.776905383765551294e-01 -2.916415535272795267e+01
-1.487292729179521822e-01 -6.802981177728525397e-01 -2.929001568300482461e+01
-1.498589138978603796e-01 -6.829168080449483647e-01 -2.944687577634005038e+01
-1.509786258516633284e-01 -6.855393591444415291e-01 -2.963496054878021724e+01
-1.521176544406431519e-01 -6.881612658193545506e-01 -2.978520600249592576e+01
-1.532501369945702407e-01 -6.907689994224177621e-01 -2.994718839456729498e+01
-1.544655864366028808e-01 -6.933802378132404298e-01 -3.006298859290607339e+01
-1.556915007039898768e-01 -6.958961879348949386e-01 -3.016920791981458194e+01
-1.569216276373933960e-01 -6.983984968403024185e-01 -3.034648991614519531e+01
-1.581756427486881167e-01 -7.009331497043914672e-01 -3.047260001419648390e+01
-1.594240366123776120e-01 -7.034974212827569406e-01 -3.056157398125057512e+01
-1.605748253368259326e-01 -7.060974743695724865e-01 -3.067724881091845290e+01
-1.617236774231378404e-01 -7.086746114282121978e-01 -3.069728748924175932e+01
-1.628667144296647717e-01 -7.112361670913692757e-01 -3.075517739562564401e+01
-1.640625795326040304e-01 -7.137981532391777240e-01 -3.086618288995620318e+01
-1.652991180600983379e-01 -7.164518644430427630e-01 -3.104438265895808513e+01
-1.665559046791318665e-01 -7.190659739160395469e-01 -3.108917819535743732e+01
-1.677490036904213666e-01 -7.217080343444708390e-01 -3.117196133879918563e+01
-1.689336831626311597e-01 -7.243455821665478744e-01 -3.118539033434111474e+01
-1.701179172930601669e-01 -7.268880198158998995e-01 -3.125360463862460847e+01
-1.713498462764241337e-01 -7.293975285263806230e-01 -3.138260949044424564e+01
-1.726209893614815138e-01 -7.319686868375889777e-01 -3.156487684102434343e+01
-1.738678675972123167e-01 -7.344929981444427991e-01 -3.159830569092437003e+01
-1.750328798324189139e-01 -7.370144667491369539e-01 -3.164414218047203420e+01
-1.762457382315138488e-01 -7.394527653234038711e-01 -3.171156552719805077e+01
-1.775132018048235227e-01 -7.418974557076917220e-01 -3.178679414948156889e+01
-1.787625660292074814e-01 -7.443344368958730861e-01 -3.180333644522174552e+01
-1.800250915314701994e-01 -7.467819945002320825e-01 -3.201916774545889410e+01
-1.812604439387009991e-01 -7.492514464658492912e-01 -3.221415165251469404e+01
-1.824079313864996887e-01 -7.517223177455797378e-01 -3.230994575073651021e+01
-1.836725022301003707e-01 -7.542095596567213178e-01 -3.241763866924716808e+01
-1.848856281995026329e-01 -7.567003835348629082e-01 -3.253562535954436896e+01
-1.860412470713328492e-01 -7.591862145194152589e-01 -3.266075095516335836e+01
-1.872113455046280905e-01 -7.616476638417599698e-01 -3.282337969409410050e+01
-1.884017684798586501e-01 -7.641624914953250025e-01 -3.303956017526206779e+01
-1.896109238354038717e-01 -7.667206315794528049e-01 -3.312933591524983967e+01
-1.908544571046664196e-01 -7.692038290247741328e-01 -3.321454982544153722e+01
-1.921873254302090273e-01 -7.716791751919649389e-01 -3.332328207635423922e+01
-1.935395439053055611e-01 -7.741635498769173784e-01 -3.344070510990604816e+01
-1.949134570603988648e-01 -7.766796648384071133e-01 -3.358766031128967455e+01
-1.963002956095034890e-01 -7.792424985905712642e-01 -3.372717496171997453e+01
-1.976762562920993394e-01 -7.817913973912403724e-01 -3.383709454099333414e+01
-1.988757765019680546e-01 -7.843131297995372675e-01 -3.387624442869758923e+01
-2.000470248332582024e-01 -7.868108594531616484e-01 -3.390289467769403586e+01
-2.012943970005448280e-01 -7.892848164465218197e-01 -3.390104082499697569e+01
-2.026338877186088239e-01 -7.917766680323560236e-01 -3.396500221004981768e+01
-2.039260288484066042e-01 -7.942189644023434081e-01 -3.416280448119556468e+01
-2.052629821050196979e-01 -7.966714129870139383e-01 -3.427497951448535218e+01
-2.066310103647181762e-01 -7.990894758526121411e-01 -3.440079440293374091e+01
-2.080037932800112843e-01 -8.014893303533795477e-01 -3.453278047287967212e+01
-2.093159976958583190e-01 -8.039342715173578569e-01 -3.466260203720423760e+01
-2.106384280392374631e-01 -8.063428859547819849e-01 -3.476154719116421887e+01
-2.119773584566941038e-01 -8.087804824168740581e-01 -3.499646904475545739e+01
-2.132899759102163117e-01 -8.112085767573973261e-01 -3.522192402327959826e+01
-2.146371731808661421e-01 -8.136262980419791679e-01 -3.530863904195569347e+01
-2.160267459753971164e-01 -8.160267095098806545e-01 -3.531195575499408079e+01
-2.174226944985711840e-01 -8.184696481850087801e-01 -3.547123731847315042e+01
-2.187414716795803293e-01 -8.209034832617110311e-01 -3.558254752809751409e+01
-2.200938161018697881e-01 -8.233765761703818464e-01 -3.570730958298400992e+01
-2.214541296190399022e-01 -8.258763967432077857e-01 -3.584689681445669862e+01
-2.228148699421871881e-01 -8.283295308175616656e-01 -3.593797686435595296e+01
-2.241859953737781463e-01 -8.307405916412726743e-01 -3.600297994729553608e+01
-2.255555270908674581e-01 -8.331394261764514253e-01 -3.603537642924685258e+01
-2.269212504460473012e-01 -8.355500822146000317e-01 -3.620909071737418827e+01
-2.283436698293408451e-01 -8.380336416488446405e-01 -3.647074452758240426e+01
-2.298173686074159172e-01 -8.405198659511711190e-01 -3.656562049791194369e+01
-2.312515513867945405e-01 -8.429517661963147335e-01 -3.670325545820712421e+01
-2.327739386302717095e-01 -8.454306711613580605e-01 -3.680804333745830093e+01
-2.342686844288223991e-01 -8.478645817218184444e-01 -3.682838451766173193e+01
-2.357567028627443051e-01 -8.503042534716321876e-01 -3.695569856241298368e+01
-2.372517143284585961e-01 -8.527139360253067624e-01 -3.705590189775523413e+01
-2.387260037757872322e-01 -8.551361419205780745e-01 -3.719658375234270409e+01
-2.402127841739312430e-01 -8.575933515912571581e-01 -3.730907223514389415e+01
-2.417421685097603246e-01 -8.600324042311731088e-01 -3.739429918045728130e+01
-2.432212963552471130e-01 -8.624763426040868985e-01 -3.745313433604075470e+01
-2.447529625097010497e-01 -8.648945235288713063e-01 -3.754178601607698340e+01
-2.462748655656207541e-01 -8.672883422675433662e-01 -3.757599709524362197e+01
-2.477619100009637032e-01 -8.696191291990431615e-01 -3.778862785016827530e+01
-2.492503648466260491e-01 -8.719226042963177381e-01 -3.787427198607922918e+01
-2.507714144645893928e-01 -8.743035453607905794e-01 -3.801827266660414750e+01
-2.523342717134710034e-01 -8.767511537375222153e-01 -3.810400810404145489e+01
-2.538392795097922927e-01 -8.791044673330120629e-01 -3.810161359525527303e+01
-2.551932114102695159e-01 -8.814458352364834548e-01 -3.813557359154624748e+01
-2.565692187849724637e-01 -8.838095959300963367e-01 -3.829306462908395758e+01
-2.579186247579311475e-01 -8.861899772619810101e-01 -3.851068701863714949e+01
-2.593331110442180232e-01 -8.886190813642882436e-01 -3.859451820911070286e+01
-2.607739174022284945e-01 -8.910427828844326159e-01 -3.856996297745973834e+01
-2.622866034754703923e-01 -8.934377524005719939e-01 -3.858937387406454889e+01
-2.637958148338879760e-01 -8.958244747933870045e-01 -3.863442743952969494e+01
-2.653615254351670005e-01 -8.982695892030352347e-01 -3.877457123617797663e+01
-2.668487281818344714e-01 -9.006672339244596870e-01 -3.879088107916586381e+01
-2.682284761500069448e-01 -9.030238679057260853e-01 -3.879081028178750046e+01
-2.696468404376143324e-01 -9.053501644724804009e-01 -3.888397308979709521e+01
-2.711137137001373154e-01 -9.077500995176882581e-01 -3.899208653168589223e+01
-2.726062907301936011e-01 -9.101838608167485134e-01 -3.921672534368275365e+01
-2.740749547889709814e-01 -9.125339288054187259e-01 -3.939735327515575136e+01
-2.754642738710285088e-01 -9.147788662184818120e-01 -3.964399775463719067e+01
-2.768573248944430909e-01 -9.170451352490532893e-01 -3.979940419065084711e+01
-2.783424594009985542e-01 -9.193623317054023802e-01 -3.988981516132006533e+01
-2.799104378497919154e-01 -9.216406562947326853e-01 -3.983569182106909778e+01
-2.814473263835777783e-01 -9.238768638273198164e-01 -3.978217873722634579e+01
-2.829520209290186661e-01 -9.260245365724278921e-01 -3.994462599903357614e+01
-2.844513523476728256e-01 -9.282615713214844577e-01 -4.014285001279304765e+01
-2.859656452213351074e-01 -9.304684129683429283e-01 -4.015209773278686356e+01
-2.875445517393759309e-01 -9.326329787344923572e-01 -4.014392129054458991e+01
-2.890785619586309085e-01 -9.347486277097974972e-01 -4.013023896233526244e+01
-2.906282744420420894e-01 -9.368738127658134962e-01 -4.017934553481480009e+01
-2.922339506052351599e-01 -9.390826656534360106e-01 -4.029987978094473533e+01
-2.938518143710679986e-01 -9.413658896427620215e-01 -4.053130296346566297e+01
-2.953919183036030627e-01 -9.436143366330359550e-01 -4.054854281859989840e+01
-2.969007740028520304e-01 -9.458234733835026997e-01 -4.048098758377741291e+01
-2.983690579097282303e-01 -9.480213408677418130e-01 -4.050245728574932258e+01
-2.998717810856752486e-01 -9.503179524541904843e-01 -4.069699823536483763e+01
-3.013791094389549619e-01 -9.525950798486632065e-01 -4.076257016453779869e+01
-3.028396079767737281e-01 -9.548221597637345237e-01 -4.098938548977137941e+01
-3.043522800703675757e-01 -9.570161436921849063e-01 -4.099207418700712680e+01
-3.059107919915247664e-01 -9.592140654510055153e-01 -4.100557112029963491e+01
-3.074715363689489722e-01 -9.614540148070308545e-01 -4.105854567977757341e+01
-3.090613971308718844e-01 -9.637669418029486401e-01 -4.126052156595347498e+01
-3.106462935291027794e-01 -9.660634194100266026e-01 -4.149868108141208722e+01
-3.122658280567986999e-01 -9.683664467614095939e-01 -4.172937529108957477e+01
-3.138458650900481928e-01 -9.706327202056417303e-01 -4.198151949571742136e+01
-3.154782624987477746e-01 -9.729858131335427096e-01 -4.223445904308729837e+01
-3.170737931081703542e-01 -9.752665609494386434e-01 -4.252362035580222965e+01
-3.186969842533441954e-01 -9.775842454650982560e-01 -4.273954158215848054e+01
-3.202779725011692946e-01 -9.798058238567339817e-01 -4.297612061544987228e+01
-3.218891197434148865e-01 -9.820710227203983678e-01 -4.326695058849358588e+01
-3.235244437193538491e-01 -9.843472661379996103e-01 -4.346188120069124494e+01
-3.251788787072410480e-01 -9.866281354093089373e-01 -4.365773264372533191e+01
-3.267923426744753779e-01 -9.888545578864478269e-01 -4.391307447726643431e+01
-3.284142654604630951e-01 -9.910446550761744522e-01 -4.415164473898764186e+01
-3.300601853365715543e-01 -9.932267936230213534e-01 -4.435865191096279148e+01
-3.317887279590964189e-01 -9.955068208303660127e-01 -4.463500323274356418e+01
-3.334974685904681380e-01 -9.977475497843804053e-01 -4.484933976267499389e+01
-3.351901190150204934e-01 -9.999600030979965970e-01 -4.488825009236474273e+01
-3.368095076258068588e-01 -1.002110799915953754e+00 -4.485757451773207549e+01
-3.384562576414417157e-01 -1.004274164621299814e+00 -4.500776683060067995e+01
-3.401047748166089457e-01 -1.006413206632719604e+00 -4.499790682533072328e+01
-3.418217736753955127e-01 -1.008570675986633969e+00 -4.519088105784584997e+01
-3.434929081687452257e-01 -1.010689573056066548e+00 -4.516402629977321226e+01
-3.450767589091687237e-01 -1.012784359281711177e+00 -4.510927077884709036e+01
-3.467055823209857501e-01 -1.014905297600150469e+00 -4.510478133716886617e+01
-3.483700509870759077e-01 -1.017059933453508647e+00 -4.504296095311844539e+01
-3.500939395503503415e-01 -1.019224380289864840e+00 -4.502528038084199835e+01
-3.518372945862107137e-01 -1.021407864389163977e+00 -4.521917155943953759e+01
-3.535486097899743774e-01 -1.023554011254947271e+00 -4.537046677894551294e+01
-3.552540191699901651e-01 -1.025732855417005762e+00 -4.561531026045859250e+01
-3.569865431880719919e-01 -1.027928552282215691e+00 -4.580280650827215538e+01
-3.587197469942756123e-01 -1.030121639673796219e+00 -4.586394239682367413e+01
-3.603796633328538723e-01 -1.032262812153731613e+00 -4.583489754658325666e+01
-3.620793433580712928e-01 -1.034397036142683968e+00 -4.605539588086474367e+01
-3.637631604093886084e-01 -1.036495452644361714e+00 -4.612950484714738764e+01
-3.654388643070743403e-01 -1.038588717439386411e+00 -4.610431926083493437e+01
-3.671453346101045678e-01 -1.040672292300652391e+00 -4.611716849552423980e+01
-3.688469067707043081e-01 -1.042758069221487727e+00 -4.629096264442995334e+01
-3.705712339101490116e-01 -1.044863980228350142e+00 -4.624112567213694547e+01
-3.722911308851979406e-01 -1.046985836889086086e+00 -4.641770386272702353e+01
-3.739911906140996334e-01 -1.049078285727730098e+00 -4.641874013551617395e+01
-3.757206643242798072e-01 -1.051187341808078379e+00 -4.659839800014053424e+01
-3.774546131070308785e-01 -1.053310034946421059e+00 -4.663079318613510083e+01
-3.791585662900419651e-01 -1.055419788468393794e+00 -4.662009507914665107e+01
-3.808137770448015158e-01 -1.057489174114423003e+00 -4.659093121069827959e+01
-3.824686065817312075e-01 -1.059589938777989904e+00 -4.677995074896146832e+01
-3.841271773413061918e-01 -1.061670405465567235e+00 -4.687748396944597573e+01
-3.858389399133950737e-01 -1.063769369782068930e+00 -4.683152198041562286e+01
-3.875305198739159573e-01 -1.065897554561111349e+00 -4.704022656690723636e+01
-3.892417951195710213e-01 -1.068006198598803858e+00 -4.723991049306443557e+01
-3.909300292669591892e-01 -1.070065969171124953e+00 -4.726193005489307808e+01
-3.926706009082949200e-01 -1.072156937212322747e+00 -4.745666024148170692e+01
-3.944252382827748704e-01 -1.074276391148840881e+00 -4.760711548456939823e+01
-3.962000388255147998e-01 -1.076406329783431204e+00 -4.765703520143887317e+01
-3.978814020306777333e-01 -1.078478517626135336e+00 -4.764685930130807634e+01
-3.995384518227880766e-01 -1.080508578014401477e+00 -4.766936384605300248e+01
-4.012661986118438162e-01 -1.082541673224994616e+00 -4.762921362981591500e+01
-4.029835221852653415e-01 -1.084602165718407951e+00 -4.781863201453504786e+01
-4.046904892783346197e-01 -1.086696402497031588e+00 -4.804816359911296786e+01
-4.063980795173087190e-01 -1.088789486468945800e+00 -4.806873866361959102e+01
-4.081108403808699214e-01 -1.090868895081874346e+00 -4.809919274520955668e+01
-4.098418396867067881e-01 -1.092951192714056274e+00 -4.808928890533547218e+01
-4.116041202072305838e-01 -1.095057271419377587e+00 -4.807570266445608098e+01
-4.133954930606432709e-01 -1.097103886524454008e+00 -4.826456617256619808e+01
-4.151383767799022295e-01 -1.099083325166576364e+00 -4.827435175643124410e+01
-4.168683523904996857e-01 -1.101030810913904645e+00 -4.825396390509377653e+01
-4.186156205649524398e-01 -1.102955718361499970e+00 -4.824557818725477176e+01
-4.203926517236636351e-01 -1.104962066391882214e+00 -4.842599225781535210e+01
-4.222003600514006583e-01 -1.107049744333986396e+00 -4.859019592643058161e+01
-4.239899184480896976e-01 -1.109137608576323819e+00 -4.877150071596094705e+01
-4.257464697936518272e-01 -1.111200420522893140e+00 -4.895405653708901639e+01
-4.275232737015470241e-01 -1.113276000118974318e+00 -4.909034840270425093e+01
-4.293113070042464674e-01 -1.115305139779765087e+00 -4.931182336623702156e+01
-4.311375261042145746e-01 -1.117350363746015374e+00 -4.936833531653402929e+01
-4.329577853521602848e-01 -1.119382557914524234e+00 -4.938175993732446756e+01
-4.348248690284279849e-01 -1.121443768061606505e+00 -4.948864895228397387e+01
-4.366449815283154900e-01 -1.123523407422603038e+00 -4.971194874592292479e+01
-4.384712419961246943e-01 -1.125523970391124839e+00 -4.987704501821808378e+01
-4.403278143629847929e-01 -1.127542308073848920e+00 -5.006694779905299697e+01
-4.421719053823934265e-01 -1.129584818937562130e+00 -5.015733904434738832e+01
-4.439922245053758432e-01 -1.131629435393408434e+00 -5.026188090739913150e+01
-4.458247561735501074e-01 -1.133622535172147616e+00 -5.044069257918128102e+01
-4.476700697883635449e-01 -1.135585961079215833e+00 -5.064810543741791093e+01
-4.495105132559946148e-01 -1.137467335391587842e+00 -5.080627793087011668e+01
-4.513173279188210651e-01 -1.139329075974992334e+00 -5.089139101958870270e+01
-4.531063898368022369e-01 -1.141163136275475276e+00 -5.086142608256962205e+01
-4.549305430268711370e-01 -1.142987242663104919e+00 -5.086299954083916930e+01
-4.567757488240969943e-01 -1.144863191588163964e+00 -5.103712648758128978e+01
-4.586788612631431672e-01 -1.146802607027832321e+00 -5.119209457008466302e+01
-4.605320629107504393e-01 -1.148706206513163908e+00 -5.123102027411181325e+01
-4.623636839654443609e-01 -1.150713980229224997e+00 -5.130034065727084425e+01
-4.641896425930135406e-01 -1.152760611948428604e+00 -5.144790608597740800e+01
-4.660024513667135881e-01 -1.154673171503445728e+00 -5.155301910969176049e+01
-4.678679520165193728e-01 -1.156592276445992606e+00 -5.165616393361456460e+01
-4.697106573897665838e-01 -1.158567650615431210e+00 -5.184327110806277261e+01
-4.715634407070206646e-01 -1.160525258532014936e+00 -5.188262526259087082e+01
-4.734036811079100904e-01 -1.162464524790535414e+00 -5.194221789762895725e+01
-4.752460645676707118e-01 -1.164455551517759924e+00 -5.210751084250978948e+01
-4.770804706347027135e-01 -1.166428638146665531e+00 -5.219888884911847526e+01
-4.788888089672284631e-01 -1.168317011583373644e+00 -5.229820022435305304e+01
-4.807463938994142039e-01 -1.170263551422403570e+00 -5.239208676347233506e+01
-4.825881045891431409e-01 -1.172178898043292561e+00 -5.247057609084372132e+01
-4.844373191804059453e-01 -1.174129650003051140e+00 -5.256730623549108827e+01
-4.862413099921891746e-01 -1.175988038601466723e+00 -5.267398414069431567e+01
-4.880504170144969178e-01 -1.177856156457678383e+00 -5.282080446964599219e+01
-4.899020877446130240e-01 -1.179714324239544476e+00 -5.291838984999973405e+01
-4.917337400843214135e-01 -1.181640300582455172e+00 -5.310148042585446859e+01
-4.935493696307853284e-01 -1.183538399600166713e+00 -5.325254218908165882e+01
-4.953987137740239466e-01 -1.185436315967170584e+00 -5.333005482551319432e+01
-4.972902472513837657e-01 -1.187360989817334955e+00 -5.335943612297953109e+01
-4.992318135452831207e-01 -1.189306496702940086e+00 -5.346021653971811816e+01
-5.011506606168486533e-01 -1.191235374593395235e+00 -5.347106230147456074e+01
-5.030999276580431223e-01 -1.193085298445363041e+00 -5.356674028554947142e+01
-5.050387456631466598e-01 -1.194949184782762241e+00 -5.375190240972152367e+01
-5.069410769434521402e-01 -1.196797783546865501e+00 -5.385834242885934486e+01
-5.089079345344307281e-01 -1.198661973056719177e+00 -5.390016455881232815e+01
-5.107966816870197491e-01 -1.200473010687999942e+00 -5.392961191432284807e+01
-5.126763005523838901e-01 -1.202294124455761226e+00 -5.402615648310995766e+01
-5.145269796046180177e-01 -1.204204398800291065e+00 -5.419983253133027290e+01
-5.164065659625881599e-01 -1.206117244141615252e+00 -5.427474000343558203e+01
-5.182111506316587901e-01 -1.207981005639408467e+00 -5.426603385702317439e+01
-5.200693444176784919e-01 -1.209840487078931881e+00 -5.421310736518333329e+01
-5.219587289841974842e-01 -1.211709984148257702e+00 -5.415200507941982977e+01
-5.238222134082187731e-01 -1.213544103635799676e+00 -5.415342027142439463e+01
-5.257296024029078918e-01 -1.215363023407703080e+00 -5.426336029398343896e+01
-5.276873676917950284e-01 -1.217163408514642331e+00 -5.438872089273811383e+01
-5.296335281861057620e-01 -1.218942277198194146e+00 -5.449434438304167827e+01
-5.315966547879475979e-01 -1.220723272328500197e+00 -5.451265793014404437e+01
-5.335545092940768841e-01 -1.222493156937468406e+00 -5.455020028954374567e+01
-5.354896495217380537e-01 -1.224332172237296845e+00 -5.463977377543689329e+01
-5.374599800281235629e-01 -1.226137088350480298e+00 -5.478565400685566544e+01
-5.394322345188728995e-01 -1.227968137557399420e+00 -5.497859139786424976e+01
-5.413774535960411693e-01 -1.229771301134181094e+00 -5.505003011873282759e+01
-5.433267067062795830e-01 -1.231555731173171964e+00 -5.517257218536478547e+01
-5.452537388275227048e-01 -1.233271758328107648e+00 -5.528150791521893836e+01
-5.471447495860078947e-01 -1.234980613322216536e+00 -5.537697080627910395e+01
-5.490685278618219201e-01 -1.236734403404674554e+00 -5.546236399720204702e+01
-5.510191079371956624e-01 -1.238470656233971123e+00 -5.563894323184375423e+01
-5.530097426404158023e-01 -1.240158327303782837e+00 -5.576203501020420816e+01
-5.550308710611916441e-01 -1.241840035750728655e+00 -5.584234722170145915e+01
-5.570215649058928298e-01 -1.243547431744127518e+00 -5.592399844223749028e+01
-5.589784824730070767e-01 -1.245228067294998020e+00 -5.597238224049184652e+01
-5.609438783874580725e-01 -1.246895953357659792e+00 -5.603412627834546100e+01
-5.629020413961743907e-01 -1.248676902125507304e+00 -5.621869095811980799e+01
-5.648781476716023819e-01 -1.250475490693447433e+00 -5.637515426328094748e+01
-5.668504679883579200e-01 -1.252239845710230615e+00 -5.650121844535627957e+01
-5.688592157724311482e-01 -1.253999953688676117e+00 -5.659302476598040244e+01
-5.708684019543576182e-01 -1.255803393639013832e+00 -5.667513019554314013e+01
-5.728715074780509342e-01 -1.257557636009438928e+00 -5.679721872786517878e+01
-5.749296667822536566e-01 -1.259282240738975212e+00 -5.694137096274022980e+01
-5.769985198645188884e-01 -1.261013376271966413e+00 -5.695841803285156857e+01
-5.790366481142000810e-01 -1.262715814246288648e+00 -5.697289503115163711e+01
-5.810363195671347514e-01 -1.264431679075789905e+00 -5.707472979463948803e+01
-5.830132664547234000e-01 -1.266115680409740651e+00 -5.713162257486160200e+01
-5.850396445441004012e-01 -1.267788939199109510e+00 -5.724707744597683501e+01
-5.870438876728746314e-01 -1.269533367439471538e+00 -5.741328909350634291e+01
-5.890112031149120631e-01 -1.271244143353348788e+00 -5.750100471604342545e+01
-5.910621893867786802e-01 -1.272954644404321378e+00 -5.758676044116653969e+01
-5.931109435044598088e-01 -1.274718949602541063e+00 -5.766260749865772084e+01
-5.951502777797784693e-01 -1.276495407441339491e+00 -5.777184100095828256e+01
-5.971859517715827348e-01 -1.278206705374687058e+00 -5.786832926548888878e+01
-5.992105462132398808e-01 -1.279778010083650885e+00 -5.795016149042574227e+01
-6.012137875304452983e-01 -1.281459772186151369e+00 -5.804757738644544673e+01
-6.032781122415957764e-01 -1.283104570253844612e+00 -5.814927519449189219e+01
-6.053635036391816771e-01 -1.284724484773996478e+00 -5.822829442428984947e+01
-6.074736402698102111e-01 -1.286333032622552386e+00 -5.825214312052891330e+01
-6.096317637519164112e-01 -1.287927587928195283e+00 -5.831280750838109839e+01
-6.118474841456199576e-01 -1.289420929468297006e+00 -5.849464970490743809e+01
-6.139470193510526697e-01 -1.290950344051528420e+00 -5.861825037057906229e+01
-6.160105214195878975e-01 -1.292521485957332406e+00 -5.867493956129655430e+01
-6.180194564681835701e-01 -1.294064303604815835e+00 -5.881837274171537899e+01
-6.200447091778361619e-01 -1.295601726604180159e+00 -5.888808604663798718e+01
-6.220879355864360472e-01 -1.297113679093262251e+00 -5.898983002004131748e+01
-6.241305968890792366e-01 -1.298731454505680505e+00 -5.918015013354468579e+01
-6.261750454193998339e-01 -1.300369249785847670e+00 -5.930777832085055934e+01
-6.281465062422127987e-01 -1.301941096457674973e+00 -5.937315584077479969e+01
-6.301410042702310088e-01 -1.303501832586766218e+00 -5.940556741056240497e+01
-6.321485017878444301e-01 -1.305054766079452033e+00 -5.948540175699941557e+01
-6.341813303457769502e-01 -1.306644954949436110e+00 -5.954350721261912582e+01
-6.362390123446171053e-01 -1.308221540139672623e+00 -5.956847426601821383e+01
-6.382582072612761337e-01 -1.309824033750382144e+00 -5.963156073874959162e+01
-6.402498749169145409e-01 -1.311463908614811658e+00 -5.976293306982657327e+01
-6.422236948039996562e-01 -1.313164863332083154e+00 -5.988962172744401613e+01
-6.442186203175191972e-01 -1.314863549895417316e+00 -6.007821549950776330e+01
-6.462190078928017334e-01 -1.316538839715589715e+00 -6.019220145157596846e+01
-6.482278802532458473e-01 -1.318202239172759471e+00 -6.024114965880705341e+01
-6.502140197914441089e-01 -1.319930949105045270e+00 -6.033335116522840025e+01
-6.521993311134753890e-01 -1.321622176615508959e+00 -6.048010134221416934e+01
-6.541986248239168855e-01 -1.323266420965987011e+00 -6.062035833099723448e+01
-6.561959977475675387e-01 -1.324904033308461182e+00 -6.069242254946048831e+01
-6.582120637263119134e-01 -1.326480159016880433e+00 -6.077544275100053994e+01
-6.602358553059045621e-01 -1.328043466094072977e+00 -6.090136866138554694e+01
-6.622593608390010544e-01 -1.329645481292554221e+00 -6.107148816146909809e+01
-6.642853736936777942e-01 -1.331188453590192333e+00 -6.116652459364809857e+01
-6.663073119914849629e-01 -1.332702010088632205e+00 -6.124995300440158275e+01
-6.683927011204600088e-01 -1.334199101604646831e+00 -6.134649996422792384e+01
-6.704329827609449843e-01 -1.335670434732319833e+00 -6.142153883997965380e+01
-6.725815122162775994e-01 -1.337055321709653244e+00 -6.149822265041573388e+01
-6.747348348225221670e-01 -1.338463538797020291e+00 -6.155743381885371690e+01
-6.768917903215910803e-01 -1.339855801498467835e+00 -6.159926965519001385e+01
-6.790558953013622334e-01 -1.341264412701645314e+00 -6.170975741946303827e+01
-6.811884141014775684e-01 -1.342684469556183258e+00 -6.179607638382623946e+01
-6.832941239354851648e-01 -1.344082913376075883e+00 -6.188750073141427777e+01
-6.854197088728265497e-01 -1.345466186903294448e+00 -6.203179944285783876e+01
-6.875344953133313286e-01 -1.346932901870478538e+00 -6.220095705269712738e+01
-6.895978376673964627e-01 -1.348349965725695654e+00 -6.231446810404932535e+01
-6.917140778450059369e-01 -1.349765091664403061e+00 -6.237992179335359566e+01
-6.938122787772419420e-01 -1.351177425866657344e+00 -6.242660614163404631e+01
-6.959217375671188366e-01 -1.352588745337149900e+00 -6.248312184538943370e+01
-6.980363806644420688e-01 -1.354030501807792719e+00 -6.254548679592204508e+01
-7.001383249665718012e-01 -1.355479169283916985e+00 -6.272748853749825315e+01
-7.022447044183206533e-01 -1.356884626887992606e+00 -6.290442064270547462e+01
-7.043597545739812560e-01 -1.358320965150974002e+00 -6.310643941212297392e+01
-7.064888384637357799e-01 -1.359745880802923246e+00 -6.321551861487055390e+01
-7.086748454310435319e-01 -1.361197435622778507e+00 -6.331928692676687120e+01
-7.108405741250302112e-01 -1.362628126557148267e+00 -6.339684817257791849e+01
-7.130094086919730456e-01 -1.364094724895051236e+00 -6.342452459161754774e+01
-7.151569364495951042e-01 -1.365560713352403921e+00 -6.351097682925407639e+01
-7.173133073913905422e-01 -1.367003915111946188e+00 -6.354073008887528573e+01
