6.953716708495079639e-04 -6.147434966225019714e-04 1.325102618762298221e-02
8.026433437989609994e-04 -1.708735836672600848e-03 6.115835481926571587e-03
8.177353907157891393e-04 -2.991972611854379956e-03 -1.672156907317417975e-03
1.171583410286412396e-03 -4.578186543783605532e-03 2.924019411214841182e-03
1.539867788791868947e-03 -6.221046047053885135e-03 1.691945032832970625e-02
1.866656685463446161e-03 -7.940889913022306651e-03 6.007635826194542700e-02
2.113239526602912581e-03 -9.769162774986930170e-03 8.650083444930561916e-02
2.295721963973868743e-03 -1.166910859148316548e-02 1.048326214162300790e-01
2.428853181893815029e-03 -1.366746274862544290e-02 1.399347356243703933e-01
2.558762736234546867e-03 -1.578518840625004957e-02 1.849312375150408416e-01
2.703527428952644078e-03 -1.798016522875609674e-02 2.355688940274254517e-01
2.924993534367708800e-03 -2.032282290980240783e-02 2.917626943555207686e-01
3.121939001399725178e-03 -2.274713498404701273e-02 3.715165736078124836e-01
3.284473522587107262e-03 -2.526746973601872240e-02 4.624064496594613716e-01
3.443318274096095113e-03 -2.781092724569525845e-02 5.495371594114286662e-01
3.600878812211021594e-03 -3.041453598409767783e-02 6.459947191503309094e-01
3.768201534189606714e-03 -3.308325671002090851e-02 7.594844276587553455e-01
3.877409690056676794e-03 -3.581637703087777597e-02 8.474610250392695665e-01
4.018314352688324119e-03 -3.859478335390895826e-02 9.329175994055547427e-01
4.132225624817797982e-03 -4.141682825161264320e-02 1.007685005022751934e+00
4.210636765279449426e-03 -4.426032774300489581e-02 1.095402590752888150e+00
4.289416466687416898e-03 -4.716709530705647663e-02 1.197780902433997596e+00
4.392214171228261792e-03 -5.006356183900208950e-02 1.282857428060011129e+00
4.517125641028228202e-03 -5.296457038689518504e-02 1.370151538229928745e+00
4.676340179671491411e-03 -5.588498538250664949e-02 1.458459252799594319e+00
4.784746293752110621e-03 -5.881139195873676812e-02 1.561679715173981409e+00
4.873533979517351983e-03 -6.178006803340174713e-02 1.686159263916371387e+00
4.982129974721635074e-03 -6.482470964725138562e-02 1.817116328636165568e+00
5.058886787965373791e-03 -6.790441339239994267e-02 1.929301705791130139e+00
5.126194776184127104e-03 -7.100304608708143950e-02 2.032773431690808152e+00
5.257852613615877219e-03 -7.419842208059430899e-02 2.143054393245341860e+00
5.356630606504747712e-03 -7.741974501347659299e-02 2.236327116986570829e+00
5.455843243835548258e-03 -8.067713187095539029e-02 2.341666363527302952e+00
5.600466940539500574e-03 -8.393339115761706826e-02 2.449032767730624283e+00
5.822176672433415461e-03 -8.729831345878970306e-02 2.553859963461879268e+00
6.077426375797882752e-03 -9.070804716280032876e-02 2.660096420535393413e+00
6.301612781958361616e-03 -9.415099804619918300e-02 2.770712059882004308e+00
6.511031827683229703e-03 -9.759887530979474701e-02 2.867063939849216148e+00
6.727744045779054938e-03 -1.010948080280580780e-01 2.973202827302228624e+00
6.884957077048778525e-03 -1.045626450826027953e-01 3.093967432405413831e+00
7.036002214321927795e-03 -1.080459314498429663e-01 3.225973691813474264e+00
7.193819957097545917e-03 -1.115649322323831738e-01 3.352689499804185846e+00
7.301254879960336445e-03 -1.151152325560919620e-01 3.463565452276212486e+00
7.396386398063804594e-03 -1.186465855314887824e-01 3.574075160739216273e+00
7.428778664025950142e-03 -1.221326137682374885e-01 3.700452023378685062e+00
7.460836616905903301e-03 -1.256370728991622610e-01 3.842134492930868728e+00
7.454858479910256470e-03 -1.291163216142132419e-01 3.995376483798591227e+00
7.454805519839020900e-03 -1.326095529609844226e-01 4.139934536569233714e+00
7.504096342170440449e-03 -1.361177699281108378e-01 4.276953419228684439e+00
7.594023310315139996e-03 -1.396859175596860403e-01 4.425493086312971336e+00
7.675639441055999608e-03 -1.432544247702208506e-01 4.578057089481721853e+00
7.788193899872558092e-03 -1.468230422607666452e-01 4.734636987505203898e+00
7.909338540771311543e-03 -1.504008089664607972e-01 4.873550849973258714e+00
8.086799431312855641e-03 -1.540382333379236024e-01 5.024716363046846546e+00
8.248190987307292207e-03 -1.576839434054199685e-01 5.186912782210693962e+00
8.411243432537867173e-03 -1.613079841459853225e-01 5.340668134917469168e+00
8.546457041499923649e-03 -1.649636690201556066e-01 5.494107963133222583e+00
8.674109373874234682e-03 -1.685911298031182171e-01 5.649474573313516323e+00
8.795781934252464365e-03 -1.722189815088354670e-01 5.817692375510613800e+00
8.911204795896054617e-03 -1.758551892877978085e-01 5.970946761162723604e+00
9.007747263500483562e-03 -1.794772584620100142e-01 6.133541047776416733e+00
9.106558749948333309e-03 -1.830924089268897437e-01 6.290261522349217316e+00
9.220097694977922448e-03 -1.867616121294949638e-01 6.443021649825709574e+00
9.411937696712167553e-03 -1.905205716529707327e-01 6.608334430362098999e+00
9.635056508212931289e-03 -1.942899305958812883e-01 6.769718902806085126e+00
9.826238212711075476e-03 -1.980758810922849666e-01 6.929678099266205926e+00
1.004313014949363182e-02 -2.018535501514126806e-01 7.076421504993651190e+00
1.022878745406261697e-02 -2.055959718975027273e-01 7.224694922487413073e+00
1.044266430240695098e-02 -2.092936722681248418e-01 7.360315644373965682e+00
1.068549473750638606e-02 -2.130056252330773114e-01 7.502946002467740350e+00
1.098074850643245871e-02 -2.166731190000942553e-01 7.641747152131116216e+00
1.126997570153105699e-02 -2.203680247270070891e-01 7.781138418363593878e+00
1.166632305091936522e-02 -2.241331302008119641e-01 7.926941229283038126e+00
1.206199367658255736e-02 -2.279179367599217521e-01 8.084260329561702818e+00
1.243585331960016596e-02 -2.316836130345312772e-01 8.213852093243545482e+00
1.284911160252567679e-02 -2.354040257150581406e-01 8.319700901702596241e+00
1.326887323310377981e-02 -2.391269838231977751e-01 8.441016920534131884e+00
1.370256120432997680e-02 -2.428839625852144690e-01 8.569575762715638589e+00
1.411536887242664448e-02 -2.466370019459298568e-01 8.680001878265594328e+00
1.453503123634125420e-02 -2.504166807166000597e-01 8.785111681412461238e+00
1.492051201222346392e-02 -2.541837881545662703e-01 8.894604575103107535e+00
1.529044013065285201e-02 -2.578482497650385064e-01 9.011358056963047147e+00
1.569920576128812709e-02 -2.614767300595333688e-01 9.112833961122785098e+00
1.613648237029910448e-02 -2.651133775594614050e-01 9.217095661458863276e+00
1.658527246112866116e-02 -2.687545434229243191e-01 9.323741891843754459e+00
1.701280376625134011e-02 -2.723944177741415840e-01 9.425812628216650779e+00
1.747672802843014059e-02 -2.760765328603311808e-01 9.568966959800411232e+00
1.790135939245012658e-02 -2.797492904372044231e-01 9.698654735904455038e+00
1.838306267907066638e-02 -2.834019690621570331e-01 9.848277042021010175e+00
1.886384866528482626e-02 -2.870453527523735282e-01 9.993197572477130919e+00
1.932964416976964278e-02 -2.906899749415519096e-01 1.013449019699431908e+01
1.981005354367035981e-02 -2.943229383441973157e-01 1.029780086053608912e+01
2.028321603003123072e-02 -2.979576934352873852e-01 1.043879491827878248e+01
2.076757316497794895e-02 -3.015962932539635322e-01 1.058499196353801608e+01
2.121315113278783929e-02 -3.052694283876977721e-01 1.072485825816599814e+01
2.167975035204481107e-02 -3.089618386073795242e-01 1.091085440507569970e+01
2.214334065950541650e-02 -3.126504014651385610e-01 1.107542566006170759e+01
2.263016075625714357e-02 -3.163233664588661065e-01 1.125302929277469488e+01
2.313407419661714717e-02 -3.200223311750340915e-01 1.144531724719233523e+01
2.367652128379444526e-02 -3.237702187585625446e-01 1.166168223151453098e+01
2.426831460722687905e-02 -3.275772099743701760e-01 1.190886969572074250e+01
2.487144729207298177e-02 -3.313446483873351278e-01 1.212469127086713883e+01
2.546638321073250999e-02 -3.350956580450295541e-01 1.230262643642665488e+01
2.607309056737749237e-02 -3.388384376507598827e-01 1.250050510723290742e+01
2.670893474631232806e-02 -3.426118129083473574e-01 1.269332781078285244e+01
2.737785332985574402e-02 -3.464203561547672394e-01 1.287271384682607156e+01
2.806679372609540216e-02 -3.502114680711820860e-01 1.304696313489172965e+01
2.873589319439307302e-02 -3.539825079932039653e-01 1.320023798413902405e+01
2.940424922791269949e-02 -3.577523001966672056e-01 1.336336450751872107e+01
3.010969468064473090e-02 -3.615499703105212181e-01 1.356591772544455843e+01
3.084266326479647574e-02 -3.653075632801739414e-01 1.374818124304960953e+01
3.157490903115928171e-02 -3.690646048418705916e-01 1.393576581245164547e+01
3.234594022179802103e-02 -3.728032378125027413e-01 1.413466695739282386e+01
3.314692638293052773e-02 -3.765653240043800309e-01 1.433815428699254468e+01
3.394776472791555255e-02 -3.803397877856360965e-01 1.454709235562164871e+01
3.468759367012565209e-02 -3.841223245345632975e-01 1.471327650047089186e+01
3.543643744150543756e-02 -3.878893535532091930e-01 1.485194342856393313e+01
3.620627791685225583e-02 -3.916804182061726647e-01 1.499291221480371838e+01
3.705109387032351487e-02 -3.955528786989914170e-01 1.513112034081025215e+01
3.790167025836973375e-02 -3.994329513328886971e-01 1.528944389745327470e+01
3.876225128889706356e-02 -4.033101868826811653e-01 1.545148025077676834e+01
3.966133239727305526e-02 -4.071482709522036281e-01 1.559075787450548134e+01
4.058510675460340333e-02 -4.110202761315840947e-01 1.570716612579763449e+01
4.151427859261230119e-02 -4.148953575132343641e-01 1.581286763408586182e+01
4.242841498061282468e-02 -4.187222402720194303e-01 1.596924221155342849e+01
4.332584471758672839e-02 -4.224719403563375608e-01 1.612866576151664688e+01
4.420063221019114585e-02 -4.262154314751372408e-01 1.629362284661426941e+01
4.507190697788351214e-02 -4.299347686888343456e-01 1.640537425064758281e+01
4.592085134403964264e-02 -4.336314463012311271e-01 1.656470860011258139e+01
4.673792940574646865e-02 -4.372992714429643213e-01 1.675099594049090257e+01
4.754197696270680285e-02 -4.409871906361194083e-01 1.692768024262879578e+01
4.843255607322505957e-02 -4.446950479530966116e-01 1.709573536119754067e+01
4.935067644870350795e-02 -4.484300534070808086e-01 1.724102891148955763e+01
5.025632651117085958e-02 -4.521693137037738341e-01 1.738702122647258008e+01
5.115276886692877306e-02 -4.559232100551178224e-01 1.752897567717034022e+01
5.199652911457137983e-02 -4.596825789194382006e-01 1.763699038272563868e+01
5.284846800567070263e-02 -4.634254023219049889e-01 1.779698434421651854e+01
5.373183197466099847e-02 -4.672049701376534414e-01 1.795333907794023176e+01
5.462535544682096261e-02 -4.709828106246666257e-01 1.811622730064553011e+01
5.557001204393406668e-02 -4.747412168450407255e-01 1.824543405982343103e+01
5.651311905191679086e-02 -4.784899052734325475e-01 1.835851256311827129e+01
5.751677697557627117e-02 -4.822868564600237273e-01 1.845086694122448634e+01
5.854019541466867066e-02 -4.860952411349920843e-01 1.858849775732294418e+01
5.956013344292915984e-02 -4.899076358008839782e-01 1.875515058041663607e+01
6.056132252474981381e-02 -4.937111338381986458e-01 1.892792576757675249e+01
6.158867438596275778e-02 -4.975417275473112966e-01 1.913504790185911730e+01
6.256588080300837240e-02 -5.012706452026564063e-01 1.933454712709064793e+01
6.351743154231920263e-02 -5.049788186881167817e-01 1.952018584409325896e+01
6.451227178964694109e-02 -5.086553085480054470e-01 1.963715494147445639e+01
6.555586868910008580e-02 -5.123535385540542997e-01 1.975475276920560219e+01
6.663214241600215471e-02 -5.160853270224955436e-01 1.993270984465332418e+01
6.777653905647552934e-02 -5.199046480687797844e-01 2.012307073631820131e+01
6.889099009495355808e-02 -5.236974100694402612e-01 2.034867279151593777e+01
7.002958267313461049e-02 -5.274527763856772244e-01 2.053788703606632993e+01
7.120584887222836112e-02 -5.311915496945870396e-01 2.067831925616791011e+01
7.236294352419501974e-02 -5.349224038335695930e-01 2.086495523651830908e+01
7.355708328921821415e-02 -5.386979390069012164e-01 2.103283087374509464e+01
7.472380552810166388e-02 -5.424407096401399064e-01 2.121791877379736846e+01
7.585839170098618300e-02 -5.461352300271489213e-01 2.138562963984000831e+01
7.695967606049394782e-02 -5.498043693614762528e-01 2.152362475454203405e+01
7.804169226367552170e-02 -5.533739381073918828e-01 2.168930112682208389e+01
7.912472843045791071e-02 -5.569672091534544345e-01 2.192712034777245478e+01
8.021756111313362025e-02 -5.605845242561602326e-01 2.213335868301988540e+01
8.132390508308975918e-02 -5.641755799853033215e-01 2.232033088954289468e+01
8.244126884809209466e-02 -5.677499575866563619e-01 2.251778740326553319e+01
8.362126058189314759e-02 -5.713874128470909364e-01 2.276064468089264992e+01
8.475892256684014470e-02 -5.750125979412384902e-01 2.292574953041933128e+01
8.593219483483835464e-02 -5.785928492195092643e-01 2.306121643824686274e+01
8.709587116859815459e-02 -5.821502413775351270e-01 2.321893037553137162e+01
8.828948296693198139e-02 -5.856784351348821582e-01 2.335719722433709933e+01
8.946010212230315339e-02 -5.891727216747065787e-01 2.350383458142499649e+01
9.059154309133310434e-02 -5.926550689816657558e-01 2.364227416129660497e+01
9.170907468015219999e-02 -5.961696879905253876e-01 2.378402429551757891e+01
9.293905681191172441e-02 -5.997005739599426954e-01 2.392750794240209444e+01
9.422151181370269635e-02 -6.032335588621762223e-01 2.409149611283354986e+01
9.558444657360989916e-02 -6.068054562635483151e-01 2.430627614753753107e+01
9.692650420910900455e-02 -6.103655145085336020e-01 2.450063984805939654e+01
9.825435610131998121e-02 -6.139060011400063743e-01 2.473812748184038313e+01
9.955285095051946698e-02 -6.174440502975039324e-01 2.498315600607616815e+01
1.009384443988895624e-01 -6.210847971363658848e-01 2.519673860455468173e+01
1.022744859257231909e-01 -6.246970023488040979e-01 2.536842606481225815e+01
1.036523291007930281e-01 -6.283846634286667232e-01 2.548998546790891240e+01
1.050976639331536316e-01 -6.320335283980241803e-01 2.561078288866791652e+01
1.065183815601625089e-01 -6.355988593733604697e-01 2.573740217353715209e+01
1.079291581109464715e-01 -6.391360698099681770e-01 2.588150002992443532e+01
1.093195040176883626e-01 -6.426176020269427358e-01 2.598615300214607515e+01
1.106538431958592889e-01 -6.461095238648567607e-01 2.609288889457840810e+01
1.120178593578321502e-01 -6.496133380647926003e-01 2.618453643386854424e+01
1.134164817103514300e-01 -6.531506629710983614e-01 2.641700819925982913e+01
1.148601509890264244e-01 -6.567754456583935196e-01 2.664812931702733678e+01
1.163330539745647124e-01 -6.603931213635712005e-01 2.687328217341071834e+01
1.177244238640904328e-01 -6.640389300479466739e-01 2.701428061773773948e+01
1.191375338069052131e-01 -6.676485293601498450e-01 2.710786844591718747e+01
1.206306546224586440e-01 -6.713506762080562185e-01 2.723376304102333378e+01
1.221592323238911565e-01 -6.751172387935041597e-01 2.737765408326861305e+01
1.236761158129518479e-01 -6.788773820360988198e-01 2.763795648257957893e+01
1.253002872587639926e-01 -6.825547817251141902e-01 2.780929438527591557e+01
1.269455475572557335e-01 -6.862374466083038804e-01 2.791761197536491679e+01
1.285730161520563797e-01 -6.899770445398251129e-01 2.803242820983159334e+01
1.302513612036908519e-01 -6.936658310383284620e-01 2.816704277616921814e+01
1.319003702750925211e-01 -6.973423969269180178e-01 2.830501903217463777e+01
1.335684760705858065e-01 -7.010110748567160988e-01 2.845872256660980781e+01
1.352707049624391200e-01 -7.046370084274511392e-01 2.862221476820197097e+01
1.369866721199961279e-01 -7.082547290270817530e-01 2.889228135580302492e+01
1.386687589696241063e-01 -7.118347810276428600e-01 2.918547357011941656e+01
1.402929436800030294e-01 -7.153614090571429607e-01 2.934537335104322153e+01
1.418880943900697467e-01 -7.188619513339846723e-01 2.946333808142913924e+01
1.434805192967980592e-01 -7.223117672682907164e-01 2.967175388341165387e+01
1.450775120138857177e-01 -7.257415741451634927e-01 2.989712819959931167e+01
1.466156228739554923e-01 -7.292293126820591498e-01 3.007931656566516665e+01
1.482086950418690652e-01 -7.326889027398770793e-01 3.026242657132657499e+01
1.499330401513332689e-01 -7.360849947656300518e-01 3.030344377348311369e+01
1.516932223020885651e-01 -7.395283192978475695e-01 3.038285646329535794e+01
1.534667588937924099e-01 -7.430622661446235622e-01 3.053664676782330645e+01
1.552126166609318625e-01 -7.465766098484830637e-01 3.068570535763903706e+01
1.569789041543457053e-01 -7.501021999652196515e-01 3.087675347159033024e+01
1.587265961846806017e-01 -7.535776114819011662e-01 3.109400338780561768e+01
1.605518940972280872e-01 -7.571549668554700130e-01 3.134148821770583027e+01
1.622936195809406845e-01 -7.606900282688210391e-01 3.145648935818532621e+01
1.639771949720794098e-01 -7.641651177367488890e-01 3.151497846642576306e+01
1.656260547002193217e-01 -7.676022731166496360e-01 3.158057720462252504e+01
1.673863230919052092e-01 -7.711174856119513699e-01 3.169838159114252107e+01
1.691685046594284814e-01 -7.746415254042720022e-01 3.183171396868371161e+01
1.708854852320510209e-01 -7.780857596755182959e-01 3.201601231303390449e+01
1.726331226363178040e-01 -7.815392866671971861e-01 3.213616532735623821e+01
1.744983562978796587e-01 -7.849233293598273375e-01 3.215823409968593438e+01
1.764108355038441212e-01 -7.883654996477434951e-01 3.225810526276520562e+01
1.783483406459321907e-01 -7.918524712139927146e-01 3.248000020058762516e+01
1.802020057031170075e-01 -7.953886693395564311e-01 3.267798850772480534e+01
1.820231464046269676e-01 -7.989115631150854879e-01 3.280071913549164009e+01
1.838020859393737494e-01 -8.023196728811262668e-01 3.300138376255399209e+01
1.855762315174341315e-01 -8.056974842806111647e-01 3.323643057737662332e+01
1.873518866756115619e-01 -8.090301141141621466e-01 3.327824272539901784e+01
1.891044051806744786e-01 -8.123337789609633708e-01 3.342515850165972324e+01
1.909471050911383527e-01 -8.156398769945745197e-01 3.356477122026899451e+01
1.927994173601632888e-01 -8.189506720083800095e-01 3.369780821674780213e+01
1.946264892310198280e-01 -8.222057291677289381e-01 3.392695352201595682e+01
1.964275932152160231e-01 -8.254570838332043747e-01 3.415904409240126682e+01
1.981599895351677521e-01 -8.287290230511290545e-01 3.428850219468774441e+01
2.000127062219320961e-01 -8.320491289297551329e-01 3.437814773040997807e+01
2.019292594685466735e-01 -8.354751068804302516e-01 3.456345575354045963e+01
2.038026943186019568e-01 -8.388203025527828371e-01 3.477128048643586311e+01
2.056304323352633745e-01 -8.421930485956579115e-01 3.494048381454424401e+01
2.075327121427196775e-01 -8.455519395786869064e-01 3.507152809323508080e+01
2.093769696333239172e-01 -8.488434701520292114e-01 3.519700096519370902e+01
2.112481085013867554e-01 -8.521463152425921006e-01 3.541700962623085047e+01
2.131615658363188170e-01 -8.554663742106785040e-01 3.552100956392509090e+01
2.150349111814604253e-01 -8.587458705186420405e-01 3.555729070626231447e+01
2.169813373025022696e-01 -8.620327977108035444e-01 3.555449069861374056e+01
2.190378850434693825e-01 -8.653046283596249610e-01 3.567324301581615487e+01
2.210522927844678354e-01 -8.684879922714260347e-01 3.584000834396023549e+01
2.230367491737746954e-01 -8.716707097192123443e-01 3.607288513095735993e+01
2.250315526582931935e-01 -8.749215727219427086e-01 3.638841488155237158e+01
2.271299892337961257e-01 -8.782328037637268103e-01 3.653950668611928165e+01
2.292060141601669487e-01 -8.814978006178749714e-01 3.679926768314226138e+01
2.313329453323282603e-01 -8.847576043430602777e-01 3.697059147328099726e+01
2.332970999947952540e-01 -8.880025335777224083e-01 3.704386774380552083e+01
2.351768439943755229e-01 -8.912190957540738756e-01 3.718096900517500814e+01
2.370992087480128518e-01 -8.944459849326775736e-01 3.727200194982336257e+01
2.390927423362958770e-01 -8.977586354894594445e-01 3.742496373424852152e+01
2.411057330805404519e-01 -9.011147370799480472e-01 3.765958486397013161e+01
2.432142687346066368e-01 -9.044343641715463233e-01 3.777223729648017070e+01
2.453978951991129809e-01 -9.077538202979619220e-01 3.786159791399657593e+01
2.474854487550215698e-01 -9.110052404296673512e-01 3.786607875022765768e+01
2.496171320898878387e-01 -9.142404906620020810e-01 3.797181065637021646e+01
2.516721090447106013e-01 -9.173905801584643083e-01 3.804134877107689761e+01
2.537677865290472456e-01 -9.206270058807820567e-01 3.827048830036736859e+01
2.558595589977701312e-01 -9.238814733376999877e-01 3.834435943403189384e+01
2.580930881353549755e-01 -9.271086457409761783e-01 3.843285390507585220e+01
2.602931654204158063e-01 -9.302546393073678477e-01 3.852590166531503968e+01
2.624256912958641830e-01 -9.333321975897795886e-01 3.852700050636460105e+01
2.645021121867724978e-01 -9.364056890207478334e-01 3.855336450239768453e+01
2.664859476787821979e-01 -9.394623195433551288e-01 3.866001421926417692e+01
2.685204087081949353e-01 -9.425746249354197692e-01 3.886366251198635524e+01
2.705222746158912894e-01 -9.456457480999890253e-01 3.900666979376314458e+01
2.726924822216820754e-01 -9.487101911204884885e-01 3.907941379245825431e+01
2.748443935272091854e-01 -9.517651031099647607e-01 3.910699597881576750e+01
2.769474218267062304e-01 -9.547960678190051675e-01 3.913534543788227893e+01
2.790418096929471181e-01 -9.578306998092381841e-01 3.929122125265987364e+01
2.811422745232398102e-01 -9.609514870678144138e-01 3.954617531761996219e+01
2.832581412568398460e-01 -9.640959947889330417e-01 3.980976418907481928e+01
2.854234929341233906e-01 -9.672520612996051703e-01 3.980182942573220117e+01
2.877031484615204526e-01 -9.703915608270977655e-01 3.989708469203407759e+01
2.899942971566800143e-01 -9.735641978059400570e-01 4.013713573141296820e+01
2.922971407848024561e-01 -9.767185232717501275e-01 4.026626228321472212e+01
2.946257202023130350e-01 -9.799070250638979296e-01 4.051724512145850809e+01
2.969252722919483722e-01 -9.830407943874944765e-01 4.073641028498158079e+01
2.992642012798969464e-01 -9.861808239171795387e-01 4.095839967979822660e+01
3.015904633945403202e-01 -9.893214679070708728e-01 4.120853898754624822e+01
3.039282708563799673e-01 -9.924600890092819538e-01 4.137712349782496801e+01
3.061993415874090241e-01 -9.955167368549763252e-01 4.141219704698135473e+01
3.084770730678723649e-01 -9.985544981292370226e-01 4.143734844142176854e+01
3.107398332104057692e-01 -1.001567876047551708e+00 4.161991830914064394e+01
3.129367152769677585e-01 -1.004528356860550087e+00 4.183140354686937457e+01
3.151028358929129358e-01 -1.007433695089289261e+00 4.215150411957055354e+01
3.172779314745619583e-01 -1.010425581066801248e+00 4.245186465603362080e+01
3.195220982120823283e-01 -1.013393890786431051e+00 4.261291072351664866e+01
3.217948173062565864e-01 -1.016301053805256149e+00 4.265532232182131622e+01
3.240289399317358709e-01 -1.019161673216978148e+00 4.270854483968636828e+01
3.263436848113197564e-01 -1.022068166585324622e+00 4.275449782270811028e+01
3.286058939982788862e-01 -1.024963848891260909e+00 4.277518558203677657e+01
3.309155124216574539e-01 -1.027887722516311886e+00 4.300183317124474769e+01
3.332891861678576317e-01 -1.030980441494601330e+00 4.323524134556186738e+01
3.355799396731911632e-01 -1.034014870638282568e+00 4.326553292874822176e+01
3.378907339614429794e-01 -1.037074892238443180e+00 4.352193466062105642e+01
3.401661210819299508e-01 -1.040076585571973578e+00 4.369308139336176566e+01
3.425047516217509802e-01 -1.043122678163153960e+00 4.399220859909573278e+01
3.448691576739338349e-01 -1.046157104171537400e+00 4.418506277457453990e+01
3.472314401512038295e-01 -1.049153900730883882e+00 4.440844150721705574e+01
3.494914301534409740e-01 -1.052051515937008741e+00 4.437059887219700727e+01
3.517483098873587233e-01 -1.054874736095779975e+00 4.454115673326982972e+01
3.540760364584397690e-01 -1.057642059724571926e+00 4.458084399168348710e+01
3.563751121763548690e-01 -1.060361437513206218e+00 4.465958160361087437e+01
3.587487422776662327e-01 -1.063264179668625298e+00 4.492633192281486032e+01
3.611536187068871695e-01 -1.066169164264420210e+00 4.496103212148534567e+01
3.636552655505363996e-01 -1.069078026026868189e+00 4.524471217062301065e+01
3.661858336325443108e-01 -1.072035825627466687e+00 4.549232509292016147e+01
3.687089086091518420e-01 -1.074997397515032649e+00 4.569459488970338867e+01
3.712175301380417625e-01 -1.077953485402919354e+00 4.595021954659554098e+01
3.736832921086789550e-01 -1.080841630628636807e+00 4.620665625756074490e+01
3.762139235865515352e-01 -1.083704714947676617e+00 4.647395130130202290e+01
3.787206985448635654e-01 -1.086526244266281749e+00 4.673119546423932036e+01
3.811340939630916691e-01 -1.089297084864071508e+00 4.671673960477529874e+01
3.835819963951900280e-01 -1.092077049819625945e+00 4.680124859796035253e+01
3.860463464090203023e-01 -1.094869039055650140e+00 4.702294582140866908e+01
3.884825650205083192e-01 -1.097622701094545405e+00 4.706078627002596448e+01
3.908758761280169969e-01 -1.100423690833046253e+00 4.726809596879984099e+01
3.933028971461394740e-01 -1.103224000939294402e+00 4.727721146759980542e+01
3.957656611915531530e-01 -1.106058126441777034e+00 4.748519182028550034e+01
3.982505987488090815e-01 -1.108835784952366232e+00 4.767920610489606759e+01
4.006961418583650514e-01 -1.111564887843978333e+00 4.776259211965486173e+01
4.030823514871889057e-01 -1.114259161811454346e+00 4.783014716250550435e+01
4.054937575078187417e-01 -1.116936828829792061e+00 4.789066497854416582e+01
4.079557196170032207e-01 -1.119676588765839087e+00 4.813623187969474770e+01
4.104230328491053625e-01 -1.122452505273356493e+00 4.837166546123344091e+01
4.128857978581541577e-01 -1.125214784815152136e+00 4.858916067858051946e+01
4.154620486224009368e-01 -1.128020134873429781e+00 4.856826309172105027e+01
4.180501762057955428e-01 -1.130820971339436154e+00 4.868685497540075602e+01
4.206924114704367335e-01 -1.133570928425060798e+00 4.892092116845730487e+01
4.233076146741596713e-01 -1.136318966395143404e+00 4.912202794010254792e+01
4.259173305942634546e-01 -1.139057396905521991e+00 4.937904968258002469e+01
4.284628518294957278e-01 -1.141738669974480480e+00 4.947207999209849305e+01
4.310316289905471998e-01 -1.144424126737817904e+00 4.943068170435510211e+01
4.336357105770055065e-01 -1.147104205482788908e+00 4.964136353618675201e+01
4.361806862511787286e-01 -1.149739313025527343e+00 4.972000795746452440e+01
4.387302338937537072e-01 -1.152350696685884079e+00 4.995881192489288480e+01
4.413178948596339635e-01 -1.154985926706372679e+00 5.008558849650819411e+01
4.438780020360644785e-01 -1.157641475033051037e+00 5.026340620256785741e+01
4.463958758052123388e-01 -1.160302266971262153e+00 5.047991495054966293e+01
4.488811389037266064e-01 -1.162916773748589483e+00 5.055059955417115702e+01
4.514541874634676044e-01 -1.165539256857127670e+00 5.069391033675946545e+01
4.540464979760944209e-01 -1.168146618754054566e+00 5.074823012045114012e+01
4.566752749445069925e-01 -1.170741725681950784e+00 5.094986217077629931e+01
4.592486263271912672e-01 -1.173294544348511659e+00 5.107638858886478772e+01
4.618779238245074303e-01 -1.175863596389178145e+00 5.122187607937856058e+01
4.644904219658323452e-01 -1.178365112299173179e+00 5.143393941067152753e+01
4.670866293740066899e-01 -1.180840161833020874e+00 5.148827640667499139e+01
4.696857867628684291e-01 -1.183401686392539842e+00 5.170074767544194572e+01
4.721937666189782723e-01 -1.185886025291628565e+00 5.177297748063563176e+01
4.747165539876862517e-01 -1.188415110649850392e+00 5.197960407284832485e+01
4.773120322570608143e-01 -1.190960783395767830e+00 5.208324844778911000e+01
4.799536322702384616e-01 -1.193481338480183895e+00 5.223134099608068226e+01
4.825703623921981933e-01 -1.195976526204704182e+00 5.233581594079348775e+01
4.852307684547815247e-01 -1.198478998651035798e+00 5.237862475694652176e+01
4.878680143413196557e-01 -1.200988134507548821e+00 5.250166648678634829e+01
4.905001385457548047e-01 -1.203478422268560388e+00 5.261128659929307361e+01
4.931660478988719731e-01 -1.205948320902815007e+00 5.282047150027899107e+01
4.958104040397646184e-01 -1.208526154720195311e+00 5.304692317053867612e+01
4.984601768124933274e-01 -1.211104767230873458e+00 5.313764837281160425e+01
5.011156539543021315e-01 -1.213656739562658737e+00 5.329650217471504448e+01
5.037499390624535778e-01 -1.216149332213459777e+00 5.336535173113405506e+01
5.064537815119717346e-01 -1.218547023334854984e+00 5.357096592359491183e+01
5.091902336714618782e-01 -1.220994805395356542e+00 5.373035550722506315e+01
5.119156999585252610e-01 -1.223494254834974093e+00 5.405252830359505367e+01
5.146616204099790925e-01 -1.225967455170854814e+00 5.420946770253943470e+01
5.173655668452985523e-01 -1.228347173395497371e+00 5.438907609029175916e+01
5.200626552795811763e-01 -1.230797892923535031e+00 5.461458250517753754e+01
5.227334837240055210e-01 -1.233327296922299698e+00 5.475224865173905187e+01
5.254389011203081106e-01 -1.235830430580499462e+00 5.488038932330712782e+01
5.281189663722766214e-01 -1.238312036974082764e+00 5.504759021752884252e+01
5.308536546939773837e-01 -1.240673758960000983e+00 5.524581005315194915e+01
5.335306775711852190e-01 -1.242986348188444889e+00 5.542271668633720338e+01
5.363007076941944673e-01 -1.245350419655560925e+00 5.555560020763171281e+01
5.390573573183213840e-01 -1.247679637886104143e+00 5.571436512923329332e+01
5.418344192120907454e-01 -1.249991048398860105e+00 5.577487045977784419e+01
5.446159972035441443e-01 -1.252333027976088697e+00 5.605980560532844947e+01
5.473835811329129664e-01 -1.254637138667730412e+00 5.627397675842728830e+01
5.501580471954905516e-01 -1.256895499959005846e+00 5.642487772641789689e+01
5.529475990855444723e-01 -1.259108841614241303e+00 5.654897648978803204e+01
5.557845866129466073e-01 -1.261394876574703838e+00 5.664217915962885996e+01
5.586180110677635424e-01 -1.263659105258533977e+00 5.677620270714088946e+01
5.614639454153180775e-01 -1.265955638738739841e+00 5.694594799274011621e+01
5.643246307529257155e-01 -1.268308567132720555e+00 5.716430935727544238e+01
5.671295948741776893e-01 -1.270588853267727414e+00 5.733390256790718098e+01
5.699360294146150752e-01 -1.272761409853499837e+00 5.754232728358776683e+01
5.727085379704860424e-01 -1.274989251522826939e+00 5.773932999940085153e+01
5.754466699519606987e-01 -1.277179945850803522e+00 5.785995514477367152e+01
5.782124486779380845e-01 -1.279385176494301168e+00 5.802347972678757770e+01
5.810286791068919321e-01 -1.281527126973365238e+00 5.815157139161566846e+01
5.839143742513446256e-01 -1.283575854784674952e+00 5.833586786296280735e+01
5.867543281993298221e-01 -1.285597908031851144e+00 5.848502316345477681e+01
5.895294234993899707e-01 -1.287593770372819302e+00 5.861218950008542805e+01
5.923322255716592100e-01 -1.289666159936974088e+00 5.872776267742020195e+01
5.951749438926027258e-01 -1.291728614686606713e+00 5.890725483268176532e+01
5.979790880399542541e-01 -1.293890497097092807e+00 5.911779268231529727e+01
6.007756561694989061e-01 -1.295981455301988383e+00 5.927144235319584453e+01
6.035971889243835209e-01 -1.298148717707856781e+00 5.943309192258268325e+01
6.064125374309558003e-01 -1.300288193477691090e+00 5.947966583731255952e+01
6.092501424008575084e-01 -1.302447894739547030e+00 5.963593539289853851e+01
6.120766506659510720e-01 -1.304666948008832650e+00 5.984759629593504116e+01
6.148958530475756579e-01 -1.306768249609669308e+00 5.999908989693196304e+01
6.177733577496193895e-01 -1.308834383511155997e+00 6.013678109045700637e+01
6.206667798148303161e-01 -1.310901947542144397e+00 6.024021304135222010e+01
6.236073498474959953e-01 -1.312920546378943065e+00 6.033427476859016281e+01
6.265101912389894334e-01 -1.314905039718208712e+00 6.038744206894941158e+01
6.294340500334901778e-01 -1.316835310712658025e+00 6.046745245703706217e+01
6.323700191234541412e-01 -1.318840403769708569e+00 6.060469808822639948e+01
6.353528331953895991e-01 -1.320761730397817191e+00 6.082280167022820194e+01
6.383085349151094157e-01 -1.322679565942352253e+00 6.107050581465420436e+01
6.412587157834892526e-01 -1.324583100584061368e+00 6.124588396696916703e+01
6.441979352801566749e-01 -1.326477856556993462e+00 6.130941689434840214e+01
6.471101869054441957e-01 -1.328342800737473572e+00 6.136686646382662502e+01
6.500742876402447745e-01 -1.330186434592819156e+00 6.142211283993696469e+01
6.530570871427610058e-01 -1.332052993274937203e+00 6.156564188582277808e+01
6.560692992899244125e-01 -1.333851411425602818e+00 6.176258958968899293e+01
6.590414195118696750e-01 -1.335648564707785146e+00 6.187167560381787723e+01
6.619777608107004774e-01 -1.337422202740686794e+00 6.193971678745781873e+01
6.648992245019127445e-01 -1.339310947251387773e+00 6.209634860519224731e+01
6.678196696044448322e-01 -1.341199755097370883e+00 6.217613172358564810e+01
6.707131164705085746e-01 -1.343077149221145961e+00 6.230861152973442785e+01
6.736260467025432241e-01 -1.344934800385439999e+00 6.245712749052361090e+01
6.765405889699768194e-01 -1.346817344061527422e+00 6.258534407442120084e+01
6.795001013385958410e-01 -1.348782212190262175e+00 6.272166838715772030e+01
6.824051852240359262e-01 -1.350697454495531691e+00 6.285246833787179810e+01
6.853289034384221212e-01 -1.352614692885449665e+00 6.299710732393540980e+01
6.882434521990151710e-01 -1.354518560834065966e+00 6.312655956788325540e+01
6.912302602025578446e-01 -1.356274566904090317e+00 6.326071396302226901e+01
6.942011344459910749e-01 -1.358009904392903255e+00 6.339327867694932195e+01
6.971855959969789351e-01 -1.359834931855579798e+00 6.351999519040411002e+01
7.001475044022679173e-01 -1.361644283304904501e+00 6.359667091613493284e+01
7.031497234833599119e-01 -1.363469151773934129e+00 6.366144114686858302e+01
7.062122724002277696e-01 -1.365257353010716823e+00 6.380564196610253447e+01
7.092237479572799375e-01 -1.367042809534419368e+00 6.392640617556715910e+01
7.122564068977254026e-01 -1.368803361132838514e+00 6.406224917005647512e+01
7.152367121622859036e-01 -1.370547418839131337e+00 6.420486600060402793e+01
7.182492806972824440e-01 -1.372255016764117874e+00 6.437279477606146827e+01
7.212701002118687699e-01 -1.374030006619553435e+00 6.457816069122033298e+01
7.242056753125916124e-01 -1.375750697676299872e+00 6.470317433305591237e+01
7.271507544547389790e-01 -1.377453832202215400e+00 6.481203424987540984e+01
7.301394217023512434e-01 -1.379152737039965215e+00 6.490160112814930926e+01
7.331499418210339902e-01 -1.380855077135977993e+00 6.506028411691727342e+01
7.361754055939536689e-01 -1.382627623827493935e+00 6.521558707166887814e+01
7.391690621112677606e-01 -1.384454279356885920e+00 6.540045550806745212e+01
7.421754439885525079e-01 -1.386274204636009255e+00 6.545984130535192946e+01
7.451544617603057530e-01 -1.388067567545301806e+00 6.554706351304155021e+01
7.481753025474366936e-01 -1.389832104835506899e+00 6.558112532207506717e+01
7.512345537038038756e-01 -1.391580672224321136e+00 6.567030623524641442e+01
7.543738289441207501e-01 -1.393331302965262752e+00 6.579685169993497595e+01
7.575139853266650292e-01 -1.395071440132440221e+00 6.595284609076995253e+01
7.606608047617952062e-01 -1.396782458507031199e+00 6.607207807143987566e+01
7.637937647146632036e-01 -1.398525565865759601e+00 6.622095630930743937e+01
7.669721621450219518e-01 -1.400296452857107576e+00 6.634695507863236230e+01
7.701733783176666348e-01 -1.402035494256144377e+00 6.644778646575919367e+01
7.734366370071984464e-01 -1.403802813209622968e+00 6.651749382913851605e+01
7.766980150752071932e-01 -1.405582650422430913e+00 6.658431014260561653e+01
7.799610067566131733e-01 -1.407360409996339046e+00 6.670892240611462398e+01
7.832157072533232345e-01 -1.409113675307059887e+00 6.686788434181929119e+01
7.864765737220058561e-01 -1.410838445462325064e+00 6.703978287837999517e+01
7.896988841788192826e-01 -1.412548581940236136e+00 6.721684497246999968e+01
7.929186983443539116e-01 -1.414238992864993660e+00 6.737654283760518581e+01
7.961544358655592291e-01 -1.415948036140099120e+00 6.751426345384444971e+01
7.993593095979099061e-01 -1.417699956686417240e+00 6.766821210397544917e+01
8.025468903804152676e-01 -1.419426870421293563e+00 6.775521975302696376e+01
8.057503760685543748e-01 -1.421066507993294703e+00 6.792356569564560687e+01
8.089384567109538793e-01 -1.422730375501940481e+00 6.809629510729708102e+01
8.121446854262417414e-01 -1.424348428988426063e+00 6.822716287940959035e+01
8.153579575021224768e-01 -1.425963461907284957e+00 6.833457989968329116e+01
8.185567661752148894e-01 -1.427613021178925301e+00 6.846483793246522964e+01
8.217731572862879696e-01 -1.429240606498921817e+00 6.866414563070463828e+01
8.250132110806838170e-01 -1.430900429587945499e+00 6.883497768722662613e+01
8.282180601973794243e-01 -1.432552057912204191e+00 6.899033454056674941e+01
8.314437259708359340e-01 -1.434163699646732404e+00 6.913467616259035253e+01
8.346165154742526404e-01 -1.435717731803834996e+00 6.924310732903929022e+01
8.378119392411010891e-01 -1.437235699735840422e+00 6.936890325654310629e+01
8.410109237777686486e-01 -1.438753681579413968e+00 6.949775556828355150e+01
8.442090293466771866e-01 -1.440270494952809788e+00 6.954377711034142351e+01
8.474244837948898823e-01 -1.441790552273268577e+00 6.960647479234471291e+01
8.506272125873318712e-01 -1.443312816950666821e+00 6.974898519594401591e+01
8.538523511720564896e-01 -1.444848682609302548e+00 6.987563768288896426e+01
8.570747651633102704e-01 -1.446354792596960648e+00 7.002157489451505512e+01
8.602916441560035654e-01 -1.447856234871566006e+00 7.016916143265902406e+01
8.635321720403580370e-01 -1.449338445597791347e+00 7.031450481148321785e+01
8.668096741777437941e-01 -1.450700719465486843e+00 7.044021711467168245e+01
8.700762255728340389e-01 -1.452070574562414285e+00 7.051266865570651987e+01
8.733024513005148703e-01 -1.453514468821899719e+00 7.060744831620455386e+01
8.765195372817681241e-01 -1.454965129018094716e+00 7.069194474935103756e+01
8.797992728443799759e-01 -1.456286804085156428e+00 7.075669430430140494e+01
8.830844369281074524e-01 -1.457646613267976399e+00 7.084196972568308581e+01
8.863691239650833831e-01 -1.458996554734882656e+00 7.093385132026598683e+01
8.896613469129602825e-01 -1.460355779655819752e+00 7.102130450937720241e+01
8.929633833194170478e-01 -1.461688146214862094e+00 7.112522878459039077e+01
8.963064224805432634e-01 -1.462963169399239982e+00 7.122810478666060874e+01
8.996121810727085721e-01 -1.464293680637823059e+00 7.135187493461236841e+01
9.028675265704725339e-01 -1.465570497757482604e+00 7.146250191619981251e+01
9.060357752624506045e-01 -1.466798162117725957e+00 7.156001053608072482e+01
9.091778706172540803e-01 -1.467987686694820049e+00 7.162177740782507840e+01
9.123150089533306195e-01 -1.469247540335001156e+00 7.167441666947945578e+01
9.154116595637248333e-01 -1.470487110441726974e+00 7.174702531617541013e+01
9.185146500534961955e-01 -1.471704449560468086e+00 7.183261416896756657e+01
9.216308942418200978e-01 -1.472930999933900864e+00 7.191462812277571004e+01
9.248286895860498014e-01 -1.474050933145868880e+00 7.200690469398666949e+01
9.280068435607908839e-01 -1.475226662214441431e+00 7.210034110303963928e+01
9.311341715563647981e-01 -1.476377609280426606e+00 7.218388233181909186e+01
9.342500094961745383e-01 -1.477512995183619671e+00 7.226822930547886870e+01
9.374119963781003539e-01 -1.478684952395221908e+00 7.235420841886660526e+01
9.406226943560294096e-01 -1.479805835735491959e+00 7.237872966718889245e+01
9.438109607348007524e-01 -1.481029628105127616e+00 7.244578258085064704e+01
9.470154722444592554e-01 -1.482264081143040535e+00 7.257781081312198523e+01
9.502259085250205350e-01 -1.483499730534660888e+00 7.270276332595089741e+01
9.534657458587229018e-01 -1.484752652474840451e+00 7.281349050599180828e+01
9.567328522384018763e-01 -1.485995042997301230e+00 7.290692239733833446e+01
9.599725052714066509e-01 -1.487219819250686470e+00 7.301159254242408281e+01
9.632179327423979753e-01 -1.488435118146298475e+00 7.314417074616864056e+01
9.664721559845089738e-01 -1.489654062476274854e+00 7.330618561323997540e+01
9.697216091323921372e-01 -1.490908728911014336e+00 7.349751891406867799e+01
9.729784535583656524e-01 -1.492152607971945155e+00 7.364064282848976006e+01
9.762538440192913836e-01 -1.493404358940559673e+00 7.374418588994629431e+01
9.795312347719155044e-01 -1.494618970519805634e+00 7.383872646943845552e+01
9.827553624034603974e-01 -1.495785558265313231e+00 7.394036624591458917e+01
9.860508052160060766e-01 -1.496857644956808731e+00 7.401499468433326001e+01
9.893620667594443807e-01 -1.497917016593336648e+00 7.409441783748702903e+01
9.927048735484712561e-01 -1.499011591888286477e+00 7.416832992324617635e+01
9.960144828589454491e-01 -1.500084070029020555e+00 7.426398226422580251e+01
9.992417486736077104e-01 -1.501101873047859359e+00 7.435857716549632812e+01
1.002507526595470377e+00 -1.502097477931019665e+00 7.444717160921253196e+01
1.005764928944596015e+00 -1.503117489204917945e+00 7.454215459118366027e+01
1.009034809857170645e+00 -1.504158446745588407e+00 7.461903879569869957e+01
1.012272277040971780e+00 -1.505190968268576457e+00 7.468926376421354973e+01
1.015521888159939490e+00 -1.506236328022847681e+00 7.477094352870489047e+01
1.018799109826064031e+00 -1.507260195816142456e+00 7.487431729290406679e+01
1.022037379910978760e+00 -1.508292066543156507e+00 7.497406327862420028e+01
1.025281080237079090e+00 -1.509306112279777290e+00 7.504858149284112301e+01
1.028517827407620988e+00 -1.510315764148508988e+00 7.513861471982147577e+01
1.031760019169662534e+00 -1.511348510457861449e+00 7.519430957920681635e+01
1.035015843268332514e+00 -1.512358300569413005e+00 7.527571174893235195e+01
1.038308350185450424e+00 -1.513316855301442887e+00 7.533750840861081599e+01
1.041633728221159627e+00 -1.514279089410422108e+00 7.541683000639227430e+01
1.044929784977970177e+00 -1.515219375288654025e+00 7.550346944628448398e+01
1.048227253229477851e+00 -1.516206921313395295e+00 7.557438429239334710e+01
1.051509632074196787e+00 -1.517197001067697837e+00 7.564647782527838160e+01
1.054859210572720807e+00 -1.518166258187443773e+00 7.571596138758795291e+01
1.058194987479251115e+00 -1.519121516366772395e+00 7.576485296854991702e+01
1.061503146912365469e+00 -1.520151108195443745e+00 7.585156198138767536e+01
1.064835763084823084e+00 -1.521192046451103508e+00 7.594492328266409231e+01
1.068133639551816172e+00 -1.522212989886841061e+00 7.603328928747548332e+01
1.071403396613952674e+00 -1.523173663469683303e+00 7.611499027522675931e+01
1.074627616649701078e+00 -1.524104554210741425e+00 7.620556599364410033e+01
1.077906952768916238e+00 -1.524982321488721482e+00 7.629310302616957529e+01
1.081159082375429348e+00 -1.525872754995427183e+00 7.637435840148275190e+01
1.084417917405779530e+00 -1.526793860590370366e+00 7.647421481711299407e+01
1.087700840690832393e+00 -1.527712743658681260e+00 7.656500484531007089e+01
1.090985235194759984e+00 -1.528635557678373225e+00 7.664112739823293907e+01
1.094248007257770494e+00 -1.529643658355698710e+00 7.674250133006259489e+01
1.097508643470199940e+00 -1.530676635056962498e+00 7.684833469238755299e+01
1.100759690469869545e+00 -1.531710212834069829e+00 7.697844590265182774e+01
1.103998117316403293e+00 -1.532760288314223507e+00 7.712647497148805087e+01
1.107277237219821853e+00 -1.533746395591130351e+00 7.729470312047658354e+01
1.110618368011673240e+00 -1.534665478103014458e+00 7.742941293869424157e+01
1.113938044610764733e+00 -1.535579065562621581e+00 7.756109688028936944e+01
1.117272672456840255e+00 -1.536487934346531636e+00 7.768848109665239576e+01
1.120652667386216272e+00 -1.537435968765105132e+00 7.779735671613330794e+01
1.124094215208102598e+00 -1.538285728789708262e+00 7.788048733257849676e+01
1.127536053122762949e+00 -1.539169186851457871e+00 7.797203833034960496e+01
1.130964070491983664e+00 -1.540060711226129975e+00 7.810034934175696719e+01
1.134370145918452311e+00 -1.540979984906747813e+00 7.823773961717976988e+01
1.137801680140443583e+00 -1.541908198496641846e+00 7.836621813897825461e+01
1.141250191172133333e+00 -1.542853758519914020e+00 7.853044938982706924e+01
1.144704060727213646e+00 -1.543799386365697801e+00 7.867811970456838822e+01
1.148188167234242885e+00 -1.544774613460146995e+00 7.880451208188499379e+01
1.151703607342346114e+00 -1.545706379424881760e+00 7.890900490673568868e+01
1.155256274128034777e+00 -1.546561412343312458e+00 7.901287309935773351e+01
1.158805762592043820e+00 -1.547412093313249803e+00 7.910818013793952730e+01
1.162376249618736201e+00 -1.548284589018805502e+00 7.918025752314269994e+01
1.165836884119331396e+00 -1.549082599171099472e+00 7.923826137927089519e+01
1.169301719131934592e+00 -1.549896946527798525e+00 7.930917088310440022e+01
1.172804364070022309e+00 -1.550685239404525406e+00 7.942237201148384429e+01
1.176316233923643928e+00 -1.551478513067318099e+00 7.953205888798210310e+01
1.179824364311058638e+00 -1.552269570003212751e+00 7.963249850916145078e+01
1.183351186259567811e+00 -1.553048940465994399e+00 7.972939552893637938e+01
1.186869630566575795e+00 -1.553822249498006292e+00 7.981853487067265007e+01
1.190393582389204896e+00 -1.554600320514717415e+00 7.991130610250081645e+01
1.193911092023142606e+00 -1.555391247499029683e+00 8.000976977344163288e+01
1.197411564721362787e+00 -1.556167667220611284e+00 8.009703835105572978e+01
1.200938626333927450e+00 -1.556947257450042699e+00 8.017453830302414985e+01
1.204503113517393365e+00 -1.557669533441712550e+00 8.024866889885251453e+01
1.208078299077874451e+00 -1.558395821125722502e+00 8.031762754224935463e+01
1.211694833298237350e+00 -1.559089047563873676e+00 8.038997756509395742e+01
1.215247553604447805e+00 -1.559749351579206023e+00 8.045921506529643352e+01
1.218799806282413689e+00 -1.560407554651634943e+00 8.053060115306151090e+01
1.222380245873054383e+00 -1.561048262146933707e+00 8.059186964159391664e+01
