5.080145509519262172e-04 -2.757303297500478690e-04 1.373121769504382916e-01
4.665974300366922557e-04 -9.864031112518242220e-04 1.936933817593937401e-01
2.603755974577395588e-04 -1.821492676870733367e-03 2.313996668944268420e-01
4.817742409325486775e-05 -2.743998914202996822e-03 2.670417639444139235e-01
-1.767407032756159845e-04 -3.775452196258704922e-03 2.988895161915982590e-01
-2.983433780349433145e-04 -4.892748431933780992e-03 3.044852711139217627e-01
-3.303149769783683860e-04 -6.107869684087358954e-03 3.100479628596884973e-01
-2.822257591585486760e-04 -7.437552001254702991e-03 2.671338437921704223e-01
-1.837803682236039305e-04 -8.929318957671596863e-03 1.717083983155442972e-01
-1.108174201603997241e-04 -1.054674611497058781e-02 5.205618097588636528e-02
-4.551259091939648430e-05 -1.226940115074926473e-02 -8.241343442931209351e-02
5.074148251752182257e-05 -1.417998445764082419e-02 -2.502063890417693948e-01
1.273597264543114584e-04 -1.624188679217469095e-02 -4.270804895056647954e-01
2.379020045007327537e-04 -1.844951611363044100e-02 -6.150861072116349249e-01
3.767683115802112118e-04 -2.073127238044447998e-02 -8.258326422701764979e-01
4.282113895603834736e-04 -2.312051700780080529e-02 -1.079692507231819976e+00
4.930191417258954819e-04 -2.561152689101123606e-02 -1.345642866043627706e+00
5.042314361988836039e-04 -2.812323430228679672e-02 -1.627251722028324243e+00
5.269519202879751696e-04 -3.071995324670836330e-02 -1.910547116953227986e+00
4.625138490687967247e-04 -3.347340196524656308e-02 -2.181801908923078681e+00
4.282955278312058586e-04 -3.631287374106063892e-02 -2.438312267055419369e+00
3.684562002047679359e-04 -3.917524833895184855e-02 -2.693447149072599967e+00
3.060204645793597922e-04 -4.213864570429139145e-02 -2.959328245485727482e+00
2.577784514455818288e-04 -4.515395319897708842e-02 -3.233144340093294211e+00
2.130977036956546266e-04 -4.826502304264310844e-02 -3.528860940058080153e+00
1.745397520760544861e-04 -5.141420857160600155e-02 -3.827408693566049624e+00
1.850213548271239844e-04 -5.462247773769011300e-02 -4.114490054746065439e+00
2.315363248358358425e-04 -5.781445782935277361e-02 -4.384750027412728457e+00
1.872813200114285142e-04 -6.110973662476328061e-02 -4.653445121641025750e+00
1.374860886612871383e-04 -6.447736934989922730e-02 -4.932026049979637783e+00
9.727383181613999050e-05 -6.786223539195014587e-02 -5.224731269123892297e+00
3.279939791201866501e-05 -7.130574776942244508e-02 -5.525551095411173286e+00
-8.968879758881934366e-05 -7.480253324855888619e-02 -5.822569716224935910e+00
-2.200682722273165567e-04 -7.835286684525301359e-02 -6.126526895195565814e+00
-3.706394579969932764e-04 -8.191962066957779454e-02 -6.426374465145939574e+00
-5.168868509217615847e-04 -8.550553480135056339e-02 -6.717479254007717948e+00
-7.126194947955770713e-04 -8.914226834752203565e-02 -6.992496587462235347e+00
-9.204603969531736799e-04 -9.276561614367004327e-02 -7.278600496514677332e+00
-1.153085310020106899e-03 -9.638161821316103273e-02 -7.566746006302634164e+00
-1.368287338955725832e-03 -9.998998240970038975e-02 -7.867949841455842197e+00
-1.599787714287778315e-03 -1.036451892879752951e-01 -8.179970624190938011e+00
-1.871880502783803985e-03 -1.073007485253524851e-01 -8.497535909764618367e+00
-2.182497212732770892e-03 -1.110030221254498239e-01 -8.794003565295646752e+00
-2.540265352402969971e-03 -1.147214922374113488e-01 -9.075411492849941197e+00
-2.880200265219673775e-03 -1.184375641333199336e-01 -9.382132839506221345e+00
-3.222944492716673173e-03 -1.221481219392314271e-01 -9.704926999376329633e+00
-3.546488097916680824e-03 -1.258283522611000349e-01 -1.001883086572534864e+01
-3.875882379509121376e-03 -1.295160496949449014e-01 -1.033402695520548775e+01
-4.257284831246677462e-03 -1.332557054268439789e-01 -1.067543613574705752e+01
-4.680709031316581184e-03 -1.370456656594622180e-01 -1.099265853506555857e+01
-5.169809511260939003e-03 -1.408623879456687988e-01 -1.129223409093448893e+01
-5.671138229317262275e-03 -1.447065304683173015e-01 -1.160327103867775733e+01
-6.254883835303751659e-03 -1.485240390965401891e-01 -1.191457883230376424e+01
-6.850236820773645229e-03 -1.523466213736253960e-01 -1.222724544700169425e+01
-7.489180266969736044e-03 -1.561795665330542870e-01 -1.252439211931382523e+01
-8.143180699953003407e-03 -1.600653194845373106e-01 -1.281776103053553229e+01
-8.794905424478973235e-03 -1.639576074611005796e-01 -1.313335585477216938e+01
-9.467155181402809108e-03 -1.678403389543897950e-01 -1.348618714823826181e+01
-1.017293336081348878e-02 -1.717509884739929216e-01 -1.383518419437638691e+01
-1.093234055220362703e-02 -1.756699094667478200e-01 -1.414161129601304800e+01
-1.172346634396088765e-02 -1.796306912080232465e-01 -1.445442320938942515e+01
-1.247022144391092720e-02 -1.836258759316093392e-01 -1.475484299137017707e+01
-1.328828664401134063e-02 -1.876721707016803242e-01 -1.504754794981158916e+01
-1.424471142697361116e-02 -1.916729971145429978e-01 -1.535745897412396310e+01
-1.518963757724670072e-02 -1.956510015556525151e-01 -1.565835592360692452e+01
-1.618058396498143342e-02 -1.996257478393139717e-01 -1.597094651253287445e+01
-1.717084193081962890e-02 -2.035864064237984661e-01 -1.630840718299745262e+01
-1.814057111571431083e-02 -2.075213122811001842e-01 -1.667706430869405310e+01
-1.912273538628166125e-02 -2.114796642521727110e-01 -1.702850369680777121e+01
-2.010381938104107563e-02 -2.154546087464027648e-01 -1.739752453439279378e+01
-2.117502501082104902e-02 -2.194587871637305176e-01 -1.775170504299228469e+01
-2.228128475838968281e-02 -2.235210818361353102e-01 -1.810630906402912288e+01
-2.347303671109970610e-02 -2.275481726663076687e-01 -1.848074393059002674e+01
-2.462686436966120967e-02 -2.315580424806783499e-01 -1.881815951872238557e+01
-2.574857785739210342e-02 -2.355131971410577563e-01 -1.916326523900172774e+01
-2.684420628646493404e-02 -2.394253391719761426e-01 -1.951443557763069947e+01
-2.798558787761161459e-02 -2.432903538066177596e-01 -1.989474578848672337e+01
-2.913690774088443722e-02 -2.471866689742031609e-01 -2.024374803211337337e+01
-3.025710950287164788e-02 -2.510296726471755169e-01 -2.059049699886838170e+01
-3.139087192745831922e-02 -2.549017609466110446e-01 -2.090265310020752665e+01
-3.259175005679241371e-02 -2.587329805814544414e-01 -2.120268929426710969e+01
-3.391392331414740113e-02 -2.626131656566864092e-01 -2.152534392813854325e+01
-3.517153470156782202e-02 -2.664283500259382320e-01 -2.187486525768555268e+01
-3.648709257401351602e-02 -2.702508860777625976e-01 -2.217314448726373399e+01
-3.790435099558147475e-02 -2.740497053566818275e-01 -2.245089446700690061e+01
-3.934077035739170364e-02 -2.778555021930949054e-01 -2.274830381672478197e+01
-4.077672733171760350e-02 -2.816718799877135360e-01 -2.305640346313640876e+01
-4.221247386756709491e-02 -2.854925845480609792e-01 -2.335836073632215104e+01
-4.372611040157335649e-02 -2.892827609129303701e-01 -2.365021488249554338e+01
-4.535605105889704142e-02 -2.930000950248378699e-01 -2.391198943036176061e+01
-4.701574180624225330e-02 -2.967496721456261422e-01 -2.425799882162469245e+01
-4.866244520373612381e-02 -3.004857277666060922e-01 -2.458107556057894527e+01
-5.035835612315630455e-02 -3.042137836869963086e-01 -2.491703482215466181e+01
-5.201083362451569547e-02 -3.078877193424875425e-01 -2.523586420781211359e+01
-5.373585331223938721e-02 -3.115998345058878516e-01 -2.552575081743336938e+01
-5.539714243746487327e-02 -3.153148660678283810e-01 -2.584834446312454759e+01
-5.714927945189798159e-02 -3.190041291927007139e-01 -2.615807145469798201e+01
-5.887892208208731631e-02 -3.226141287912158706e-01 -2.648100011366334527e+01
-6.065946328812685945e-02 -3.262328815940945259e-01 -2.672468769475502270e+01
-6.240635664267032284e-02 -3.298245213773913775e-01 -2.701927629076397963e+01
-6.407482100661132662e-02 -3.334592445993681542e-01 -2.733384539510098676e+01
-6.576658499644531808e-02 -3.370525934554520764e-01 -2.761769817540112015e+01
-6.736290913898734800e-02 -3.406483743551235732e-01 -2.781332045076622350e+01
-6.899170095615528298e-02 -3.442545652279495605e-01 -2.805617302568839122e+01
-7.062658915860173248e-02 -3.478323125918131309e-01 -2.831060973521224611e+01
-7.239791245164679812e-02 -3.514326741733886927e-01 -2.862413124224923777e+01
-7.426208465024471128e-02 -3.549832057259045826e-01 -2.891426033146446528e+01
-7.619864416139357499e-02 -3.585342709961291674e-01 -2.922718902010768716e+01
-7.816788556999479387e-02 -3.621200215733137995e-01 -2.954780540961994006e+01
-8.016588323907157532e-02 -3.657543744157843446e-01 -2.987459161083454262e+01
-8.226038471439402200e-02 -3.693383599535966511e-01 -3.018746486715294353e+01
-8.419800529554372082e-02 -3.729462249523553541e-01 -3.043982112659879391e+01
-8.611061229240943304e-02 -3.764860977193481562e-01 -3.079591988798279090e+01
-8.801160350643839891e-02 -3.800331884421723205e-01 -3.118889397318960022e+01
-9.004971562449445854e-02 -3.835744691606043366e-01 -3.153940361124589842e+01
-9.220927040867160640e-02 -3.871159499063278608e-01 -3.182332977245962269e+01
-9.438966113668637026e-02 -3.906338777964840081e-01 -3.212932661448712679e+01
-9.653857504218152363e-02 -3.941414232479980018e-01 -3.250461306550223384e+01
-9.863063655786313833e-02 -3.976522587786271989e-01 -3.286265103122759257e+01
-1.007311810259360757e-01 -4.011542678574311349e-01 -3.317381982060711465e+01
-1.029705571425442723e-01 -4.045688528490355429e-01 -3.347492991880077540e+01
-1.052310219985180678e-01 -4.080198224070572532e-01 -3.378713227647912021e+01
-1.074770257989517974e-01 -4.114683489874987887e-01 -3.406686719331726465e+01
-1.097009898935677880e-01 -4.148832788383484127e-01 -3.438775535322851340e+01
-1.119727923021774929e-01 -4.182608875297080253e-01 -3.464503326692073415e+01
-1.142632685488670641e-01 -4.216248300724452780e-01 -3.495405842291116016e+01
-1.164788975738375587e-01 -4.250038713292781933e-01 -3.528277720838964626e+01
-1.187943673638970910e-01 -4.283810523701175321e-01 -3.561895065951159722e+01
-1.211226227869145466e-01 -4.317277342734571199e-01 -3.593918569845895661e+01
-1.235374681515603174e-01 -4.350483827145276150e-01 -3.626967606650993048e+01
-1.259758782898995899e-01 -4.384034291109807913e-01 -3.661028840333433720e+01
-1.284281601886443080e-01 -4.416866129499335547e-01 -3.692637483512934438e+01
-1.308697275320535869e-01 -4.449859564503634290e-01 -3.725536025773713789e+01
-1.332663459076333379e-01 -4.482512690474683148e-01 -3.757182640680118624e+01
-1.357255417555470189e-01 -4.515656263885231558e-01 -3.792074099461075321e+01
-1.381266790221500340e-01 -4.548824403591037457e-01 -3.824936851401805171e+01
-1.405737366420754531e-01 -4.582753309666903752e-01 -3.864540584539241053e+01
-1.429968094678185642e-01 -4.617045693175290122e-01 -3.892086191061943623e+01
-1.454125274408950563e-01 -4.649857195990685921e-01 -3.925730122227269447e+01
-1.478928696155109301e-01 -4.682177759596203859e-01 -3.957984092410706722e+01
-1.504554574526655308e-01 -4.714694754350064465e-01 -3.990799513518896191e+01
-1.531124741605868200e-01 -4.747274407989491296e-01 -4.022399190737395003e+01
-1.557785450069429645e-01 -4.779831737159856431e-01 -4.052106252199329361e+01
-1.584541424291509570e-01 -4.811911215774709594e-01 -4.089767689994382494e+01
-1.610733797923963040e-01 -4.843314254254853513e-01 -4.129238573167379656e+01
-1.637551553851436248e-01 -4.875022769054237481e-01 -4.162243293153139234e+01
-1.664067787220186445e-01 -4.906306904625954979e-01 -4.190512820508418912e+01
-1.690876101563041634e-01 -4.937574880872488969e-01 -4.224865001426694988e+01
-1.717995532873410058e-01 -4.968985657763352881e-01 -4.257024646070449592e+01
-1.746300447316978810e-01 -4.999838066197151432e-01 -4.289429166945070193e+01
-1.774475268880490175e-01 -5.030486918178673772e-01 -4.320902501914983418e+01
-1.802191263092482176e-01 -5.060744712676727985e-01 -4.349654992921455232e+01
-1.830175945133142024e-01 -5.091748399372881817e-01 -4.384335572813281345e+01
-1.858438439506287787e-01 -5.122875025505259083e-01 -4.417795428780185318e+01
-1.886749015677927910e-01 -5.153332189242858519e-01 -4.451775868674187819e+01
-1.915166456379178150e-01 -5.183351858162408288e-01 -4.482126018944419599e+01
-1.943766427801808250e-01 -5.213307507671667285e-01 -4.516045766762773184e+01
-1.972424439870622825e-01 -5.242959251779505392e-01 -4.548787804962449144e+01
-2.001189449316197744e-01 -5.272440507916568153e-01 -4.581832413704533025e+01
-2.029405862090573331e-01 -5.301940045660908929e-01 -4.608664331833720240e+01
-2.058209587860033163e-01 -5.330992703169535885e-01 -4.639319622466917536e+01
-2.086912374916209401e-01 -5.360564250102586303e-01 -4.674595875569390557e+01
-2.116126907383942823e-01 -5.389867136033804629e-01 -4.708776821834123893e+01
-2.146658798990478678e-01 -5.418975173997011563e-01 -4.741512551263891595e+01
-2.177703443087011248e-01 -5.445507134607266986e-01 -4.770647206309869404e+01
-2.208173804208658220e-01 -5.473603931489993135e-01 -4.803900936695823987e+01
-2.238360391119748327e-01 -5.501978727947718362e-01 -4.836918149395368971e+01
-2.268738754197390239e-01 -5.529925689156670598e-01 -4.875655760222400659e+01
-2.297885703556080406e-01 -5.557163389142498744e-01 -4.907899144844648731e+01
-2.327049521638757668e-01 -5.584810519919067850e-01 -4.937293736868327443e+01
-2.356735779185052393e-01 -5.612913269919733716e-01 -4.969765538428538321e+01
-2.386442705761326333e-01 -5.639966394173503428e-01 -5.002849266483595869e+01
-2.416163214735224107e-01 -5.666785563897251965e-01 -5.033793744889229771e+01
-2.446944219058430903e-01 -5.692318632964870062e-01 -5.062786891471615291e+01
-2.477862320262335383e-01 -5.718160730253570856e-01 -5.094455709854067038e+01
-2.508985755944996288e-01 -5.744692418419499180e-01 -5.126112243959738635e+01
-2.540348857004592897e-01 -5.771186936915702059e-01 -5.160560345982944597e+01
-2.571456623947376285e-01 -5.797443702431200885e-01 -5.189842672702580728e+01
-2.602228339417932412e-01 -5.824242234678130847e-01 -5.215943946769556305e+01
-2.633605666982316573e-01 -5.851072043767122643e-01 -5.248100741733305341e+01
-2.665844663218931987e-01 -5.877163393912503420e-01 -5.282375536304811448e+01
-2.698189129425957455e-01 -5.902931033044628295e-01 -5.318877887143516858e+01
-2.731085704617864374e-01 -5.927186266147226323e-01 -5.346917566103626029e+01
-2.763468913214522926e-01 -5.951908914380154014e-01 -5.377339588976735030e+01
-2.795394337211808411e-01 -5.977537981354935637e-01 -5.407173477022279684e+01
-2.828372888634453353e-01 -6.003333736796587772e-01 -5.442318519369959517e+01
-2.861962111961514066e-01 -6.027147445081020294e-01 -5.468555962702424722e+01
-2.895245637719096599e-01 -6.051685800637222057e-01 -5.495587558760535529e+01
-2.928580747253942129e-01 -6.075956074471149382e-01 -5.515819139242039881e+01
-2.962193460105821963e-01 -6.100588293785711436e-01 -5.546972669268020439e+01
-2.995846240552120787e-01 -6.125291943932043015e-01 -5.578454274536692026e+01
-3.029297454602829509e-01 -6.149475099621588559e-01 -5.606247434749232639e+01
-3.062435892587452302e-01 -6.173964421588977736e-01 -5.630397621496445737e+01
-3.096414358226032282e-01 -6.198563197829196625e-01 -5.665679321412840608e+01
-3.130161507194330062e-01 -6.222836617002218684e-01 -5.707803257221758031e+01
-3.164784587978153874e-01 -6.245960357066395741e-01 -5.741303343639479806e+01
-3.199193117358238303e-01 -6.269373711658131620e-01 -5.776943221987150423e+01
-3.233763598265624317e-01 -6.292767694582285243e-01 -5.813472912206484722e+01
-3.268444130416286453e-01 -6.315924547495822550e-01 -5.849375937237993384e+01
-3.303297648176187762e-01 -6.337365909220032956e-01 -5.879193637217344559e+01
-3.337875007531321270e-01 -6.359349417018520523e-01 -5.901791891470806917e+01
-3.371321483275263597e-01 -6.381092838911908149e-01 -5.934451403209905607e+01
-3.405485423449246540e-01 -6.402656306246505835e-01 -5.967997421596124497e+01
-3.440409700821994710e-01 -6.424615528686645760e-01 -6.004124840298597832e+01
-3.475280603645040101e-01 -6.446008047347265846e-01 -6.031966074105274345e+01
-3.509651476605382125e-01 -6.467339600953974088e-01 -6.063442041905463498e+01
-3.543960738392337162e-01 -6.488251643340646746e-01 -6.094642042692742478e+01
-3.577997053641376879e-01 -6.509729986062098295e-01 -6.123156969424743323e+01
-3.612493711058361034e-01 -6.529611100438376114e-01 -6.146960428258068276e+01
-3.646584034178795286e-01 -6.549674570318858580e-01 -6.176832692067549146e+01
-3.680797847576082193e-01 -6.569739329818045093e-01 -6.203431660004283543e+01
-3.715591715287318575e-01 -6.589619439850258331e-01 -6.228261653872594650e+01
-3.750506267340656952e-01 -6.609544178022392913e-01 -6.251652316694392653e+01
-3.785422751432506172e-01 -6.629163357701274295e-01 -6.273828229614166929e+01
-3.820469491328619682e-01 -6.648711578411632406e-01 -6.301833913270586862e+01
-3.855428139950123900e-01 -6.669185552412331131e-01 -6.332560791213740004e+01
-3.890490126351125455e-01 -6.689317679485725643e-01 -6.357481516747152028e+01
-3.926221414355648420e-01 -6.707516830307254097e-01 -6.383853535223165210e+01
-3.962213011866088097e-01 -6.726198600656061455e-01 -6.413608321737537210e+01
-3.998451743945864445e-01 -6.744996212629519317e-01 -6.441942831682322890e+01
-4.034810993818199742e-01 -6.763472975586710678e-01 -6.471140837464371032e+01
-4.070888350864340643e-01 -6.781453868074379665e-01 -6.496530283259197347e+01
-4.106425652606043863e-01 -6.800076445755779408e-01 -6.520189483856489687e+01
-4.141769742950611732e-01 -6.818671761723269498e-01 -6.548064793332254396e+01
-4.177453239033779298e-01 -6.836666285944364985e-01 -6.576827783097819236e+01
-4.212613863288938165e-01 -6.854279412323407428e-01 -6.600314855871535258e+01
-4.248092626455504117e-01 -6.871542180442629100e-01 -6.627844688528799111e+01
-4.283963030916734249e-01 -6.888486368105556368e-01 -6.658317358818001708e+01
-4.319604820483066709e-01 -6.905983794177021906e-01 -6.684891937624530556e+01
-4.354789957923567156e-01 -6.922904436349686108e-01 -6.714093274298656411e+01
-4.390568620938946065e-01 -6.938786917668688936e-01 -6.736771408372436554e+01
-4.426270525026958502e-01 -6.954892702125122783e-01 -6.765514510394662295e+01
-4.462462435195181931e-01 -6.970430822048887531e-01 -6.794302032501555288e+01
-4.498310111446470194e-01 -6.985928050994335559e-01 -6.825334719808623163e+01
-4.534430206429715948e-01 -7.001447356955255996e-01 -6.858535627804214130e+01
-4.570725933793670648e-01 -7.016724979552587671e-01 -6.889635563737938639e+01
-4.607077519413594890e-01 -7.032277985574421075e-01 -6.922371204244299747e+01
-4.643381258095899411e-01 -7.047698197349846483e-01 -6.951159628063990681e+01
-4.679889370935363391e-01 -7.063033169176394788e-01 -6.982120165024561231e+01
-4.716465513544714772e-01 -7.077338198137668179e-01 -7.011585887400244133e+01
-4.753536814034653446e-01 -7.091410815382888089e-01 -7.040984766292848462e+01
-4.791504183973847031e-01 -7.105899102678043810e-01 -7.072716075489715593e+01
-4.829503802874793306e-01 -7.120343154565758059e-01 -7.108327951873073403e+01
-4.867848951304961647e-01 -7.134087601870067186e-01 -7.136466458271725344e+01
-4.906084667455237192e-01 -7.148024514128733520e-01 -7.166022402184540852e+01
-4.944129077072388911e-01 -7.161687109099702520e-01 -7.196221789975378158e+01
-4.981777942597911402e-01 -7.175945352583195103e-01 -7.223902532659471376e+01
-5.019355919375970698e-01 -7.189640590629686745e-01 -7.251936000948458627e+01
-5.057015948654577375e-01 -7.203154174681850597e-01 -7.275904268457367152e+01
-5.094665685479620176e-01 -7.216873497796892911e-01 -7.298618997782064355e+01
-5.132225364516331823e-01 -7.230738842883577266e-01 -7.323086646345869610e+01
-5.169877143638733630e-01 -7.244418595021957508e-01 -7.350089350377002972e+01
-5.207979998583445180e-01 -7.257741827971535553e-01 -7.375338830844106042e+01
-5.245680446966927146e-01 -7.271086165645701538e-01 -7.402621926297850052e+01
-5.283435811694359163e-01 -7.284348695453437550e-01 -7.430941628321589576e+01
-5.321111692579763019e-01 -7.298101826254627111e-01 -7.461158734993438202e+01
-5.358825290448093748e-01 -7.310854624971824256e-01 -7.489331942118329266e+01
-5.396959121603488452e-01 -7.323869625250142290e-01 -7.515894561296852316e+01
-5.435700197446531323e-01 -7.336616786953223945e-01 -7.545910623686283714e+01
-5.475032866782286733e-01 -7.349205170700132683e-01 -7.575029065728429600e+01
-5.514034645866823237e-01 -7.361211506440296093e-01 -7.604772734814011415e+01
-5.553480607676152259e-01 -7.372645363280615483e-01 -7.632445427264758564e+01
-5.592685539168563702e-01 -7.384339398627199902e-01 -7.659294723023380413e+01
-5.631688722678738213e-01 -7.396157172488779796e-01 -7.689524532592699302e+01
-5.670580803829027294e-01 -7.407640037458891324e-01 -7.722319323122989942e+01
-5.709241113773597665e-01 -7.417988652781901671e-01 -7.749492106857763929e+01
-5.748120719262905798e-01 -7.428007732120336382e-01 -7.776990497930617607e+01
-5.787596318735372947e-01 -7.438124860473583899e-01 -7.808494320596351201e+01
-5.826763803258995233e-01 -7.448622027766419462e-01 -7.840288387732717013e+01
-5.865988393296179826e-01 -7.458274160288521637e-01 -7.871425300815700155e+01
-5.904990770667699618e-01 -7.468220114058613524e-01 -7.902702008179657867e+01
-5.943772360061793103e-01 -7.477820305586676541e-01 -7.934129192210404824e+01
-5.982736140265417779e-01 -7.487423619559560040e-01 -7.964742014842191509e+01
-6.021952327531249205e-01 -7.496941851364672393e-01 -7.994617813990315369e+01
-6.061335545875153885e-01 -7.505747001794749185e-01 -8.025104531117571582e+01
-6.100975943721520522e-01 -7.514726649995089325e-01 -8.055760877335998771e+01
-6.141165453763248738e-01 -7.523695415438874656e-01 -8.087872264973276515e+01
-6.181124679076501760e-01 -7.532423439386428665e-01 -8.120749546179540346e+01
-6.221230575982287236e-01 -7.540394683190165814e-01 -8.150905664449014409e+01
-6.261248290145619011e-01 -7.548667487224717254e-01 -8.181977631253747063e+01
-6.301245234876534651e-01 -7.557146722601767452e-01 -8.212606360049736054e+01
-6.341680753310485752e-01 -7.565609829780666207e-01 -8.243860614259553188e+01
-6.382347852339486094e-01 -7.573293221585262192e-01 -8.271117532786064430e+01
-6.423034857989905477e-01 -7.580763106276586782e-01 -8.299515910990601242e+01
-6.463554395966885080e-01 -7.588193656360988637e-01 -8.328792922675607713e+01
-6.504279001955274309e-01 -7.595504296017271395e-01 -8.359182773952137779e+01
-6.544824703576773706e-01 -7.602936791255271443e-01 -8.390035662543385797e+01
-6.585620821516863233e-01 -7.609703046551026251e-01 -8.419063508303419496e+01
-6.626415072306858223e-01 -7.616677372992224360e-01 -8.448539416129014512e+01
-6.667509774545011814e-01 -7.623479996525640567e-01 -8.478035553703436733e+01
-6.708214397209285584e-01 -7.629964513568562312e-01 -8.507427438750058002e+01
-6.748883100872548058e-01 -7.636230413481593926e-01 -8.535612082496395203e+01
-6.789728173946586454e-01 -7.642730561037955894e-01 -8.565527187715892410e+01
-6.830043082012836608e-01 -7.648432891555598800e-01 -8.595414658008749598e+01
-6.870233151324716125e-01 -7.654230662552380382e-01 -8.625337168214160499e+01
-6.910453904278861526e-01 -7.659698487243346010e-01 -8.655160499406763108e+01
-6.951016997521259899e-01 -7.664666138092481873e-01 -8.685445708696803990e+01
-6.991645956508828474e-01 -7.669718862448864360e-01 -8.716561886720656105e+01
-7.032709935678526092e-01 -7.674214660110290076e-01 -8.747014965616315862e+01
-7.073654417881662937e-01 -7.678750924132413669e-01 -8.777949320885338125e+01
-7.113970184682651965e-01 -7.682778130321951116e-01 -8.808458541044299750e+01
-7.153981520697184626e-01 -7.686844112405309959e-01 -8.839089451039158973e+01
-7.194013556000232734e-01 -7.690645654668595288e-01 -8.869307447072982598e+01
-7.233662311103644660e-01 -7.694334223923753324e-01 -8.900043772130662489e+01
-7.273230154685994542e-01 -7.697372951178410583e-01 -8.929570075338951085e+01
-7.313117012913877835e-01 -7.700387783609721204e-01 -8.959552197573999877e+01
-7.353023203150926834e-01 -7.703266425564727626e-01 -8.990071245279460754e+01
-7.393021912771302606e-01 -7.706333758433733250e-01 -9.020990411224383365e+01
-7.432559560865449333e-01 -7.708394193355992963e-01 -9.051527374850823549e+01
-7.472013094932044019e-01 -7.709668899993240565e-01 -9.081856916732633067e+01
-7.511526610133711923e-01 -7.711169769530724638e-01 -9.112322613129443027e+01
-7.550734690043582331e-01 -7.711926011435736861e-01 -9.142810199894447010e+01
-7.589850449845707558e-01 -7.712736458925792959e-01 -9.173369942251508746e+01
-7.629188832875194448e-01 -7.713084985336612354e-01 -9.203448707317511435e+01
-7.668792708146159320e-01 -7.713708345601977268e-01 -9.234196984700577104e+01
-7.708294483465941704e-01 -7.713325731853126754e-01 -9.265380681564022325e+01
-7.747475785942682380e-01 -7.712793026346997927e-01 -9.295943049172284134e+01
-7.786777580589296921e-01 -7.712493382664222796e-01 -9.326665136114024790e+01
-7.826259709332502590e-01 -7.711162577236133631e-01 -9.357523622820296794e+01
-7.865821221661439822e-01 -7.709817353568978460e-01 -9.388552874561567307e+01
-7.905127884937031002e-01 -7.708469224111846874e-01 -9.420381711559771531e+01
-7.944343439727796774e-01 -7.707397234650545936e-01 -9.452869475059088700e+01
-7.984290195020190550e-01 -7.705745537758440511e-01 -9.483179437280969637e+01
-8.024301198899659315e-01 -7.704251099572329009e-01 -9.514125699568620576e+01
-8.063871564783476886e-01 -7.702468436921684480e-01 -9.545305256692273588e+01
-8.103439787491104607e-01 -7.700538890966033279e-01 -9.575917477888015128e+01
-8.142972594255093455e-01 -7.698381060010885957e-01 -9.605988884784507320e+01
-8.182675992960846134e-01 -7.696167148189325680e-01 -9.637295404567463208e+01
-8.222469081238248378e-01 -7.693912211262707856e-01 -9.668214361762240117e+01
-8.262217671909891648e-01 -7.691718459687940657e-01 -9.699779937304541022e+01
-8.302173590101376011e-01 -7.689445481273712302e-01 -9.731613988020481543e+01
-8.342262186613554897e-01 -7.686926949862830094e-01 -9.763266789470489471e+01
-8.382359237268657282e-01 -7.684566075695142828e-01 -9.793121674621910699e+01
-8.422137789423161935e-01 -7.681488543061328889e-01 -9.821885984400451264e+01
-8.462094128130104309e-01 -7.677971423172605947e-01 -9.850781147690327089e+01
-8.501528772458930572e-01 -7.673925559176238975e-01 -9.879953360765712489e+01
-8.541238149965786342e-01 -7.669757675899488980e-01 -9.909020280173368178e+01
-8.580693750593941793e-01 -7.665238159132201634e-01 -9.938176796285738135e+01
-8.620122604153158674e-01 -7.660719406540549281e-01 -9.969536856189724006e+01
-8.659492260590503365e-01 -7.656180812699716620e-01 -9.998788138044577067e+01
-8.698960731894860299e-01 -7.651504777216030506e-01 -1.003007583428680789e+02
-8.738086091428948210e-01 -7.647213879695866634e-01 -1.006371541494261521e+02
-8.776592769849451692e-01 -7.643432058497353632e-01 -1.009743236424805275e+02
-8.815062500558068503e-01 -7.639334626458955668e-01 -1.013000122799078611e+02
-8.853379916419745754e-01 -7.635217874256213788e-01 -1.016186559123277675e+02
-8.891931819409848448e-01 -7.630841092638342982e-01 -1.019334140236262414e+02
-8.929796363571665951e-01 -7.626945480733845484e-01 -1.022701990132283498e+02
-8.967327535789763049e-01 -7.622139884270133781e-01 -1.025902669002097838e+02
-9.004530514076055647e-01 -7.616734176171616744e-01 -1.028893105446141760e+02
-9.041854530290944769e-01 -7.611355164970826648e-01 -1.031947727630411151e+02
-9.079420162267159977e-01 -7.605564742932369171e-01 -1.035174186341762805e+02
-9.117043606332589922e-01 -7.599346116515899308e-01 -1.038099374891381359e+02
-9.154707597389295515e-01 -7.592992465232393240e-01 -1.040944400218837984e+02
-9.193016798142311652e-01 -7.585933865284266719e-01 -1.043852764580780388e+02
-9.231559232545245575e-01 -7.578671052307789369e-01 -1.046690847258601735e+02
-9.269952901349007846e-01 -7.570918575001902573e-01 -1.049188598721982544e+02
-9.308268601112792417e-01 -7.563086241623595551e-01 -1.051773982486573118e+02
-9.346344687586505273e-01 -7.554565007794967757e-01 -1.054396310275640190e+02
-9.384570422104315801e-01 -7.546002243594585046e-01 -1.056884676986489211e+02
-9.422608538639535292e-01 -7.537537931192473950e-01 -1.059631190301180510e+02
-9.460988894537321059e-01 -7.528795451740226685e-01 -1.062791114772339824e+02
-9.498811445188344305e-01 -7.519047259700777364e-01 -1.065881769877998124e+02
-9.536616819753440666e-01 -7.509095517630853811e-01 -1.069155299401030419e+02
-9.574622633737974731e-01 -7.499145762976799912e-01 -1.072387727128202783e+02
-9.613408703721531001e-01 -7.488620403275820792e-01 -1.075510594863982590e+02
-9.651649934936002984e-01 -7.477837257091317635e-01 -1.078693634374960197e+02
-9.689917636674872936e-01 -7.466897043184256288e-01 -1.081852305023725052e+02
-9.728307722463879204e-01 -7.456104639263080314e-01 -1.084783138043037525e+02
-9.767207536427969794e-01 -7.445013608499423396e-01 -1.087828054191099909e+02
-9.805685606834078083e-01 -7.433232274707165521e-01 -1.091010543694649897e+02
-9.843787173292031234e-01 -7.420373008021242667e-01 -1.094127605141680277e+02
-9.881768803336904439e-01 -7.407585347830336620e-01 -1.097156014448755172e+02
-9.919576144637827220e-01 -7.394978783461567673e-01 -1.099954037860177891e+02
-9.957237554990731043e-01 -7.382103287198639174e-01 -1.102279759209474719e+02
-9.994287542771298494e-01 -7.368169792070613511e-01 -1.104711399319110114e+02
-1.003176195233872692e+00 -7.353713989425790798e-01 -1.107758221579236562e+02
-1.006928424837940872e+00 -7.339464588570213666e-01 -1.111301500246674010e+02
-1.010661292811003698e+00 -7.324993742086476356e-01 -1.114417815980936695e+02
-1.014401965741775102e+00 -7.310482862947341731e-01 -1.117909605012491312e+02
-1.018072674595957183e+00 -7.295753486974023705e-01 -1.120979029036507484e+02
-1.021789113353579914e+00 -7.280843951658791946e-01 -1.124232758606880793e+02
-1.025453738463825371e+00 -7.265787117574727949e-01 -1.127284680955413450e+02
-1.029156243486585964e+00 -7.250641770333451364e-01 -1.130588756944445805e+02
-1.032827152944523874e+00 -7.235301853245751369e-01 -1.133382561725841811e+02
-1.036488908165886347e+00 -7.220019648053810357e-01 -1.136249371367233323e+02
-1.040119857811396598e+00 -7.205108795879491268e-01 -1.139591949961334905e+02
-1.043724058689055045e+00 -7.189760024891360679e-01 -1.142548528019905802e+02
-1.047300125813259264e+00 -7.174096280338514431e-01 -1.145598057665136338e+02
-1.050939804593264526e+00 -7.158086289586196305e-01 -1.148627403474763327e+02
-1.054593332008362916e+00 -7.142212957703825138e-01 -1.151838991788837916e+02
-1.058213717869756154e+00 -7.125487864473417643e-01 -1.154910905993688459e+02
-1.061849690727390660e+00 -7.108577983460198091e-01 -1.157746875709771501e+02
-1.065467169783016255e+00 -7.091147834934762306e-01 -1.159693360907893975e+02
-1.069106700027575574e+00 -7.073528956708363680e-01 -1.162688663425550715e+02
-1.072780932064371751e+00 -7.056619428628022606e-01 -1.165765260157379970e+02
-1.076453365471388812e+00 -7.039715202819768480e-01 -1.168635774073270994e+02
-1.080097642503834221e+00 -7.022108190497781122e-01 -1.170521608069911395e+02
-1.083754467387441744e+00 -7.004317627609053520e-01 -1.172636682116809368e+02
-1.087430318141393570e+00 -6.986763270861707786e-01 -1.175684148811277225e+02
-1.091113059207979852e+00 -6.969121514815462826e-01 -1.179276874047397570e+02
-1.094818914522129427e+00 -6.951738306585211191e-01 -1.182729193261353373e+02
-1.098450732976142596e+00 -6.933422272248824791e-01 -1.186121633193875908e+02
-1.102044114997210666e+00 -6.915406977241620456e-01 -1.189775420705346534e+02
-1.105680941847784204e+00 -6.897001080632323422e-01 -1.193280376661843860e+02
-1.109291299748903281e+00 -6.877743911511562391e-01 -1.196395939067004264e+02
-1.112845534967650485e+00 -6.857304906812069500e-01 -1.198593803567324585e+02
-1.116422025099001791e+00 -6.836549261654167875e-01 -1.201370857635791083e+02
-1.120019795638625970e+00 -6.816248331223332402e-01 -1.204465382375620806e+02
-1.123628800023365182e+00 -6.796249557907861893e-01 -1.207498427162242365e+02
-1.127211733537062610e+00 -6.776504109272556420e-01 -1.210748897748259054e+02
-1.130793136834761015e+00 -6.756536815855358480e-01 -1.214204903678003120e+02
-1.134361452742336906e+00 -6.736968292307243811e-01 -1.216944745881036596e+02
-1.137910108473791704e+00 -6.717125858593474552e-01 -1.219692264758398750e+02
-1.141387542113077469e+00 -6.697064869162376866e-01 -1.222668365320617170e+02
-1.144834548864554158e+00 -6.675579947185347196e-01 -1.224986407198933449e+02
-1.148323965029138582e+00 -6.653794937680918009e-01 -1.227758969628837207e+02
-1.151808862337637906e+00 -6.631709675995440811e-01 -1.230313508816752801e+02
-1.155261688806039189e+00 -6.609296984918349160e-01 -1.234044760669426353e+02
-1.158674365068777412e+00 -6.588365657543795439e-01 -1.236299579152462371e+02
-1.162103125671878789e+00 -6.567078632019301976e-01 -1.239369584714516463e+02
-1.165535607979607313e+00 -6.545723406459044158e-01 -1.243032272529887621e+02
-1.168975179148096233e+00 -6.524206635271186938e-01 -1.245232460110832164e+02
-1.172421583916867682e+00 -6.502570924505468586e-01 -1.248645912836396263e+02
-1.175849879366838158e+00 -6.479934090515557799e-01 -1.252012426211602474e+02
-1.179222635326920621e+00 -6.457431934443025323e-01 -1.255283881096104039e+02
-1.182544730756362128e+00 -6.433666426591745369e-01 -1.258578267096588519e+02
-1.185925340330492572e+00 -6.409765147114883099e-01 -1.262681695813196967e+02
-1.189288420917179234e+00 -6.385783756977868597e-01 -1.265534856719429371e+02
-1.192614308650692845e+00 -6.361992736752187794e-01 -1.269108658951445818e+02
-1.195912561399267160e+00 -6.338507629482663663e-01 -1.272333415569481048e+02
-1.199228435963605399e+00 -6.314696784260264151e-01 -1.274624857620919585e+02
-1.202487888413563688e+00 -6.291504216777132896e-01 -1.277696644790145939e+02
-1.205820699645523852e+00 -6.267536276513713256e-01 -1.280574640360360092e+02
-1.209147418205270164e+00 -6.243699686198773691e-01 -1.283883461931418708e+02
-1.212424088477424666e+00 -6.219864671113889409e-01 -1.287569750374742625e+02
-1.215678593608053637e+00 -6.195181803993111691e-01 -1.290755870248883639e+02
-1.218855610891404817e+00 -6.169510673405681489e-01 -1.294175470029308315e+02
-1.222005240063595899e+00 -6.144018403099535952e-01 -1.297874384593326909e+02
-1.225112955387834601e+00 -6.117565993164523208e-01 -1.300793618269150898e+02
-1.228254500720952214e+00 -6.090999639947415334e-01 -1.304003075094665007e+02
-1.231359701823054875e+00 -6.064971660658078356e-01 -1.306829539956578969e+02
-1.234449124854576585e+00 -6.038988684027156717e-01 -1.310463039560781624e+02
-1.237571435204743553e+00 -6.013415400157213764e-01 -1.313455044096972131e+02
-1.240751058600193080e+00 -5.986734203647606778e-01 -1.316696322348212789e+02
-1.243904856763881517e+00 -5.960551292317756156e-01 -1.319370209699521297e+02
-1.247087553327138831e+00 -5.933821639333365372e-01 -1.322391922145948229e+02
-1.250232887484199473e+00 -5.907114922499986376e-01 -1.325388813151807028e+02
-1.253292659464033898e+00 -5.879648114418962734e-01 -1.328717781757338230e+02
-1.256334940898506947e+00 -5.851635172834440679e-01 -1.332032486082537162e+02
-1.259345663548057326e+00 -5.823637645821948539e-01 -1.334979261555653807e+02
-1.262375521460492589e+00 -5.795675772476235332e-01 -1.338248117592289645e+02
-1.265462900629329868e+00 -5.767455845792687219e-01 -1.341556341623341382e+02
-1.268455783175054918e+00 -5.738789098637864239e-01 -1.344879246434678066e+02
-1.271409195716780793e+00 -5.710351816541274772e-01 -1.347834696776977523e+02
-1.274399449871034706e+00 -5.682423802264219281e-01 -1.351049727468430888e+02
-1.277337692382196188e+00 -5.653184159183862745e-01 -1.354368101278744803e+02
-1.280238613943223358e+00 -5.623653812968210097e-01 -1.357679033943653906e+02
-1.283164451237438719e+00 -5.594537607573921711e-01 -1.360830901491468694e+02
-1.285932320066838885e+00 -5.564486347587821458e-01 -1.363741866940349041e+02
-1.288817725954278126e+00 -5.534813013444436214e-01 -1.367004804917378351e+02
-1.291695712506757410e+00 -5.505089627079391423e-01 -1.370323957731583562e+02
-1.294608961497835553e+00 -5.475157307897202674e-01 -1.373877007426798968e+02
-1.297509351442512449e+00 -5.445272546693687987e-01 -1.377330725541631296e+02
-1.300381227515671423e+00 -5.415004941864106636e-01 -1.380470762525911255e+02
-1.303218590186755899e+00 -5.384950988353701673e-01 -1.383595814101688006e+02
-1.306044054208737260e+00 -5.354965856559101844e-01 -1.386784146629196925e+02
-1.308846293518706405e+00 -5.325199601370602664e-01 -1.390069262998257500e+02
-1.311620321650472043e+00 -5.295765267315252212e-01 -1.392803211149855827e+02
-1.314373113333604959e+00 -5.266231139185728605e-01 -1.396095737585079917e+02
-1.317145461128643280e+00 -5.236093716305983969e-01 -1.399208608010648049e+02
-1.319861448701243667e+00 -5.204841028611589815e-01 -1.402609968308759960e+02
-1.322580136776006610e+00 -5.173252208405715313e-01 -1.405097098401305118e+02
-1.325247672904609209e+00 -5.141796453930648214e-01 -1.408174372595025261e+02
-1.327968181247349833e+00 -5.110634588118447841e-01 -1.410916203808511398e+02
-1.330621028901580738e+00 -5.078256089634195503e-01 -1.414081222544937759e+02
-1.333222108286598706e+00 -5.047092315061789680e-01 -1.417703465789896597e+02
-1.335807376377578404e+00 -5.016075445006360489e-01 -1.420655745487312629e+02
-1.338433143318564778e+00 -4.984287107970415409e-01 -1.424052349130533628e+02
-1.340955022182598544e+00 -4.952164336217985130e-01 -1.427499736226783966e+02
-1.343491496343364844e+00 -4.920262098153411756e-01 -1.430368282086620582e+02
-1.345939461123122793e+00 -4.888535536564398987e-01 -1.433046261416004086e+02
-1.348465468960642566e+00 -4.857045593509721204e-01 -1.435939987941649463e+02
-1.350949990704437109e+00 -4.825960414785813724e-01 -1.439418104393152191e+02
-1.353474684260421723e+00 -4.794503285988379049e-01 -1.441896975369692768e+02
-1.356056481126177715e+00 -4.761289155636234116e-01 -1.445062936789565242e+02
-1.358489954442457126e+00 -4.727806135846553959e-01 -1.447906736514451609e+02
-1.360914307292735881e+00 -4.693638985873379577e-01 -1.450871375059078616e+02
-1.363395517595236806e+00 -4.659063142107254252e-01 -1.454156267897064652e+02
-1.365903596958265354e+00 -4.624713932949809925e-01 -1.457599825272109797e+02
-1.368333801638707437e+00 -4.590400815262243861e-01 -1.460120931071172947e+02
-1.370770561427915535e+00 -4.556847750208940506e-01 -1.463482195002028163e+02
-1.373211319982994949e+00 -4.523431106250377920e-01 -1.466927882659728084e+02
-1.375626811226760227e+00 -4.490398737743239721e-01 -1.470892604802560015e+02
-1.377826561649113213e+00 -4.456613572092998909e-01 -1.473412081108034499e+02
-1.380078832922598364e+00 -4.423095166239406351e-01 -1.476304534901641432e+02
-1.382432127993315607e+00 -4.390066130791553944e-01 -1.478580534800960891e+02
-1.384738378285967020e+00 -4.356779997771995094e-01 -1.481424299457708571e+02
-1.386943545807086231e+00 -4.324953456839406019e-01 -1.484325006409314369e+02
-1.389218758271866694e+00 -4.293030915181711982e-01 -1.486764780519196734e+02
-1.391578421298311552e+00 -4.261259048539465799e-01 -1.489371000248970915e+02
-1.393916766197321078e+00 -4.228659400985975148e-01 -1.493100756227918566e+02
-1.396232189906292831e+00 -4.196084961708148042e-01 -1.496080579320567665e+02
-1.398367202778374452e+00 -4.162978366765193172e-01 -1.498278053015082207e+02
-1.400527675860002486e+00 -4.129664222182508615e-01 -1.501012159991200576e+02
-1.402705159336536500e+00 -4.096270466983711889e-01 -1.503743231452316138e+02
-1.404789202009325111e+00 -4.062185744484475558e-01 -1.506918477577906685e+02
-1.406843284293996188e+00 -4.028348062277284924e-01 -1.509682572640957972e+02
-1.408900268632571118e+00 -3.994585064855589729e-01 -1.512023076276107929e+02
-1.410948095612941877e+00 -3.960811110499710130e-01 -1.514759902544691954e+02
-1.412972364705759709e+00 -3.926433388422352344e-01 -1.518111804091462034e+02
-1.414943251171683070e+00 -3.892345403679944860e-01 -1.521674756654839200e+02
-1.416851362653081203e+00 -3.858215248267296005e-01 -1.524124594832577486e+02
-1.418822017614999265e+00 -3.824390142799663495e-01 -1.526682251610632761e+02
-1.420877328393776562e+00 -3.790570526777983784e-01 -1.529868008614799066e+02
-1.422944300574549459e+00 -3.756635206855594711e-01 -1.532235436013325227e+02
-1.424868189149710584e+00 -3.722323751850057927e-01 -1.534555112003113777e+02
-1.426840949086649823e+00 -3.688154387538270518e-01 -1.537063165955345596e+02
-1.428820129971661412e+00 -3.653774154338294555e-01 -1.540427139805501611e+02
-1.430799747935488808e+00 -3.619192779096223611e-01 -1.544248265675898608e+02
-1.432746335205067778e+00 -3.585016047950700946e-01 -1.547621679294369130e+02
-1.434580543844707234e+00 -3.550494181752231748e-01 -1.550738464610541882e+02
-1.436437477109956173e+00 -3.515985182699683520e-01 -1.553646001182025316e+02
-1.438314584356353176e+00 -3.481347012710175326e-01 -1.556711106241124298e+02
-1.440204556201273078e+00 -3.446116655665266704e-01 -1.559600076548657341e+02
-1.441994848024827025e+00 -3.410631229602176240e-01 -1.561728266900791766e+02
-1.443799278687617482e+00 -3.375306939611667501e-01 -1.563857484430985778e+02
-1.445501464315487317e+00 -3.339592029790623418e-01 -1.566042453242536396e+02
-1.447214252585851568e+00 -3.302936504076727231e-01 -1.568524629363719782e+02
-1.448848135709718710e+00 -3.265981065358017355e-01 -1.570436586633727245e+02
-1.450475041614217586e+00 -3.228973800751080425e-01 -1.572311059312226575e+02
-1.452114244786219643e+00 -3.191720195960061068e-01 -1.574902475587163337e+02
-1.453737499071760642e+00 -3.154827974510607258e-01 -1.577782944095990842e+02
-1.455359631834811873e+00 -3.117830383157223495e-01 -1.580510355960396112e+02
-1.457011396887041954e+00 -3.081186312284933670e-01 -1.582899466921491864e+02
-1.458664210946857942e+00 -3.044687910434251132e-01 -1.585830050120019621e+02
-1.460272665194935593e+00 -3.008641261257603561e-01 -1.588914110312144317e+02
-1.461914561608005814e+00 -2.972846539634169671e-01 -1.591215410949992304e+02
-1.463490495526710511e+00 -2.936601806060385456e-01 -1.593696786198420625e+02
-1.465068942329364576e+00 -2.900633021424023905e-01 -1.596779731973436753e+02
-1.466659926984615669e+00 -2.864651692280092976e-01 -1.599721158873436195e+02
-1.468151049679277564e+00 -2.828623673335285416e-01 -1.602686144045707408e+02
-1.469671854820032264e+00 -2.791826999812518362e-01 -1.605752505729985273e+02
-1.471133233893270331e+00 -2.754717438709021193e-01 -1.608746084290898750e+02
-1.472591932536966075e+00 -2.717565872584593034e-01 -1.611157886525861898e+02
-1.474015649521247084e+00 -2.680278282774237741e-01 -1.613724493988936786e+02
-1.475390244633573600e+00 -2.643464286600772928e-01 -1.616147391337857471e+02
-1.476786895947402201e+00 -2.606813006887599427e-01 -1.618680053869253186e+02
-1.478211603640337879e+00 -2.569994980568078846e-01 -1.621270811666844622e+02
-1.479591830705401678e+00 -2.532980887642424794e-01 -1.623786790096061452e+02
-1.480982397400699258e+00 -2.495099079298562506e-01 -1.626285200476505395e+02
-1.482336486027014288e+00 -2.456806597243012813e-01 -1.628997479888675457e+02
-1.483686281813568542e+00 -2.418626603732023372e-01 -1.631502102403752019e+02
-1.484992752944953143e+00 -2.380903791104023726e-01 -1.633967778327529174e+02
-1.486322342837024468e+00 -2.343374689663814958e-01 -1.636409116214486232e+02
-1.487662926719542700e+00 -2.305998396668262895e-01 -1.639106557639550772e+02
-1.488856555234980839e+00 -2.267584541402222487e-01 -1.641886633001313953e+02
-1.490032636464318383e+00 -2.229081458382967118e-01 -1.644505951264351893e+02
-1.491285693988057881e+00 -2.190154747038569605e-01 -1.647293910143402798e+02
-1.492510316907670997e+00 -2.151089248306104207e-01 -1.650101076290380604e+02
-1.493756794045178138e+00 -2.112336330798342543e-01 -1.652941033312420984e+02
-1.494992561687555899e+00 -2.073850040196408284e-01 -1.655877240871722051e+02
-1.496249567454593032e+00 -2.035453261834491712e-01 -1.658852768143212018e+02
-1.497473522042667149e+00 -1.997496129616540828e-01 -1.661970919777984648e+02
-1.498713948211334523e+00 -1.959372157433533213e-01 -1.664954456924370163e+02
-1.499952590320027701e+00 -1.921196762413639736e-01 -1.667841376707767438e+02
-1.501142357759277957e+00 -1.883163922061510676e-01 -1.671041028612543471e+02
-1.502331787875812674e+00 -1.845208937750361100e-01 -1.674306162820764712e+02
-1.503499375668619242e+00 -1.807338625476843097e-01 -1.677327258808811337e+02
-1.504633046626600912e+00 -1.769360053653088183e-01 -1.679933571865369970e+02
-1.505749880141512342e+00 -1.731640090301510004e-01 -1.682589053620769164e+02
-1.506843364841510491e+00 -1.694100400658902772e-01 -1.685418579989619730e+02
-1.507903408065216277e+00 -1.656609681636394549e-01 -1.688080585407816727e+02
-1.508967443299158884e+00 -1.619159720915956113e-01 -1.690639603151044525e+02
-1.510046316114534548e+00 -1.581523882143113235e-01 -1.693312293032063280e+02
-1.511074977404515129e+00 -1.543442039087746243e-01 -1.695926030134504003e+02
-1.512117371102292607e+00 -1.505538745195098282e-01 -1.698754412740825899e+02
-1.513048775274758784e+00 -1.468513048209593719e-01 -1.701591519016236305e+02
-1.513917863606957237e+00 -1.431083378174226595e-01 -1.704222441102178891e+02
-1.514781717873204370e+00 -1.393668572904095682e-01 -1.706814837479757330e+02
-1.515675287272092442e+00 -1.355678505860177518e-01 -1.709630309085330282e+02
-1.516601681274613700e+00 -1.317167650844662530e-01 -1.712510439830952862e+02
-1.517557386037824418e+00 -1.278996273257287097e-01 -1.715127177835903751e+02
-1.518468154020003125e+00 -1.240532779726401802e-01 -1.717742605167763372e+02
-1.519374389186990637e+00 -1.201928029744092352e-01 -1.720685485557536083e+02
-1.520246287345523140e+00 -1.163610896950809798e-01 -1.723936527553704821e+02
-1.521095510526615291e+00 -1.125355918135623745e-01 -1.727084839611156610e+02
-1.521914632118696264e+00 -1.086905563446121520e-01 -1.730181057774644557e+02
-1.522684800566086238e+00 -1.048544613357439009e-01 -1.733184079173096848e+02
-1.523390883116240824e+00 -1.010806934553951375e-01 -1.736254028250190231e+02
-1.524098516977307582e+00 -9.729154282206292637e-02 -1.739336177878311389e+02
-1.524822398334211959e+00 -9.351430377235944724e-02 -1.742238117994385220e+02
-1.525545589154771564e+00 -8.973274444736985267e-02 -1.745084404513897596e+02
-1.526287239557826636e+00 -8.587472762946819771e-02 -1.748048816744150713e+02
-1.527031708575373958e+00 -8.202128103876125953e-02 -1.750986782013671359e+02
-1.527733460388087661e+00 -7.813497695585634728e-02 -1.753945905866489738e+02
-1.528419978122848022e+00 -7.424686279675586642e-02 -1.756849508232793653e+02
-1.529114042188893574e+00 -7.033544655467886819e-02 -1.759902401305885178e+02
-1.529819997545632138e+00 -6.644581362821785908e-02 -1.762965288945618454e+02
-1.530487054396334035e+00 -6.258056507332518392e-02 -1.766022793432199478e+02
-1.531144205730600616e+00 -5.871915432467338103e-02 -1.768934470581540950e+02
