frame0000.jpg 0.0 -0.0 -0.0
frame0001.jpg 0.00014722372204834514 -0.0001823312945150093 -0.003095612358400131
frame0002.jpg 2.0654689562680406e-05 -2.530448280114352e-05 0.00587662277466991
frame0003.jpg 5.5896794498611474e-05 -7.129322587194276e-05 0.003050282504142964
frame0004.jpg -0.0005366217106315093 0.0007440779023847005 0.11469226257198575
frame0005.jpg -0.0006107958647266937 0.0008331812868341912 0.12177190095986992
frame0006.jpg -0.0006107958647266937 0.0008331812868341912 0.12177190095986992
frame0007.jpg -0.0006107958647266937 0.0008331812868341912 0.12177190095986992
frame0008.jpg -0.0006107958647266937 0.0008331812868341912 0.12177190095986992
frame0009.jpg -0.0001887657150159589 0.00023926894530867623 0.08066980502774679
frame0010.jpg 4.924968300590111e-05 -7.431568434471514e-05 0.0869575175918129
frame0011.jpg -6.841645601163087e-05 0.00014397516929482202 0.16612283197292738
frame0012.jpg 0.00010783896607148676 -9.950956502175655e-05 0.1253694143828677
frame0013.jpg 0.00017139322254472748 -0.00022933732395412611 0.10413619253985153
frame0014.jpg -3.7590214774614905e-06 -2.2604771544015386e-06 0.07991486740940781
frame0015.jpg 4.032455550772288e-06 -1.7951918169418437e-05 0.07827813112946587
frame0016.jpg -0.00013953146003691327 0.00017537352876868638 0.10538292843279363
frame0017.jpg 0.00034130763668533976 -0.0004429084850847854 0.04551786440192086
frame0018.jpg 0.00021796393346219009 -0.0002733594635361581 0.038795176540368084
frame0019.jpg 0.0002065167713090509 -0.0002847146427650501 0.08693066546439528
frame0020.jpg -0.0002523633245306642 0.00035201373861599343 0.15493565533155035
frame0021.jpg -0.0006451929972894881 0.0008620912061200141 0.10179643419932162
frame0022.jpg -0.0008438374714407866 0.0011065551337343716 0.0696728971770185
frame0023.jpg -0.0006112013103387666 0.0008048837010451548 0.06612010459452247
frame0024.jpg -0.005331435964032886 0.006755704440846068 -0.4545594558837966
frame0025.jpg 0.0009528537039779027 -0.0012606095074388453 -5.221898352780999
frame0026.jpg 0.0006116599676746668 -0.0008466904321089393 -5.12964145022575
frame0027.jpg 0.0007858385978971884 -0.0010254734095295317 -5.1617162796437315
frame0028.jpg 0.0007891411238896697 -0.0010308750630756154 -5.164640018810194
frame0029.jpg 0.0009860783075415751 -0.0013184468205691194 -5.23934642498825
frame0030.jpg -0.0003780514385179507 0.00045359204948047734 -0.022950753439725118
frame0031.jpg -0.00019384692047388257 0.00030756319327772256 0.20861006679695307
frame0032.jpg -0.00034782146432884653 0.0005150869021229947 0.25699213848343544
frame0033.jpg 2.1834304299846214e-05 1.473393000213068e-05 0.28317440433978314
frame0034.jpg -0.00035778508055047623 0.0005058134345568549 0.2954111762200862
frame0035.jpg 5.2735081847363396e-05 -3.096933476943164e-05 0.26045879108818404
frame0036.jpg -7.586865115817798e-05 0.00014399647213496236 0.26153215065901875
frame0037.jpg -0.0007996391356493563 0.001080454671130964 0.2274061473471937
frame0038.jpg -0.00017633261592158253 0.0002595825814599028 0.2662098046186883
frame0039.jpg -0.00025765405149637857 0.00035931134314311344 0.2664336357533411
frame0040.jpg -0.00020642819967611436 0.00031512769196759537 0.2328569035729459
frame0041.jpg -0.0006666832168701878 0.0008717857183361972 0.2864642397679417
frame0042.jpg -0.0004188725600376236 0.0005525541733597012 0.2842649043256096
frame0043.jpg 0.0003294249559787034 -0.00038680301649763184 -4.876442560953543
frame0044.jpg -0.00019753382322762575 0.0003271526625879817 0.20706989980902055
frame0045.jpg -0.0004514536779517136 0.0005913300291411698 0.1290156785350223
frame0046.jpg -0.00037353447051603577 0.0004976178784394839 0.134627158848725
frame0047.jpg -0.000591460698162352 0.0007704514602891611 0.1664572924759719
frame0048.jpg -0.00010254585850717403 0.00014722411044875425 0.17878748285975268
frame0049.jpg -0.00011750033330151057 0.00016236003672355357 0.17463563548166613
frame0050.jpg -0.00010100483824502668 0.00013826431820070434 0.17310154322457905
frame0051.jpg 0.0007565469149575973 -0.0010439698848102195 -5.044912810288212
frame0052.jpg 0.0007264871745499082 -0.0009995270291804775 -5.033853594830122
frame0053.jpg 0.0006721136728485523 -0.0009304266627144812 -5.042660364731457
frame0054.jpg 0.0008665946110850147 -0.0012044912603180716 -5.10321843159472
frame0055.jpg 0.0006860590478651055 -0.0009610519127118773 -5.042456960344451
frame0056.jpg 0.0006104088122633032 -0.0007769346481193898 -4.986428985983243
frame0057.jpg 0.0012790214369097336 -0.001669095922226344 -5.118265674902709
frame0058.jpg -0.005269522007887557 0.006672560136570664 -0.008552688777409464
frame0059.jpg -0.003739118689446649 0.004832925701070702 0.2442901747927021
frame0060.jpg 0.0010233014719880603 -0.0013884102417903801 -5.144243711756531
frame0061.jpg 0.0009598934398614195 -0.0013016381176264432 -5.1180070689220045
frame0062.jpg 0.0009885169542112248 -0.001329707841817499 -5.149658131438973
frame0063.jpg 0.0009183348621282578 -0.0012071748394265251 -5.127602178094874
frame0064.jpg 0.0007883010369202776 -0.0010445918754839836 -5.076903084592916
frame0065.jpg 0.0006922561866287736 -0.0009014268325950457 -5.050823832730983
frame0066.jpg 0.0004187168532831079 -0.0005739628139395535 -5.028034729924023
frame0067.jpg 0.0005115757769679983 -0.0007309052275509709 -4.964048228646664
frame0068.jpg 0.0004086510333511504 -0.0005872744193561756 -4.95141265743033
frame0069.jpg 0.00046047585212862137 -0.0006578508067956022 -4.942366354031679
frame0070.jpg 0.0007322029432616994 -0.00099723851031221 -5.051859937971592
frame0071.jpg -0.0002518252319997201 0.00035808492899305685 0.16691968698830534
frame0072.jpg -0.0006031051305020769 0.0008706902531537003 0.2837954043575052
frame0073.jpg 0.0003649558904511304 -0.0004740047474474405 -4.993523847235934
frame0074.jpg 0.00039460933403675185 -0.0005046000333917926 -4.982981059617667
frame0075.jpg 0.0004211192479252881 -0.0005366258894298807 -5.026615408727273
frame0076.jpg 0.000395174259696256 -0.0005006064425288529 -5.013633045625166
frame0077.jpg 0.0005645509589442925 -0.0007337055765122224 -5.026726447076474
frame0078.jpg 0.0005518461550719069 -0.0007186527800876293 -5.022344250283725
frame0079.jpg 0.00047097818154285057 -0.0006064241886144964 -5.017532424768629
frame0080.jpg 0.0005389682940731664 -0.0006824831026833533 -5.0376696082767936
frame0081.jpg -0.003443070826462495 0.004104541927838156 0.02035670185886072
frame0082.jpg 0.001637589382111926 -0.00333907830835897 -4.571138100711264
frame0083.jpg 0.0008701791554313723 -0.0038239873613422773 0.7847097007068787
frame0084.jpg 0.0008122486832432238 -0.0056367162906608955 1.0610007694514372
frame0085.jpg -0.0011824253101739325 -0.005566418624594287 1.2382226716290727
frame0086.jpg -0.0005963406197962641 -0.00947722857268345 1.7774594337757972
frame0087.jpg -0.0017039356392662506 -0.011310866642416791 2.293154383923293
frame0088.jpg -0.003516126157667373 -0.012621947069417156 2.6449681094386515
frame0089.jpg -0.003545257181427637 -0.01648163307735234 -1.878378353780536
frame0090.jpg -0.004205042010525703 -0.019366815541694084 -1.29203077227049
frame0091.jpg -0.004207296103827828 -0.02282578506387532 4.140769564635765
frame0092.jpg -0.00631270497915495 -0.02432498263249134 4.782956196142941
frame0093.jpg -0.007217232744085261 -0.027529846146599424 5.214165144056596
frame0094.jpg -0.007761188956768317 -0.030666484607550275 5.855781482958706
frame0095.jpg -0.007941526026112651 -0.03435320590773358 6.730390285073044
frame0096.jpg -0.010446437476132052 -0.03573555880633846 7.119505614401124
frame0097.jpg -0.008630419643944402 -0.041661261985575855 2.545933511719564
frame0098.jpg -0.009069735671715495 -0.044916206944544144 8.021067010918289
frame0099.jpg -0.011104348657488064 -0.04689971852894788 8.650550911678044
frame0100.jpg -0.0103062176016501 -0.052294793009917837 4.057993264608796
frame0101.jpg -0.012178162512001505 -0.054208534866253766 9.49498930797166
frame0102.jpg -0.01182132247011496 -0.05909353750664392 10.071995274942195
frame0103.jpg -0.013971098979792148 -0.06118964618548059 5.7671416692919735
frame0104.jpg -0.01410529048333408 -0.06523142249709718 10.955756383019512
frame0105.jpg -0.014893840516149703 -0.06902080231650322 11.400657331122286
frame0106.jpg -0.022886260217429438 -0.0655769357071928 11.360138456595385
frame0107.jpg -0.017160961880877908 -0.07587399472747132 12.204672337928065
frame0108.jpg -0.017590102380650056 -0.0800509311923604 8.42894067827946
frame0109.jpg -0.01907641117668768 -0.0829098314038243 13.098297431889415
frame0110.jpg -0.01820400239961944 -0.08791232433150402 9.253172959419317
frame0111.jpg -0.01994154270990009 -0.09020064694384697 14.144939243772974
frame0112.jpg -0.01961676529141379 -0.09444476967989644 14.81408516069049
frame0113.jpg -0.020454113508586388 -0.09773645306287003 15.264518188169525
frame0114.jpg -0.020696354071256518 -0.10167561362737652 11.581662458386932
frame0115.jpg -0.021284246366750924 -0.10540951951403607 16.217825510917827
frame0116.jpg -0.0223126732919214 -0.10833410821048337 16.743500267559348
frame0117.jpg -0.02170922283837931 -0.11315688320903397 17.203812756152942
frame0118.jpg -0.024411657337296395 -0.11510475743911056 17.708077508574764
frame0119.jpg -0.031193249884920386 -0.11342493915462598 17.44827117220288
frame0120.jpg -0.02265569953803607 -0.12465730270669632 18.564700659400867
frame0121.jpg -0.02420559621818795 -0.1275612436833763 18.71424126854971
frame0122.jpg -0.02445799253050315 -0.13152864476914444 15.873896540382287
frame0123.jpg -0.023664644433202767 -0.1359105569962681 16.044690123863205
frame0124.jpg -0.023767513371366948 -0.13942083796373714 20.596900490994717
frame0125.jpg -0.02394868465002159 -0.14316901610602675 17.159769318774636
frame0126.jpg -0.023913959576689084 -0.1465874014924851 21.423669577293136
frame0127.jpg -0.02341084886990986 -0.15056029548074554 22.112581011759406
frame0128.jpg -0.02826282382788175 -0.15067371126090842 22.4521907538176
frame0129.jpg -0.02396684613501396 -0.15787321830419154 19.12162845719472
frame0130.jpg -0.02458227832095642 -0.1610904031763056 23.137886280918522
frame0131.jpg -0.02340506965382738 -0.16605018540806546 19.748106181460887
frame0132.jpg -0.02276419823798611 -0.17030712289773048 19.99359802690345
frame0133.jpg -0.022816396878590314 -0.17390415775737347 24.20228035716698
frame0134.jpg -0.0224269393865332 -0.1776803664388192 24.50526649671823
frame0135.jpg -0.022312771831539804 -0.18134105278667192 24.97086529822459
frame0136.jpg -0.02143553573841301 -0.18571999812281811 21.87875563011992
frame0137.jpg -0.02111731663783154 -0.1891737246718098 25.997305220224625
frame0138.jpg -0.02146822227098546 -0.1928495375837237 23.296428090220626
frame0139.jpg -0.020214213477298043 -0.19710963718190155 27.039461003437395
frame0140.jpg -0.019966207182625238 -0.2011304092144832 27.410833234817005
frame0141.jpg -0.019227011078882104 -0.2048662707074193 27.84020947182614
frame0142.jpg -0.017930865756152263 -0.2090016485955639 28.17141592873746
frame0143.jpg -0.01803844205736746 -0.21239188587191235 28.79689389915825
frame0144.jpg -0.01828333019763371 -0.21533256866269296 29.259392455068568
frame0145.jpg -0.016517174164273396 -0.2194456042450692 29.73397022762208
frame0146.jpg -0.016316494258967543 -0.22254392177105733 30.445362940704022
frame0147.jpg -0.015296547150832273 -0.2265059979208029 28.13526110911709
frame0148.jpg -0.014952496638363094 -0.2300327874641765 28.348700599392718
frame0149.jpg -0.01412784900477089 -0.2338428273097689 28.81100032876821
frame0150.jpg -0.014507796731854122 -0.2335991603100208 28.819366382460018
frame0151.jpg -0.013345816535683369 -0.23792274723088666 32.11065300948622
frame0152.jpg -0.01938949826105457 -0.24214653899884986 32.130458195651215
frame0153.jpg -0.01242875502837966 -0.2491571698388337 33.420793465661056
frame0154.jpg -0.01128558149090031 -0.25333149818602485 31.66865119551035
frame0155.jpg -0.0106708268547904 -0.2571795330599533 34.27351291388608
frame0156.jpg -0.009632008266374949 -0.26157358783861845 32.74757136961917
frame0157.jpg -0.010926314075571944 -0.264861292700315 35.05995511456117
frame0158.jpg -0.008875044930686624 -0.26985795163654835 35.32572800474497
frame0159.jpg -0.007000624930256855 -0.2747781720967155 33.03986479935667
frame0160.jpg -0.006177443947967667 -0.2791738229392017 33.06496608639381
frame0161.jpg -0.005139652427014807 -0.28351860689515845 36.163875198317626
frame0162.jpg -0.003378267762738363 -0.2883482105044306 36.38847766939703
frame0163.jpg -0.0026938578429320788 -0.2930233774528881 34.271520959739995
frame0164.jpg -0.0013592992770331824 -0.29750747338526823 34.2765688679494
frame0165.jpg -0.005897486362911042 -0.2998923500759536 36.598807363639395
frame0166.jpg 0.0010095600612336358 -0.30636891282340195 36.99997571046017
frame0167.jpg 0.002306266500846921 -0.31114682058100546 37.21222556010501
frame0168.jpg 0.00208574625977645 -0.31518472091861405 37.57766774782078
frame0169.jpg 0.003710445817493274 -0.3200110233784762 35.524660888808604
frame0170.jpg -0.00012693834468976986 -0.3229720209695273 38.37545574330729
frame0171.jpg 0.0006977522159454934 -0.3272958448408808 38.255337252240636
frame0172.jpg 0.0017397521941713845 -0.3316133701454765 37.9416045188264
frame0173.jpg 0.00818234299612963 -0.3373273282535293 37.21431923067999
frame0174.jpg 0.009752072586706071 -0.34140106201412884 38.104956937187
frame0175.jpg 0.009855408374085259 -0.3448201976267856 40.238014150471464
frame0176.jpg 0.012036001666105314 -0.3490110543412116 38.94459960107945
frame0177.jpg 0.014019973155093846 -0.3530914784919237 40.935427742651136
frame0178.jpg 0.014138174975824954 -0.35683384245074623 39.95291386787511
frame0179.jpg 0.014292483880276237 -0.3601873843416246 42.0322019431978
frame0180.jpg 0.01707087992919515 -0.3641054072363768 42.474505693417136
frame0181.jpg 0.016083473485070637 -0.3672768623503656 42.046811207605046
frame0182.jpg 0.0186398485795152 -0.3709200152414575 42.194667039900324
frame0183.jpg 0.02131359531527549 -0.3743794154631123 42.519062629268205
frame0184.jpg 0.022642293988177242 -0.37774773742468937 44.05245662628669
frame0185.jpg 0.023775114856462196 -0.38122510258290543 44.641619531857415
frame0186.jpg 0.02411038207814004 -0.3845979066321477 44.37592874309615
frame0187.jpg 0.027019256201125 -0.3882451239694236 44.69084882100342
frame0188.jpg 0.02962521754394007 -0.3918929766216237 45.11551187346428
frame0189.jpg 0.030623352325943126 -0.3954061060267697 45.23441205921638
frame0190.jpg 0.032557369065768234 -0.3989583797132382 46.96069813500598
frame0191.jpg 0.030876216774317733 -0.40211262060808345 47.237564353044185
frame0192.jpg 0.036368279722687365 -0.40611201042425854 46.505269877819
frame0193.jpg 0.03751131758711507 -0.4092799397370605 48.23213448729207
frame0194.jpg 0.040720869914397856 -0.4126809550828982 48.577546501361006
frame0195.jpg 0.041485249888777435 -0.4159215262838151 48.5659288428675
frame0196.jpg 0.04336728643380317 -0.4189968009855503 48.863619967740775
frame0197.jpg 0.043717174123096086 -0.4218632943203533 49.99095276534438
frame0198.jpg 0.044235411694313866 -0.4218789705559722 49.88993932943755
frame0199.jpg 0.043525119840239546 -0.4247265135135054 50.094323016675865
frame0200.jpg 0.04709521167759437 -0.42775992490675496 51.45840374760078
frame0201.jpg 0.04975241002878103 -0.43093235056536056 51.8920659782543
frame0202.jpg 0.05423713851858975 -0.4367954250264503 52.50766165002587
frame0203.jpg 0.05651685991374816 -0.4397269648845816 53.06877364024772
frame0204.jpg 0.058178168034970175 -0.44232845708157736 54.034437251427406
frame0205.jpg 0.0603155633985118 -0.4452322286512291 54.64133327446805
frame0206.jpg 0.06235383588825957 -0.4485576672949802 54.74147953244168
frame0207.jpg 0.06368691945647043 -0.451275664289804 55.76775398180436
frame0208.jpg 0.06637808022724602 -0.4540098421142229 56.11911048981685
frame0209.jpg 0.06870349350115687 -0.4568194279119885 56.713762269061476
frame0210.jpg 0.07014810304496105 -0.4596140928908292 57.160611922873535
frame0211.jpg 0.06892930183741389 -0.4630961238080268 57.654060534370096
frame0212.jpg 0.0749545242833059 -0.4658672536518372 58.1183461516301
frame0213.jpg 0.07753740738847402 -0.4691411194395667 58.630899064270636
frame0214.jpg 0.07809511284149863 -0.4727395163632094 58.86338880870308
frame0215.jpg 0.08107217430613957 -0.4756693465754621 59.4967408319606
frame0216.jpg 0.08078686922380135 -0.4794165237694762 59.533927673899
frame0217.jpg 0.08333764007494204 -0.4822965914344565 60.21017246465652
frame0218.jpg 0.08955184857322912 -0.4844415203497284 60.471024706961444
frame0219.jpg 0.08856236566222045 -0.4888226979821434 60.87504540380691
frame0220.jpg 0.09114578391665742 -0.4920830163455415 60.62616204883678
frame0221.jpg 0.0972138237390512 -0.4943506208362383 61.47433537968029
frame0222.jpg 0.09720962875349934 -0.494352524393306 61.47557266190025
frame0223.jpg 0.0992101072513342 -0.4982953788882736 61.76702437504378
frame0224.jpg 0.10260404061413593 -0.5014373656916371 62.0684481416358
frame0225.jpg 0.10694457958166376 -0.5084312448120726 62.8267142778499
frame0226.jpg 0.11007156289951686 -0.5118654063124539 63.07800927878045
frame0227.jpg 0.11017875005719772 -0.5157449178557114 63.196715961064044
frame0228.jpg 0.11626379690832445 -0.5174631316318854 63.897073274637215
frame0229.jpg 0.11961934812772235 -0.5207471303158615 64.19505494935696
frame0230.jpg 0.12201343006993605 -0.5236084450185764 64.96018622984893
frame0231.jpg 0.12494464368744032 -0.5265761007794918 65.37036111762902
frame0232.jpg 0.12678037752434665 -0.5296512382085862 65.78775755721601
frame0233.jpg 0.13217341667184435 -0.5317285485803974 65.80963566953781
frame0234.jpg 0.13004293723374366 -0.5369053289639011 66.650906686057
frame0235.jpg 0.13466507692541166 -0.5388724874622179 66.98961651704289
frame0236.jpg 0.13774487713266453 -0.5418009040869474 66.56568999220761
frame0237.jpg 0.14230658547126634 -0.5434139098840285 67.70984494844268
frame0238.jpg 0.14273125725586974 -0.5483432146510254 68.06605680284807
frame0239.jpg 0.1480871092821369 -0.5494418878232313 68.44953344853718
frame0240.jpg 0.14817154282432826 -0.5546058916576349 69.04222140758971
frame0241.jpg 0.1529749713730194 -0.5568025749155812 69.37804257897183
frame0242.jpg 0.15669574273201609 -0.5591242220658947 69.30566099056578
frame0243.jpg 0.1601415992455357 -0.5626452699033264 69.5640621225816
frame0244.jpg 0.16478283222590925 -0.5643332605088365 69.8685836282894
frame0245.jpg 0.16800355587902294 -0.5678105643472986 69.95063539413201
frame0246.jpg 0.17134823610405395 -0.5707332629632531 70.18257430668525
frame0247.jpg 0.17135194371008006 -0.5707297840775577 70.18248529921162
frame0248.jpg 0.17322519694874747 -0.5759533779461371 70.4337325484086
frame0249.jpg 0.18039951837150225 -0.5822023832524519 70.78699524093057
frame0250.jpg 0.18561434587329745 -0.5844488314581352 71.07234571438029
frame0251.jpg 0.18875745156719867 -0.5877137674680568 71.3485747226553
frame0252.jpg 0.1908782582609486 -0.5923896186481741 71.45066606075159
frame0253.jpg 0.1963137221903558 -0.5929661420944152 71.82780602509519
frame0254.jpg 0.2005564833767996 -0.5954629046873623 72.39094112632266
frame0255.jpg 0.20363048644810866 -0.5989355298536048 72.5254708872577
frame0256.jpg 0.2066675788282656 -0.6019064894627768 72.93121728834497
frame0257.jpg 0.2105462120481548 -0.6047496558927867 73.41095113332274
frame0258.jpg 0.21385629176434764 -0.6082376880763727 73.30760247229931
frame0259.jpg 0.2173072809748491 -0.610835651405683 73.80260238078931
frame0260.jpg 0.22038538991375228 -0.6142971004481279 74.41531768133615
frame0261.jpg 0.2239615146567237 -0.6181105415967485 74.58132790978817
frame0262.jpg 0.2279403568995089 -0.6194353001255583 74.90124547684546
frame0263.jpg 0.2313162700203319 -0.6230877828686113 75.34083062840801
frame0264.jpg 0.2349501883934444 -0.6266755514478938 75.54732248867383
frame0265.jpg 0.23842890685907586 -0.6292142711014432 75.69635794554631
frame0266.jpg 0.2420288522846212 -0.6328163490929177 75.95532145786083
frame0267.jpg 0.2448127853668242 -0.6383926201797014 75.6886886227185
frame0268.jpg 0.24960323933110354 -0.6395995126305444 76.20951308825131
frame0269.jpg 0.2536365580460433 -0.6413809913384767 76.56657501681687
frame0270.jpg 0.25330144403519983 -0.6420710371659102 76.50021102625419
frame0271.jpg 0.2568543465627651 -0.6456391620849177 76.64134312138259
frame0272.jpg 0.26489416426197576 -0.652242710264989 76.60854700543025
frame0273.jpg 0.26896743072414875 -0.6546697110248381 76.74130839441888
frame0274.jpg 0.2733912232830957 -0.6553291843446669 77.06184191671464
frame0275.jpg 0.27755307858096445 -0.6576852325304636 77.21343380503865
frame0276.jpg 0.2809623061883286 -0.6631063753397842 76.9927800482954
frame0277.jpg 0.2855638565700722 -0.6638553922275158 77.46989965712365
frame0278.jpg 0.2892629091607 -0.6684833965060379 77.21339019706943
frame0279.jpg 0.2934621824471796 -0.6709572603212441 77.44893972360337
frame0280.jpg 0.2980119678272033 -0.6708927252947757 78.01168181135397
frame0281.jpg 0.3010258240345882 -0.6769293049542698 77.80311894500379
frame0282.jpg 0.30538699665666474 -0.679329489784288 77.91344116279598
frame0283.jpg 0.3094742473922561 -0.6804501373266731 78.36813893258342
frame0284.jpg 0.3132904215117725 -0.6817877133905672 78.78063954332211
frame0285.jpg 0.317342789931948 -0.6832934442170565 79.14040566430027
frame0286.jpg 0.3208406197866984 -0.6880778285440118 79.09198016553283
frame0287.jpg 0.32460285863349103 -0.6885203676656253 79.56205507308584
frame0288.jpg 0.3279444127845254 -0.6913786110860529 80.27492585383575
frame0289.jpg 0.3322897711205447 -0.6934685704922405 80.34891150827094
frame0290.jpg 0.3355479026821856 -0.6956146725363638 80.48443347924409
frame0291.jpg 0.3387925804730695 -0.6980985227348442 81.00383423623424
frame0292.jpg 0.3427790483536216 -0.7004123938952507 81.2703637744426
frame0293.jpg 0.34678612177691465 -0.7054123580231516 81.29356371793524
frame0294.jpg 0.34678211648544205 -0.7053858053126447 81.29124133612699
frame0295.jpg 0.34985711369667993 -0.7046981607855336 82.7252654249267
frame0296.jpg 0.3582857945464229 -0.7123961967318654 82.2634395635766
frame0297.jpg 0.3617394298406841 -0.7138623679651723 82.45418947111129
frame0298.jpg 0.36546165747047454 -0.7134603712476397 82.91265872596891
frame0299.jpg 0.3697649212385449 -0.7183805794757854 83.22381524554675
frame0300.jpg 0.3733938479864599 -0.7190712327654967 84.11772160465738
frame0301.jpg 0.3767989796702783 -0.7193820006118787 84.08228534556154
frame0302.jpg 0.3809297591195364 -0.7245274902571724 84.30575933705269
frame0303.jpg 0.3844626231954522 -0.7255294343706455 84.96806675165129
frame0304.jpg 0.3882237381569089 -0.7282277805062203 84.36689281314008
frame0305.jpg 0.3920106353020313 -0.7308672065680594 85.27921247935004
frame0306.jpg 0.3959618655906839 -0.7329480777138806 85.47744557294195
frame0307.jpg 0.3995330520198924 -0.7344961910204895 86.1382743357119
frame0308.jpg 0.4032544324090249 -0.735186771615433 86.05374967651498
frame0309.jpg 0.4067446203831886 -0.7357317055934864 86.42568016492338
frame0310.jpg 0.4104196954794593 -0.7373391932171471 86.88481937343624
frame0311.jpg 0.4141795676726163 -0.7401917441509422 87.10073038363919
frame0312.jpg 0.4182695019788577 -0.7432641588687527 87.55798671583908
frame0313.jpg 0.4218789772243806 -0.7444460477266347 87.83190925817719
frame0314.jpg 0.4257418659060571 -0.7469289113226361 88.92676418633819
frame0315.jpg 0.4294929680177513 -0.7488245222323535 89.33272600985501
frame0316.jpg 0.43289813242558495 -0.7486764027526955 90.70229594574008
frame0317.jpg 0.4360831641348173 -0.7488313869018709 91.37003237585381
frame0318.jpg 0.4409639543607401 -0.7541265884418844 90.586323389548
frame0319.jpg 0.4448608690345044 -0.7556616483941099 90.34926201085979
frame0320.jpg 0.4439574974162232 -0.7533546759297789 91.21666010886857
frame0321.jpg 0.4481915698588025 -0.7564268560636648 91.30045592756498
frame0322.jpg 0.4560335001694572 -0.7598543551810344 91.0356568149914
frame0323.jpg 0.4597556250943489 -0.7604386610445439 93.00241931422056
frame0324.jpg 0.4648744377628692 -0.7646197387925562 91.76442729285336
frame0325.jpg 0.4679397041062253 -0.7631819796585171 91.92905237567234
frame0326.jpg 0.4734526303179333 -0.7679342289226576 92.80831152657106
frame0327.jpg 0.477242880774198 -0.7666673169068574 91.87181862384644
frame0328.jpg 0.4825683523321842 -0.7702326084402116 92.8136900560112
frame0329.jpg 0.4867120990053309 -0.7717802411098957 93.09487105023788
frame0330.jpg 0.490051592074634 -0.7709247603033923 94.25230785862324
frame0331.jpg 0.4944815286229836 -0.7723274669995129 94.10510011330122
frame0332.jpg 0.4984099935072026 -0.7733223242721727 94.66870035999436
frame0333.jpg 0.501892004939798 -0.7732728691302312 93.84966168067876
frame0334.jpg 0.5078241354501001 -0.7782509765056119 94.42989172935886
frame0335.jpg 0.510881969038901 -0.7777210504921224 94.7196054469593
frame0336.jpg 0.5144956822926593 -0.7783963823640179 94.63854074004117
frame0337.jpg 0.5202147210764556 -0.7830466961640211 95.39295800799842
frame0338.jpg 0.5224267166542362 -0.7801739449245441 95.40172796995613
frame0339.jpg 0.5277672967835769 -0.7844618591748975 96.667736394131
frame0340.jpg 0.5312268405390159 -0.7842869234767662 95.8921939743482
frame0341.jpg 0.5360300687577647 -0.7867620192455225 97.6792269305048
frame0342.jpg 0.5385125152877079 -0.7854661346873141 96.55193312846771
frame0343.jpg 0.5389363087811953 -0.7863037722545883 96.60107592361445
frame0344.jpg 0.5430681014691908 -0.7880093987024845 97.10276651804735
frame0345.jpg 0.5509021627174713 -0.7894089024298991 98.11233533406632
frame0346.jpg 0.5558580441023679 -0.7922667998347013 99.20094839254158
frame0347.jpg 0.5593034661370441 -0.7925833760303687 99.33156127233885
frame0348.jpg 0.5577605860075933 -0.7902934562485819 101.08819647030771
frame0349.jpg 0.5631285436206359 -0.7936977511003389 100.1685360285103
frame0350.jpg 0.5705047151155053 -0.7943648444454222 102.10198833584984
frame0351.jpg 0.5739919029790521 -0.7940714049956006 100.30075747399977
frame0352.jpg 0.5777479752720016 -0.7950047431220509 103.24621792686622
frame0353.jpg 0.5835413427819036 -0.7980230536309036 102.48111392947823
frame0354.jpg 0.5857762887652342 -0.7959326855060659 103.90750718783673
frame0355.jpg 0.5905781746565025 -0.7972344181364912 103.71196682765348
frame0356.jpg 0.5946821114017578 -0.7980823033514712 103.17713316309008
frame0357.jpg 0.5989277046920007 -0.7987778237365171 103.58761875722996
frame0358.jpg 0.602877075439124 -0.7993468370905127 105.25465356866933
frame0359.jpg 0.6072686081300107 -0.8006089603192861 105.9009960978757
frame0360.jpg 0.6124260894039676 -0.8024459566551768 104.9206917390547
frame0361.jpg 0.613759066299375 -0.7995016805307508 107.16931447524391
frame0362.jpg 0.6186782961944571 -0.8012076484490851 105.66503537196672
frame0363.jpg 0.6240424560077442 -0.8040073645191019 106.09457166624159
frame0364.jpg 0.6278375272559258 -0.8041147500475071 106.44095516264429
frame0365.jpg 0.6310850859253945 -0.8035816689725495 107.90430279466084
frame0366.jpg 0.6294033430746967 -0.8015056705864181 109.02104219476264
frame0367.jpg 0.6355599258907286 -0.8046643923789569 107.57601508485465
frame0368.jpg 0.639392331024462 -0.8049689498641399 108.06170643576765
frame0369.jpg 0.6445704953115454 -0.8024966123408628 108.70314424221482
frame0370.jpg 0.6500989580752541 -0.8052614000561664 110.15356459810465
frame0371.jpg 0.6530280559956159 -0.8042584592537099 111.48761374329986
frame0372.jpg 0.6579898407771939 -0.8054696407686 111.23246686627796
frame0373.jpg 0.6592195497754582 -0.8026433463641572 110.75898286606085
frame0374.jpg 0.6640272422866992 -0.8043590000134204 112.88249578897663
frame0375.jpg 0.6671574723913015 -0.8038295623730707 113.8337534370975
frame0376.jpg 0.6701337037233809 -0.8026163742749203 111.36736529486835
frame0377.jpg 0.6754281603719242 -0.8046221604165307 114.38140437783966
frame0378.jpg 0.6791427825999684 -0.8036899207786186 112.95372738472906
frame0379.jpg 0.6847226874929147 -0.8052923462534628 113.86645829272871
frame0380.jpg 0.6883558501017593 -0.8051575426494153 115.25260016676184
frame0381.jpg 0.6939801910329026 -0.8061923121857816 114.33100317284122
frame0382.jpg 0.6958678600658441 -0.8035125565496276 114.5124419262376
frame0383.jpg 0.7003944870121713 -0.804260434341254 116.5051883218114
frame0384.jpg 0.7052869962001079 -0.8053502517332793 116.3435662419062
frame0385.jpg 0.7098941471219008 -0.8056017003508735 116.39163128595852
frame0386.jpg 0.7109937308338361 -0.8027757609812589 118.54418249650229
frame0387.jpg 0.7161448748840075 -0.8038132378215557 115.23351865057708
frame0388.jpg 0.7222379956271469 -0.8055031767835623 117.44827009084429
frame0389.jpg 0.7235997734653418 -0.8028972045256529 119.07153518390881
frame0390.jpg 0.7231839497069676 -0.8025092306912731 119.56523519811077
frame0391.jpg 0.7266181009534491 -0.8021663113042918 120.12627432284306
frame0392.jpg 0.7313218613312622 -0.7978647708755809 118.3720913759155
frame0393.jpg 0.738923483497899 -0.8016245354454259 120.08232928568424
frame0394.jpg 0.7423994874871801 -0.8009846990169329 120.67616417882928
frame0395.jpg 0.7449910731699688 -0.7991932209866222 121.92848257173924
frame0396.jpg 0.7500767613094055 -0.7999206383671545 121.80798392968289
frame0397.jpg 0.7491509000515973 -0.7952342926980118 121.08751596620344
frame0398.jpg 0.7533771789370042 -0.7952651507338413 125.25223748395956
frame0399.jpg 0.7585619361690981 -0.7961133966772431 124.04653228991593
frame0400.jpg 0.7619801251663763 -0.7956426607697941 125.52387109178291
frame0401.jpg 0.7654528638036587 -0.7949346707667257 125.81717613814246
frame0402.jpg 0.7674645960092681 -0.7928889957873714 123.38498239303921
frame0403.jpg 0.7689117314244576 -0.7906973530427367 124.03486062092115
frame0404.jpg 0.774410150986265 -0.7916237454319068 125.70283526430872
frame0405.jpg 0.7799926104400741 -0.7925536313103831 126.15465806697468
frame0406.jpg 0.7811479955947087 -0.7897704238595443 126.82188282966378
frame0407.jpg 0.7851106192204227 -0.7888354725822149 130.49667425804495
frame0408.jpg 0.7881386793800471 -0.7870838294826084 130.91493401583915
frame0409.jpg 0.7937453474386477 -0.7875396813664579 129.66480176921658
frame0410.jpg 0.7992557694128095 -0.7876856792702216 129.36821546816867
frame0411.jpg 0.8002408506031764 -0.7841625858218142 128.91814917546472
frame0412.jpg 0.8019143825936929 -0.7814463818247466 128.20925625005208
frame0413.jpg 0.8074647046159008 -0.7819762483038473 133.31915617902357
frame0414.jpg 0.8076365072807592 -0.7818396117693459 128.449580517773
frame0415.jpg 0.8153369588729167 -0.7833422573336024 130.6373711889324
frame0416.jpg 0.8231533405370333 -0.7811284652994763 132.3328775780708
frame0417.jpg 0.8249217565772452 -0.7778800050310561 131.40871602009486
frame0418.jpg 0.8258983853703056 -0.7746030960968999 130.59732628395977
frame0419.jpg 0.8334075900336329 -0.7762956660675225 132.85125946592353
frame0420.jpg 0.835713137403996 -0.7737751033991359 132.6554037653872
frame0421.jpg 0.8390250719017353 -0.7719509252547094 135.71303403697382
frame0422.jpg 0.8451196073643776 -0.7720326345187072 133.7112229354954
frame0423.jpg 0.8497604987088466 -0.7712791366035037 134.2367642747525
frame0424.jpg 0.8536968198750345 -0.7698419670482304 135.20004551616591
frame0425.jpg 0.8516012014224712 -0.7645837029748292 133.6521065205019
frame0426.jpg 0.8573194020572856 -0.7646161565421847 134.06247792484936
frame0427.jpg 0.8640567386422158 -0.7650471567372936 138.18966504098896
frame0428.jpg 0.8662611715943188 -0.7620708781292789 135.10922402811696
frame0429.jpg 0.8714900274986925 -0.7614899995192814 139.8812164729319
frame0430.jpg 0.8762576123871204 -0.7603322801529312 139.06754155210282
frame0431.jpg 0.8783471855604066 -0.7571324748570731 135.8277221209653
frame0432.jpg 0.8865831318661603 -0.7582990106122729 138.39844532093204
frame0433.jpg 0.8884060247956125 -0.7552881528084785 137.84430735366928
frame0434.jpg 0.8930159691914292 -0.7537862008453777 139.54521033632506
frame0435.jpg 0.8934263933640902 -0.7497068552691604 138.0101424712193
frame0436.jpg 0.8994367568932138 -0.7489654094600742 142.259153387167
frame0437.jpg 0.903369067678372 -0.7472226829258561 141.7094750212588
frame0438.jpg 0.9101078945185259 -0.7465081642291777 139.90550951090185
frame0439.jpg 0.9116324946993459 -0.7435302434784039 142.57344182009618
frame0440.jpg 0.9102746150672328 -0.7426343765520849 139.5571765119563
frame0441.jpg 0.9137248678826771 -0.7404970044542825 140.3253383602356
frame0442.jpg 0.9176022181269496 -0.7355081863475816 138.73714884961254
frame0443.jpg 0.922277143831916 -0.7356948208271651 142.50929119970786
frame0444.jpg 0.9201199682536284 -0.7331517027228613 137.74076941635118
frame0445.jpg 0.9207663189132479 -0.7328137799051346 139.33716512620902
frame0446.jpg 0.9233695637750344 -0.7342203472947613 140.13931802967494
frame0447.jpg 0.9191887511094852 -0.7320873861364111 139.6936002940005
frame0448.jpg 0.9200098399374554 -0.7325587858740535 139.5736482181585
frame0449.jpg 0.9229869682281474 -0.7341638128104764 141.28497367144774
frame0450.jpg 0.9191664781646268 -0.7321085677317248 139.6294429466296
frame0451.jpg 0.923352947793892 -0.7343742796200781 141.1386486443584
frame0452.jpg 0.9222386447304416 -0.7338222247946868 141.706546231557
frame0453.jpg 0.9201741340527924 -0.7326124717865754 139.20223184159173
frame0454.jpg 0.9192598785470912 -0.7321373983131303 139.07276359014944
frame0455.jpg 0.9186164138539892 -0.7317869545002806 138.99166189628036
frame0456.jpg 0.9224226112201612 -0.7338920241174761 141.83977467370468
frame0457.jpg 0.919030352511144 -0.7319772298704597 138.95636453807944
frame0458.jpg 0.9184811672272593 -0.7316976386982681 138.65686725014498
frame0459.jpg 0.9182633310579604 -0.7315890586124867 138.88525075072096
frame0460.jpg 0.9240393863846345 -0.7347128735954507 140.4851104470745
frame0461.jpg 0.9211329733695699 -0.7331670079378017 139.91594499922286
frame0462.jpg 0.9211465011190308 -0.7331738254845588 139.91436765749816
frame0463.jpg 0.9228418385312844 -0.7341623806847766 141.4966723121521
frame0464.jpg 0.9191140219613994 -0.7320658175448751 139.54916775579673
frame0465.jpg 0.918930224250154 -0.7319652081633744 139.5760321105711
frame0466.jpg 0.9191336958979559 -0.7320806261853119 139.64446384393466
frame0467.jpg 0.9230484889113468 -0.7342261183000212 141.21556120788418
frame0468.jpg 0.9222958911807728 -0.7338437227700214 141.75150201581798
frame0469.jpg 0.9222910101267716 -0.7338406589941386 141.66858566588002
frame0470.jpg 0.9191187689181526 -0.7320540171532217 139.18787774563128
frame0471.jpg 0.9223128640234538 -0.7338471276721442 141.5619985629644
frame0472.jpg 0.9189910998721884 -0.7319846972372234 139.28396284331993
frame0473.jpg 0.9196878983837192 -0.7323865741974799 139.24180784299205
frame0474.jpg 0.918667822706684 -0.7318575238184589 139.27072776907542
frame0475.jpg 0.9228650422521412 -0.73417006405638 141.67958557373953
frame0476.jpg 0.9228428388285016 -0.7341374171444659 141.9089010259165
frame0477.jpg 0.9228551401841076 -0.7341446329584937 141.84868313477585
frame0478.jpg 0.9226172287410528 -0.7340484840616923 141.5756447717747
frame0479.jpg 0.9181336654258104 -0.7314966641748409 138.99781879935077
frame0480.jpg 0.9186133485432753 -0.7317778934525745 138.42672290291176
frame0481.jpg 0.9223373088349334 -0.7338491329179178 141.40999686394662
frame0482.jpg 0.921962881527664 -0.7336527176644336 141.532132184828
frame0483.jpg 0.9224293479124948 -0.7339141934726571 141.72978956765928
frame0484.jpg 0.9189268909034672 -0.7319734311724961 139.40809554912778
frame0485.jpg 0.9198711218082009 -0.7325066529400862 139.77288576821442
frame0486.jpg 0.9198912429058644 -0.7325433606180685 140.1971814014025
frame0487.jpg 0.9199139649597452 -0.7325589138675046 140.23230671672786
frame0488.jpg 0.9187627095195005 -0.7319349027041939 139.7210387033303
frame0489.jpg 0.9193213169130272 -0.7322122532985968 139.47771366448407
frame0490.jpg 0.919608745012277 -0.7323539049055341 139.51711355017656
