frame0000.jpg 0.0 0.0 -0.0
frame0001.jpg -0.00012593575274808037 -2.1481774030235323e-05 0.09590532452414137
frame0002.jpg 0.0007796978378876088 0.00010098023834698992 0.049291299744778236
frame0003.jpg 0.00010474065700234633 3.507287071406678e-05 -0.018309240900661102
frame0004.jpg 0.0009111152358051693 0.00012525990132009822 0.04072638734608389
frame0005.jpg 0.0004263867627795252 4.616665097109209e-05 0.018957144709407958
frame0006.jpg 0.0008647260511909546 0.00012526376880445426 -0.010997060002484807
frame0007.jpg 0.0005492393630607324 6.489729508191749e-05 0.06439876154738948
frame0008.jpg 0.0011808587620353414 0.00015895941515306218 -0.05248976239085655
frame0009.jpg 0.0009958164381333524 0.0001420798353367741 0.006881065230766689
frame0010.jpg 0.00046233320297871933 6.0527046523959305e-05 -0.059753818862134364
frame0011.jpg 0.000245516807847416 -1.9866305848428034e-06 -0.022356425537531772
frame0012.jpg 0.0007799359804129254 0.00011917686357253703 0.013663355886364534
frame0013.jpg 0.00109301783437029 0.00016196314883498838 -0.032655646599019095
frame0014.jpg 0.0010662519156215628 0.00015765360010852863 -0.043124700651804376
frame0015.jpg 0.0007575849096650717 0.00010906182404298896 -0.0028856615144672807
frame0016.jpg 0.0005371068150665746 5.307473103710324e-05 -0.020851528389472625
frame0017.jpg 0.0005371068150665746 5.307473103710324e-05 -0.020851528389472625
frame0018.jpg 0.0005218913036172937 5.224194051848093e-05 -0.01893933224191436
frame0019.jpg 0.00044527451928824766 5.325721440365846e-05 -0.009952982759629612
frame0020.jpg 0.0009519351038278547 0.00011730318083650488 -0.01956865272958435
frame0021.jpg 0.0006774692235363997 8.048940915477313e-05 -0.02771126644049097
frame0022.jpg 0.000716715905118249 9.735511144444836e-05 -0.015668035140492458
frame0023.jpg 0.0005358949671664712 6.293823071352339e-05 -0.013808458543080541
frame0024.jpg 0.00044095405868058163 5.0272228341956e-05 0.013602750407825584
frame0025.jpg 0.0009552290900583401 0.00015108298426834324 0.0047192161506061
frame0026.jpg 0.0008777881944442111 0.0001322458950507645 -0.003895529395013357
frame0027.jpg 0.00014405846753169266 2.2546609244987485e-05 -0.034552487525683226
frame0028.jpg 0.0004013582870326768 6.061644464507269e-05 -0.0436728092692011
frame0029.jpg 0.00019651381110377135 3.683310440405071e-05 -0.04606994245102235
frame0030.jpg -0.0002769339377168021 -8.238939130525328e-05 0.03922174773539962
frame0031.jpg 0.00016836161719305817 -8.442662438960428e-06 0.020324702779593824
frame0032.jpg 0.00044695330410126125 2.103644888765401e-05 0.0318363556244914
frame0033.jpg 0.00030780653677794646 -1.079871064872277e-05 -0.01478598603089464
frame0034.jpg -0.00012756458117694716 -4.84429307681173e-05 0.024729858606202054
frame0035.jpg -0.0002875700700476322 -7.978347704825624e-05 0.062169160935810173
frame0036.jpg -0.0002862077452572849 -7.856165400840938e-05 0.06546310843230453
frame0037.jpg 0.00018675542204278883 -1.4725544962877292e-05 -0.02194681241606309
frame0038.jpg 0.0009980213888925364 0.0001035341721082376 0.07077660111644875
frame0039.jpg 0.0011968734159272893 0.00012080263625515915 -0.013917576371485257
frame0040.jpg 0.001223864308825151 0.00016413911204725547 0.09693911957763716
frame0041.jpg 0.0010145498960073148 0.0001353251546369295 0.11866198945151955
frame0042.jpg 0.00141483790878745 0.00017782562237543108 0.021486700506580445
frame0043.jpg 0.0008145311639788784 5.757475507675911e-05 0.13041930059065548
frame0044.jpg 0.0006320216991839848 4.874022259650603e-05 0.03425200634697948
frame0045.jpg 0.0011534216542689454 0.0001369736454599269 0.023120679967395936
frame0046.jpg 0.0011763663149906016 0.0001313838956590858 0.03402773694214571
frame0047.jpg 0.0008781006362666438 8.88139616913756e-05 0.05661879961109763
frame0048.jpg 0.00045276516201936737 5.4956188769461854e-05 0.10834599527763207
frame0049.jpg 0.0006158197309258798 3.852924514388518e-05 0.08260364423458957
frame0050.jpg 0.0009445313531620891 9.22143093561042e-05 0.08973322768489955
frame0051.jpg 0.0007786845824952827 8.727840464317945e-05 -0.0029803200436986444
frame0052.jpg 0.0006617892492399615 7.214434290184294e-05 0.0601386966339988
frame0053.jpg -8.490676758127926e-05 -6.184407603106745e-05 0.10897530105343012
frame0054.jpg 0.00020523631989949304 1.4929179658247167e-05 0.027081439926596604
frame0055.jpg 0.0007496717475732775 9.045972517028014e-05 0.017885572330695303
frame0056.jpg 0.0009439656166426473 0.00012906130138244673 0.01075503298363192
frame0057.jpg 0.0006548605313181506 8.514577139193512e-05 0.027623028474654858
frame0058.jpg 0.0002517707381778304 -2.061079084765774e-06 0.029497616634002136
frame0059.jpg -0.00023570903113329726 -6.208531482223299e-05 0.0749277921592151
frame0060.jpg 0.0006541722563057835 0.00011278573130186597 0.0074090858357751845
frame0061.jpg 0.0003679729113939397 3.546350472507952e-05 -0.06830199332416748
frame0062.jpg 1.9042606816451208e-05 9.980951639111872e-06 0.0022944301880984826
frame0063.jpg 0.0001965938791757512 8.931542637439557e-05 0.07691254079535954
frame0064.jpg -0.0008063202527841156 -0.00012039799703782775 -0.04235663403858912
frame0065.jpg -0.0008137457581311128 -0.0001214819558818508 -0.04246599798017253
frame0066.jpg 0.0006872303693023177 8.157728080397905e-05 -0.12232594759375018
frame0067.jpg 0.00030687816184895276 6.61723068033717e-05 -0.09054583191894748
frame0068.jpg 0.00012569318877975324 1.244576512381623e-05 -0.046439902589143184
frame0069.jpg -0.00011505687908426722 -4.0706477390318235e-05 -0.07427158582989164
frame0070.jpg 0.0004742056501751768 8.02364369273806e-05 -0.006210617071144116
frame0071.jpg 0.00042849111591954987 6.546402919379657e-05 -0.02463489744614953
frame0072.jpg 3.6372700506237906e-05 -1.4924184765510674e-05 0.044416652352862115
frame0073.jpg 3.584384552472404e-05 -1.5003494412221267e-05 0.044625977914731364
frame0074.jpg 0.0004876880655684586 7.116919466177377e-05 -0.005512589261888752
frame0075.jpg 0.0004438715771990892 5.427831222298821e-05 0.00014848701291934993
frame0076.jpg -4.674144493157997e-05 -3.3986719904685496e-05 0.029651315139197026
frame0077.jpg -0.00017553071502609855 -4.57787043179909e-05 0.038548326799862934
frame0078.jpg 0.00035279681419989934 1.8760275036765244e-05 -0.024195706097358757
frame0079.jpg -8.132383014694397e-06 -8.376531823356157e-06 -0.032989273183729684
frame0080.jpg -5.192856906732092e-05 -3.350798347289195e-05 0.02613809930960836
frame0081.jpg 0.0004976471671073661 5.622720119571257e-05 -0.03125160374727411
frame0082.jpg 0.0005744191656189145 9.402007893973532e-05 0.01656569022657706
frame0083.jpg 0.0008676607379853482 0.00015185357305629873 -0.026150095337143017
frame0084.jpg 0.0006342694328320331 8.567145153898331e-05 0.0022209858060785225
frame0085.jpg 0.0006141178500369753 9.16594845072572e-05 -0.0021974553242492577
frame0086.jpg 0.0003874338867544545 3.1656721614516266e-05 0.0037825609323361093
frame0087.jpg 0.0002861100958000862 1.1419329676521034e-07 -0.013233988253614413
frame0088.jpg 0.001368243673856314 -0.0001364390655505064 -0.060324146931300976
frame0089.jpg 0.001368243673856314 -0.0001364390655505064 -0.060324146931300976
frame0090.jpg 0.004273634083052708 -0.0014940699676733147 -0.086913240767584
frame0091.jpg 0.005373116138794116 -0.003956778762977347 -0.34568711067144364
frame0092.jpg 0.007308410311608689 -0.006854711106786418 -0.4845794828316704
frame0093.jpg 0.00919384310249352 -0.010310733780296798 -0.6691346352394589
frame0094.jpg 0.012982608510697623 -0.014013591092079586 -0.9684508250418324
frame0095.jpg 0.016187551183205424 -0.018358791741237918 -1.2211102290453684
frame0096.jpg 0.014537363444319775 -0.023561305810656758 -1.6468782156360555
frame0097.jpg 0.0167765404890062 -0.02842197185261745 -1.98535318555898
frame0098.jpg 0.01989188885158632 -0.0333516049214312 -2.3838560318954523
frame0099.jpg 0.021671672602794703 -0.03923566456232006 -2.7640832125132078
frame0100.jpg 0.020804689848976862 -0.04555637718558125 -3.236808144122638
frame0101.jpg 0.015977948634484682 -0.051878610850410914 -3.383132235242996
frame0102.jpg 0.016683447656123063 -0.057695801611335376 -3.8989812175432257
frame0103.jpg 0.017189442223597914 -0.06992668517819514 -4.709103765055129
frame0104.jpg 0.017186067529578998 -0.06993315204302182 -4.705317712153233
frame0105.jpg 0.016274150079262417 -0.08229223579014969 -5.51069666236058
frame0106.jpg 0.017836793269599957 -0.0887896430845467 -6.147227125614354
frame0107.jpg 0.01092521983518585 -0.09593443758619001 -6.480675887520758
frame0108.jpg 0.01289140283833652 -0.10199989624858018 -7.164087749873973
frame0109.jpg 0.015459862438870103 -0.1082260736293362 -7.621664949507504
frame0110.jpg 0.015178827572174284 -0.11473840541240747 -8.081987300791036
frame0111.jpg 0.012691954887106765 -0.12159219727497528 -8.772144397216643
frame0112.jpg 0.009651946521602492 -0.12826658911064162 -9.153415726789651
frame0113.jpg 0.009651946521602492 -0.12826658911064162 -9.153415726789651
frame0114.jpg 0.007355583613252122 -0.13466653830246655 -9.576296846622157
frame0115.jpg 0.005857311174213725 -0.14116357286535794 -10.15787367995864
frame0116.jpg 0.0015918989949250742 -0.14787113383465253 -10.828528403011818
frame0117.jpg 0.001708747879768116 -0.15394739203841307 -11.328699290794553
frame0118.jpg 0.00022323085010493568 -0.16033881015876508 -11.931289407651546
frame0119.jpg 0.0013655637186635314 -0.16688992015188847 -12.525884057978274
frame0120.jpg -0.0008728163846019737 -0.17344990465181898 -12.658727470449081
frame0121.jpg 0.0027196016612379137 -0.17981117694395524 -13.443240023572734
frame0122.jpg -0.002556332803384825 -0.1865341783732364 -13.489673515118316
frame0123.jpg -0.006740661156665675 -0.1927350677374496 -6.910522904586703
frame0124.jpg -0.00871595968367591 -0.19919852383631576 -8.295589492804435
frame0125.jpg -0.017422610772430847 -0.20541600114339628 -14.808538470222004
frame0126.jpg -0.01837709157133722 -0.21152307111357893 -15.116940622278207
frame0127.jpg -0.017562530802366645 -0.2252823099048105 -15.98643300258857
frame0128.jpg -0.01867992700468582 -0.2314018498167923 -16.465117934744626
frame0129.jpg -0.022195329349804976 -0.2376472998417809 -17.08090627699079
frame0130.jpg -0.025829567203145304 -0.24391832128273014 -17.507692005093816
frame0131.jpg -0.02782809189210572 -0.2501003221356992 -18.013611045609537
frame0132.jpg -0.02868948639215263 -0.2566156738550687 -18.41887048530816
frame0133.jpg -0.03371778269568939 -0.26283602229239394 -18.661151545789437
frame0134.jpg -0.033940734146605256 -0.2692419666280888 -19.159940798566197
frame0135.jpg -0.04010771739163628 -0.2751449867047573 -19.654463376425838
frame0136.jpg -0.04517648686769112 -0.2807395331124299 -20.23192536093336
frame0137.jpg -0.0451186385384782 -0.2807436116682417 -20.274865840935433
frame0138.jpg -0.04535792725458257 -0.28681415315935105 -20.707857657402485
frame0139.jpg -0.04634541293056449 -0.29347569753716146 -21.273476870689194
frame0140.jpg -0.05545511522728454 -0.29875395177202096 -21.822487243998637
frame0141.jpg -0.05198292353091565 -0.3051582286346953 -21.8256873423735
frame0142.jpg -0.05538498524395448 -0.3112768919523582 -22.286502080117486
frame0143.jpg -0.05528027297536 -0.3178064495894973 -23.053079992334347
frame0144.jpg -0.060721411289427374 -0.3236640751806386 -23.432415983841338
frame0145.jpg -0.0641199966066516 -0.32964382601586895 -24.076129769366446
frame0146.jpg -0.0665298941662437 -0.3358666088658173 -24.470703742554633
frame0147.jpg -0.0714363731739341 -0.34158606077681003 -24.81190194383595
frame0148.jpg -0.07366358534996324 -0.34770920913267217 -25.328721498704965
frame0149.jpg -0.07738637750449145 -0.35378898002514403 -25.55293935349283
frame0150.jpg -0.07974400761371819 -0.35978003303567185 -26.195877707206307
frame0151.jpg -0.08203611362053043 -0.3659840151676855 -26.868631875830204
frame0152.jpg -0.0883612562315794 -0.3714663000184603 -27.22347228327277
frame0153.jpg -0.08947496377090791 -0.3777212671909107 -27.875298554048754
frame0154.jpg -0.10126412490681017 -0.38886202560960215 -28.743255418093327
frame0155.jpg -0.1055415646677542 -0.3942024997411569 -29.277835221299938
frame0156.jpg -0.1021540204084206 -0.40161304187516617 -29.56919850711273
frame0157.jpg -0.10922013862947172 -0.4071425394589586 -30.080952576451295
frame0158.jpg -0.11812506355731507 -0.4112283450464588 -30.350200613858988
frame0159.jpg -0.12033749971610636 -0.4167577081444788 -31.085132001647878
frame0160.jpg -0.12270246135863785 -0.4228575449757415 -31.539840484648607
frame0161.jpg -0.12270246135863785 -0.4228575449757415 -31.539840484648607
frame0162.jpg -0.1290828084822003 -0.4275356482586846 -31.936494098662706
frame0163.jpg -0.12984793813131465 -0.4337339429873483 -32.31138908787386
frame0164.jpg -0.1389584191087789 -0.4379098783933524 -32.81949332318925
frame0165.jpg -0.13852018410934133 -0.444302950348346 -33.17956042322271
frame0166.jpg -0.14259799337086124 -0.44979017597210025 -33.697920499284635
frame0167.jpg -0.14868549267283762 -0.4543275222918271 -34.34739328243148
frame0168.jpg -0.14902418855599478 -0.4605774446130821 -34.76696657422434
frame0169.jpg -0.15135724197078965 -0.4668495914706374 -35.180953146146976
frame0170.jpg -0.1587302696984356 -0.4712874110078446 -35.55449401679732
frame0171.jpg -0.1610247243298255 -0.476805765399393 -35.92341114986715
frame0172.jpg -0.16481314664736166 -0.48222626694569903 -36.35463354324452
frame0173.jpg -0.17039815863747682 -0.4871889252874636 -36.87635997440151
frame0174.jpg -0.1747852289600106 -0.4923572108954047 -37.48906550293617
frame0175.jpg -0.1848370185020624 -0.5022818092545996 -38.57463057398252
frame0176.jpg -0.18752337843843564 -0.5080245009328614 -38.851661574564844
frame0177.jpg -0.1925951331816033 -0.5130014528168463 -39.32201569875838
frame0178.jpg -0.19712493835550732 -0.5178895153932737 -39.87473309037762
frame0179.jpg -0.20413688904567892 -0.5218189651159119 -40.30653223296622
frame0180.jpg -0.20581645256813047 -0.5280159008377558 -40.73855695717083
frame0181.jpg -0.2135408489341332 -0.5315338914532522 -41.177345887899605
frame0182.jpg -0.2207296152232188 -0.5352908459935342 -41.65511946240787
frame0183.jpg -0.22069955361579294 -0.5418614122402723 -41.93763899781396
frame0184.jpg -0.2267986540329207 -0.5464129722334989 -42.61305323356362
frame0185.jpg -0.2262677550908112 -0.546639034547586 -42.50077838553199
frame0186.jpg -0.2352757717279382 -0.5494281247633085 -42.7786566794212
frame0187.jpg -0.23693912699535605 -0.5550732287017806 -43.314956283114896
frame0188.jpg -0.24178763711831425 -0.559846840372985 -43.675047621916065
frame0189.jpg -0.2493453375328258 -0.5631532483310165 -44.19812278112619
frame0190.jpg -0.25029110468843674 -0.5693352479075937 -44.60285216625198
frame0191.jpg -0.2572666929728605 -0.5730451623231582 -45.0830445942529
frame0192.jpg -0.26210803132684984 -0.5776300085718624 -45.53527180857378
frame0193.jpg -0.26568276113045525 -0.5830350715484837 -46.05273118989652
frame0194.jpg -0.2715667655443391 -0.5871181613025412 -46.46254468975661
frame0195.jpg -0.2791607233190045 -0.5903814226647015 -46.92382051932083
frame0196.jpg -0.28099667171496145 -0.5966426385025111 -47.30964166719082
frame0197.jpg -0.2919258440184199 -0.598073790399239 -47.83255948671439
frame0198.jpg -0.29679472331388657 -0.6019944932477588 -48.58666399662576
frame0199.jpg -0.2975599944682563 -0.608508891458705 -48.8104304597104
frame0200.jpg -0.3051386105040773 -0.6119764060109996 -49.30080541585875
frame0201.jpg -0.3187418009866885 -0.6188537936266163 -50.19483876519229
frame0202.jpg -0.32514495989364023 -0.6218472229081405 -50.73841639553552
frame0203.jpg -0.3268936017488581 -0.6275486062096861 -51.30114421930267
frame0204.jpg -0.33312713624582874 -0.6311916441001609 -51.69529852619104
frame0205.jpg -0.3401563945093129 -0.634074919849531 -52.06589817112791
frame0206.jpg -0.34376557598544893 -0.6389721456998259 -52.497849456012375
frame0207.jpg -0.3489010113432882 -0.643342159645487 -52.954060312949764
frame0208.jpg -0.35598828231386404 -0.6460829532731373 -53.4784556261132
frame0209.jpg -0.3565192076450248 -0.6457515957430606 -53.58492904123267
frame0210.jpg -0.3609392838798271 -0.6502413855389984 -53.99382558322179
frame0211.jpg -0.3666647657236667 -0.6539572016804829 -54.48434456223055
frame0212.jpg -0.3719755015204771 -0.6578212667067607 -54.784114626765756
frame0213.jpg -0.3781807857057541 -0.6607822231169019 -55.18422632097986
frame0214.jpg -0.3824674475565314 -0.6652425688956671 -55.65899988216535
frame0215.jpg -0.3891244547785405 -0.6683166322301881 -56.17524906470237
frame0216.jpg -0.3940570197662945 -0.6725804443293699 -56.56217048544033
frame0217.jpg -0.4006364107135061 -0.6755115505422736 -57.21355711896365
frame0218.jpg -0.4086538608780848 -0.6772550302796899 -57.628586324173625
frame0219.jpg -0.4136029703998312 -0.6809659377689242 -58.064938815294624
frame0220.jpg -0.4180642735471578 -0.6855764322837953 -58.36919259893767
frame0221.jpg -0.4266281455171497 -0.6867837308111073 -58.92325777875021
frame0222.jpg -0.4326314870452583 -0.6895790207677193 -59.25726174496236
frame0223.jpg -0.43594965125340895 -0.6949559668638637 -59.92050110481546
frame0224.jpg -0.45034639754755856 -0.699056017324321 -60.8227198699816
frame0225.jpg -0.4551515336447479 -0.7029445965074278 -61.38624642208856
frame0226.jpg -0.4603250807515458 -0.7067526117233099 -61.643766581148896
frame0227.jpg -0.4688875319128318 -0.7077494053812621 -62.06322191533161
frame0228.jpg -0.4726830789235108 -0.7122554372314929 -62.67849398403001
frame0229.jpg -0.4815646636209535 -0.7129692717025812 -63.059034144549855
frame0230.jpg -0.4858829837899529 -0.717279783016735 -63.47571044954816
frame0231.jpg -0.4937480863954207 -0.7189515795460422 -63.90010128650886
frame0232.jpg -0.4990313656040353 -0.7222115333887955 -64.31226509480035
frame0233.jpg -0.4989765076910304 -0.7222577662803459 -64.29789243562823
frame0234.jpg -0.5063523018468569 -0.7237482920987809 -64.74295734317667
frame0235.jpg -0.5106891605656529 -0.7281786935149366 -65.0892766823186
frame0236.jpg -0.5191706491600672 -0.7286123526637239 -65.84465785503181
frame0237.jpg -0.5251390906623988 -0.7314531036727254 -66.14070076630571
frame0238.jpg -0.5315826709651056 -0.7338550677741282 -66.65050414101364
frame0239.jpg -0.5388086590960421 -0.7354560991430629 -67.24111624257517
frame0240.jpg -0.5417347826508805 -0.7415041737643158 -67.53343239612752
frame0241.jpg -0.5511607371882462 -0.7410553983393574 -68.06857682460935
frame0242.jpg -0.5567915800987401 -0.7438447704544195 -68.66450205147282
frame0243.jpg -0.5626888892780902 -0.746864512874596 -69.11783489010355
frame0244.jpg -0.5723644067204195 -0.7459741439588371 -69.54149661560126
frame0245.jpg -0.5773988045569007 -0.7490063912376709 -70.07915402331798
frame0246.jpg -0.5814260456659441 -0.7538777011896582 -70.2623290777899
frame0247.jpg -0.5910484485052245 -0.7525228063547034 -70.81985080424226
frame0248.jpg -0.6031147239390418 -0.7570437661029296 -71.89850941805605
frame0249.jpg -0.6109228857646444 -0.757118068319913 -72.32636837099284
frame0250.jpg -0.6166585532968669 -0.7593317214569827 -72.84565141961099
frame0251.jpg -0.6237760119668427 -0.7605529002414965 -73.09424630510983
frame0252.jpg -0.6308315174256245 -0.7613686959784485 -73.69399535644493
frame0253.jpg -0.6360692594894607 -0.7640164277624866 -74.20916250625567
frame0254.jpg -0.6423305940987332 -0.7663851717049288 -74.58565346114915
frame0255.jpg -0.650321984127323 -0.7662082033862346 -75.01738892696721
frame0256.jpg -0.6556880909756891 -0.7685419896316451 -75.7293085507057
frame0257.jpg -0.6553357880832376 -0.7689646100268255 -75.67028278092783
frame0258.jpg -0.6631604503670515 -0.7683752918233301 -75.95222781835133
frame0259.jpg -0.6686188696478761 -0.7713462089242312 -76.49737756351436
frame0260.jpg -0.6764441618616575 -0.7700857883459022 -76.89404931916835
frame0261.jpg -0.6819751975559336 -0.7717640467353734 -77.48607188689562
frame0262.jpg -0.689263790487698 -0.7717272590960458 -78.1168172478117
frame0263.jpg -0.6940924811692958 -0.7753098653345237 -78.3669729596794
frame0264.jpg -0.7011393819450832 -0.7749428224109699 -78.85704256983405
frame0265.jpg -0.7065581983484917 -0.7771528942811663 -79.54116480543371
frame0266.jpg -0.7133177815778609 -0.7777510584016446 -79.84608006289255
frame0267.jpg -0.7202122905915788 -0.7782084241292684 -80.55527557504365
frame0268.jpg -0.7272119766191667 -0.7779842777876677 -81.16232670819295
frame0269.jpg -0.732910008755056 -0.7795039005969528 -81.66240458767504
frame0270.jpg -0.7396329909694015 -0.7799076838417968 -82.23966051194145
frame0271.jpg -0.7465053406775325 -0.7805842043312508 -82.74189345860663
frame0272.jpg -0.7600357077869897 -0.7808659269450919 -83.6944760816375
frame0273.jpg -0.7666277432461824 -0.7816337915194164 -84.2085820948842
frame0274.jpg -0.7665907345967646 -0.7816931722655697 -84.1875502952351
frame0275.jpg -0.7794584006816507 -0.7832053237764727 -84.98792376929487
frame0276.jpg -0.7867959132998744 -0.7825409428281243 -85.66447995564118
frame0277.jpg -0.7942543827549791 -0.7804189062810178 -85.9729165280674
frame0278.jpg -0.7999617847513876 -0.7818729361879255 -86.5195477691828
frame0279.jpg -0.8065272552430699 -0.7823230015134794 -86.97805525915231
frame0280.jpg -0.8132892130871117 -0.7823953500678617 -87.39275986675028
frame0281.jpg -0.8132723122154062 -0.7823807451008525 -87.43527678577806
frame0282.jpg -0.8206292008339597 -0.7806128276507697 -87.99563694792539
frame0283.jpg -0.8279631112564408 -0.7786142164128627 -88.56244353012613
frame0284.jpg -0.8332309141864803 -0.7806891465503275 -88.9145631923846
frame0285.jpg -0.8382903867025399 -0.7843742257909927 -89.36702310485282
frame0286.jpg -0.8478804291959121 -0.7781700767022119 -89.7979473785636
frame0287.jpg -0.8535133578560516 -0.7800533864811134 -90.42733512020402
frame0288.jpg -0.8608209262976949 -0.7785678803456241 -90.95158623878831
frame0289.jpg -0.8675989940009102 -0.7781922255574256 -91.37234655759158
frame0290.jpg -0.8743399712689409 -0.7772813642662041 -91.87416049891982
frame0291.jpg -0.8814442812324043 -0.7752165245890492 -92.35158404030926
frame0292.jpg -0.8876128352064604 -0.7757778596901671 -92.51438991508462
frame0293.jpg -0.8938075843313101 -0.7756146340813529 -92.78594507156703
frame0294.jpg -0.9010460316025444 -0.7729867117583181 -93.52957245991541
frame0295.jpg -0.9143963041355254 -0.7717217085452287 -94.40922382051207
frame0296.jpg -0.9143198381195878 -0.771921660932904 -94.38717409690844
frame0297.jpg -0.9277075152422628 -0.7698884344786758 -95.37412941512991
frame0298.jpg -0.9342028456958902 -0.7687833281032103 -95.80587643043117
frame0299.jpg -0.9407735500743812 -0.7690538196120569 -96.27970503884586
frame0300.jpg -0.9477454102349886 -0.7679039128946491 -96.72526917326894
frame0301.jpg -0.954528856271534 -0.7650497076404061 -97.36321031093672
frame0302.jpg -0.9604960784867748 -0.766404225173629 -97.51402133783006
frame0303.jpg -0.9678603533571802 -0.7643241460950699 -98.05379049848932
frame0304.jpg -0.974308258026046 -0.7625648966681571 -98.41033551048747
frame0305.jpg -0.974329474672256 -0.7624104824945679 -98.53527737136176
frame0306.jpg -0.9809264963938488 -0.7616645156674481 -98.80670998148759
frame0307.jpg -0.9878949420270584 -0.7593478418205152 -99.18544457015929
frame0308.jpg -0.9946849980499222 -0.7566296232186586 -99.68991976750067
frame0309.jpg -1.001054876235948 -0.7554059207889633 -100.03682449102229
frame0310.jpg -1.007655553074251 -0.7535401673479947 -100.56529433756481
frame0311.jpg -1.0138150718139471 -0.7531293143218151 -101.12766952610735
frame0312.jpg -1.0206871956756691 -0.7519274489233913 -101.40886087851953
frame0313.jpg -1.0272997814593587 -0.7494025254715025 -101.97776057554756
frame0314.jpg -1.0333782761601735 -0.7483427388897899 -104.48935401114974
frame0315.jpg -1.0394656854937994 -0.7481722372916637 -102.84633826089697
frame0316.jpg -1.045871865593964 -0.7477492106979399 -104.75576012814801
frame0317.jpg -1.0521865587488453 -0.7444873530314379 -103.81829799769918
frame0318.jpg -1.0587205018927597 -0.7428984590187049 -104.60884420492431
frame0319.jpg -1.0651947369755297 -0.7410788092347845 -105.27660281571414
frame0320.jpg -1.078836356973068 -0.7326897101537171 -107.154558767606
frame0321.jpg -1.0788476256512889 -0.7326192983221893 -107.16501666082803
frame0322.jpg -1.091339340959639 -0.7290693559583822 -106.69761231080352
frame0323.jpg -1.0978490243181174 -0.7258675266004118 -107.29825781723218
frame0324.jpg -1.1038757408899742 -0.7225883346471504 -107.48662682435824
frame0325.jpg -1.1101689351800834 -0.7190714426107951 -107.70604787177709
frame0326.jpg -1.1166142954692055 -0.7162437048227459 -108.50280495141791
frame0327.jpg -1.1227768578990625 -0.7169021314581713 -109.3306845018545
frame0328.jpg -1.1288259273529182 -0.7147226360683159 -109.6786981352652
frame0329.jpg -1.1288400943816599 -0.7147752977362505 -109.68828877038419
frame0330.jpg -1.1348392798253035 -0.7091569321340021 -110.0910382987131
frame0331.jpg -1.1409434630573303 -0.70700502298453 -110.52017692712718
frame0332.jpg -1.1479511080928426 -0.7144969182591743 -110.12977319921418
frame0333.jpg -1.1534285993143076 -0.7032694925503332 -111.1008988377703
frame0334.jpg -1.1592895894041426 -0.7000867033857989 -111.92937385720185
frame0335.jpg -1.1654384677229064 -0.6972736143869538 -112.4098036176799
frame0336.jpg -1.171242554251062 -0.6908633766626051 -112.96833964582774
frame0337.jpg -1.1773179736442807 -0.6903783316678533 -113.90959576850238
frame0338.jpg -1.1829295189934972 -0.6857783572359513 -113.79406684995743
frame0339.jpg -1.1892399065673294 -0.6837378215797585 -113.9636775927546
frame0340.jpg -1.194613549116364 -0.6796704049874139 -114.45408168341655
frame0341.jpg -1.200538028079551 -0.6774116069860636 -114.99833198659275
frame0342.jpg -1.2067406717877796 -0.6740784532370636 -115.20439037382201
frame0343.jpg -1.2128230445845272 -0.6706878928793519 -115.93252250194269
frame0344.jpg -1.2240511524966062 -0.6652201458257734 -116.82086324729488
frame0345.jpg -1.2295735616295216 -0.6619616711810421 -117.17374368818989
frame0346.jpg -1.2351822803454702 -0.657852783622072 -117.72747598296218
frame0347.jpg -1.2409632155252883 -0.6538330003961852 -118.3999964944883
frame0348.jpg -1.246814898517223 -0.6514674613573506 -118.67380786470113
frame0349.jpg -1.2524758889588683 -0.647704141838116 -119.1601519866424
frame0350.jpg -1.2582902563861886 -0.6435290151361024 -119.65232762450313
frame0351.jpg -1.26356430039072 -0.6400031924300036 -120.11019954155773
frame0352.jpg -1.2687919630869189 -0.6351819202739327 -120.30487969359075
frame0353.jpg -1.2687852194961524 -0.63517972028566 -120.29657377955692
frame0354.jpg -1.2747138290048639 -0.6323934099450077 -121.07051385697719
frame0355.jpg -1.2798987476431118 -0.6281251409303876 -121.59818965467946
frame0356.jpg -1.2849007508579346 -0.6242683039856121 -121.99823543097625
frame0357.jpg -1.290014326510614 -0.6199566364310598 -122.72766744495581
frame0358.jpg -1.2956661599735728 -0.6168703360318077 -122.96828324412232
frame0359.jpg -1.3010610696387088 -0.6129418544404683 -123.27910738848828
frame0360.jpg -1.3056120571808023 -0.6081000262779328 -123.84297713227718
frame0361.jpg -1.3106114221828555 -0.6037414121344141 -124.46466010014348
frame0362.jpg -1.3167648035594095 -0.6005328619487154 -124.76939538148198
frame0363.jpg -1.3210002787894428 -0.5945485655459422 -125.5181038589864
frame0364.jpg -1.3265500408964341 -0.5912535388176869 -125.78519958358197
frame0365.jpg -1.33284831183226 -0.58865312521369 -125.96783232518399
frame0366.jpg -1.3373887086942826 -0.5828686967155379 -125.53863909509681
frame0367.jpg -1.3423676214972209 -0.5789991604952587 -127.12382377759872
frame0368.jpg -1.3525644309472469 -0.5695681585024006 -126.72309201096454
frame0369.jpg -1.357075429513616 -0.5648929198057513 -128.71330419343082
frame0370.jpg -1.3617712680980818 -0.5601289982821521 -129.18887570762226
frame0371.jpg -1.366708642877534 -0.5559202637213361 -129.74640730352937
frame0372.jpg -1.3722896338967712 -0.5519950863206099 -128.65827805726852
frame0373.jpg -1.3769853843391795 -0.5471331237222479 -130.5921623913671
frame0374.jpg -1.3815100327330097 -0.5423484348062417 -131.08383377144887
frame0375.jpg -1.3864931130376588 -0.5381901110037541 -129.82964302118785
frame0376.jpg -1.3900611941910503 -0.532308374582607 -132.34179106218517
frame0377.jpg -1.39058937684372 -0.5329512002317893 -132.27715286291726
frame0378.jpg -1.3945231071642945 -0.5273571843926728 -132.49330785904567
frame0379.jpg -1.3998698964061111 -0.5242618987941481 -132.7934893829647
frame0380.jpg -1.4028516343055777 -0.5181563099783062 -133.6145317371754
frame0381.jpg -1.4091256276012407 -0.5150766971043981 -133.8997030801591
frame0382.jpg -1.4129960206181351 -0.5097080105682752 -134.3258204238084
frame0383.jpg -1.416551277173262 -0.5041542032835784 -134.9885220032738
frame0384.jpg -1.4251496768318301 -0.5031045635278683 -132.79622168312747
frame0385.jpg -1.426252932955112 -0.4950406110426463 -135.7650498736915
frame0386.jpg -1.430158577276253 -0.4894437830174501 -136.62474799763973
frame0387.jpg -1.4366739087290334 -0.4861166479762039 -134.0013327817764
frame0388.jpg -1.4391298997627142 -0.4798317210099663 -134.572296335382
frame0389.jpg -1.4445325285664548 -0.4752112498242667 -135.30815778593288
frame0390.jpg -1.45079116121567 -0.4633281834626911 -139.02954149189713
frame0391.jpg -1.45079116121567 -0.4633281834626911 -139.02954149189713
frame0392.jpg -1.4562805492054094 -0.4589126629603751 -136.43453786386752
frame0393.jpg -1.464222865949003 -0.4476590644682708 -140.28731701897553
frame0394.jpg -1.4645632067874177 -0.44790624494691145 -140.24225050393227
frame0395.jpg -1.4730687959284183 -0.4370092499109143 -138.03479129375503
frame0396.jpg -1.480089673950847 -0.4337951551302307 -140.19225046733231
frame0397.jpg -1.482614426647337 -0.4274109666477341 -140.9954000774733
frame0398.jpg -1.4837105273601408 -0.4207140264478533 -142.24830599440273
frame0399.jpg -1.4883439813635737 -0.4158619526664276 -142.6391639432355
frame0400.jpg -1.4934040672046418 -0.41065801097456905 -139.98773290259982
frame0401.jpg -1.492211559252066 -0.4099393190925659 -140.00077983221485
frame0402.jpg -1.495305078665154 -0.40451978943958056 -140.3167332079004
frame0403.jpg -1.4989791012395417 -0.3990240955436317 -141.0014300708305
frame0404.jpg -1.5023682379439594 -0.3933225334102234 -141.38748980835751
frame0405.jpg -1.5052401877403594 -0.38743250117026895 -141.57568210748772
frame0406.jpg -1.5077261163512319 -0.3815828611034099 -145.79549853078308
frame0407.jpg -1.5100423292494871 -0.3757458785770116 -146.64578279311263
frame0408.jpg -1.5174392710786655 -0.3716316575170868 -143.04856674859974
frame0409.jpg -1.517458389834259 -0.3643405840641382 -147.55887830728432
frame0410.jpg -1.5237478818729064 -0.3595636524933017 -143.77804063569081
frame0411.jpg -1.527620399352233 -0.3545102678897044 -146.60619040895318
frame0412.jpg -1.5335944469262954 -0.34948424201992234 -146.0415823721878
frame0413.jpg -1.5308369065076195 -0.3411643355113757 -149.36726056119502
frame0414.jpg -1.5380266733405652 -0.3366838844917909 -148.12803424971264
frame0415.jpg -1.5375734384401056 -0.32977026271993715 -150.2618117228983
frame0416.jpg -1.5454157297882378 -0.3250533340808209 -148.25354589872626
frame0417.jpg -1.5478122772947904 -0.3117993277589246 -147.3042945828191
frame0418.jpg -1.5490979889068912 -0.3123728959021014 -150.4375957713898
frame0419.jpg -1.551640052719662 -0.299362859741685 -147.98369752772442
frame0420.jpg -1.5601675300797888 -0.2945316780886635 -150.1771037956627
frame0421.jpg -1.5577285591455032 -0.2872925403495689 -148.94565021136
frame0422.jpg -1.5638638438093346 -0.2823376236197691 -152.66624836554328
frame0423.jpg -1.5651984446274052 -0.2756285309464787 -149.84418241724842
frame0424.jpg -1.5663270555745772 -0.26925293885296314 -150.18886936819197
frame0425.jpg -1.5663974541899723 -0.2692531668444164 -150.2057301152766
frame0426.jpg -1.567003598147361 -0.2635171960801593 -155.31314899013026
frame0427.jpg -1.5710807563663556 -0.2575515055410273 -150.96352088363545
frame0428.jpg -1.574552447689172 -0.2511874337329389 -151.73006398400366
frame0429.jpg -1.5764548914690997 -0.2450043390306021 -151.93571196582488
frame0430.jpg -1.5838079325427843 -0.23969379581752626 -154.9729040497735
frame0431.jpg -1.5813037911759098 -0.23254057721440505 -152.97896151767188
frame0432.jpg -1.5878778203450448 -0.2267773981078071 -155.45724756086796
frame0433.jpg -1.5901859169980035 -0.2203687972229837 -155.9407867649771
frame0434.jpg -1.58654411365951 -0.21395569941639955 -159.13242894455138
frame0435.jpg -1.590593809642488 -0.20768797914521855 -158.95815210297815
frame0436.jpg -1.5972286912768934 -0.2005303247174643 -156.73476947303521
frame0437.jpg -1.5976283633856374 -0.19391592954977846 -158.22143806461926
frame0438.jpg -1.5980373685217457 -0.18759281398298536 -159.4652786467401
frame0439.jpg -1.6021904438888794 -0.1807481942446152 -158.7279561348376
frame0440.jpg -1.6049680576710486 -0.16772224469619154 -159.19057140031754
frame0441.jpg -1.6058169072331578 -0.16098539456314664 -158.85429775715062
frame0442.jpg -1.6012847327545336 -0.1614514031419697 -163.33272906226964
frame0443.jpg -1.6048018872430585 -0.1483948926214213 -164.330169165845
frame0444.jpg -1.610983594377852 -0.14142505471518113 -162.25885429685607
frame0445.jpg -1.6083631440848656 -0.1357466438142892 -164.99711423768727
frame0446.jpg -1.6117160035148468 -0.12891649597124485 -160.4210586738824
frame0447.jpg -1.6147684275741625 -0.12213141958574104 -161.57161991284374
frame0448.jpg -1.6158609072078496 -0.11609231878284387 -163.6345008857408
frame0449.jpg -1.61574230191168 -0.11611446158708374 -163.7368435706296
frame0450.jpg -1.6126607884501212 -0.11145738912874288 -162.35886741622326
frame0451.jpg -1.6123581075905715 -0.10766475455514768 -166.067163393534
frame0452.jpg -1.610851424695456 -0.10486295863212486 -165.9170427381464
frame0453.jpg -1.6094486179201537 -0.10280980979580716 -166.4160953055817
frame0454.jpg -1.6102275832482904 -0.10135477772620947 -167.4590632080383
frame0455.jpg -1.6092586022267388 -0.1008902710696617 -167.80618742831584
frame0456.jpg -1.6087993568164285 -0.10073786517085703 -167.96808411528397
frame0457.jpg -1.608816645947057 -0.10070798710619198 -168.13215540954081
frame0458.jpg -1.6085367357923992 -0.10100403060841424 -168.46725564280413
frame0459.jpg -1.6084073019674912 -0.10121635760006857 -168.13041706578815
frame0460.jpg -1.6097521046037682 -0.10102220624819047 -167.65284806914974
frame0461.jpg -1.6089447881351313 -0.10115900298724596 -168.0633868937463
frame0462.jpg -1.6118462458750336 -0.10057990107992998 -166.53697977036148
frame0463.jpg -1.611671724658126 -0.10059679615116374 -166.51034558118718
frame0464.jpg -1.6111869818595166 -0.10071181246234172 -166.61420288686128
frame0465.jpg -1.608179189802123 -0.10133169849507978 -168.420783169077
frame0466.jpg -1.6094655617242484 -0.10107828577554118 -167.9576251653941
frame0467.jpg -1.6114884027604808 -0.10065532569660318 -166.4460018347905
frame0468.jpg -1.6087825817662256 -0.10121452243148543 -168.2610661692145
frame0469.jpg -1.6092943970772702 -0.1011201532992273 -168.03335336894384
frame0470.jpg -1.6090266328946188 -0.10114348178225274 -168.16336119064536
frame0471.jpg -1.6112969967842377 -0.10065475734061002 -166.5628084646372
frame0472.jpg -1.6112846078674976 -0.10065201285033942 -166.59925590688283
frame0473.jpg -1.6112846078674976 -0.10065201285033942 -166.59925590688283
frame0474.jpg -1.6115264875728053 -0.1006331074432144 -166.51571524984692
frame0475.jpg -1.6114729977038025 -0.10063801093863156 -166.51658992913448
frame0476.jpg -1.609975482252048 -0.10096554275091202 -167.8660666531883
frame0477.jpg -1.6100928722332108 -0.10092522940976706 -167.70352606632028
frame0478.jpg -1.6094167122417926 -0.10106070902086177 -167.68569419030925
frame0479.jpg -1.6116815141445937 -0.10061115424664374 -166.51104180409988
frame0480.jpg -1.6096308293246375 -0.10104894211542476 -167.87653568398378
frame0481.jpg -1.6112429463290092 -0.10067968455516108 -166.84268985663692
frame0482.jpg -1.6112348214688763 -0.10067069754806346 -166.91041594547013
frame0483.jpg -1.6113788115257892 -0.10064843757046432 -166.83041880578514
frame0484.jpg -1.6085753809238927 -0.10121164175510312 -168.2813752680083
frame0485.jpg -1.6115833626108458 -0.1006121480363268 -166.64600013441571
frame0486.jpg -1.6093505595874582 -0.10109067408263084 -168.127357851724
frame0487.jpg -1.609006255550181 -0.10115746332292486 -168.24750105942738
frame0488.jpg -1.6119743983778896 -0.10053002506067428 -166.44391527758918
frame0489.jpg -1.6105299112906215 -0.10084161871581032 -167.64165671062497
frame0490.jpg -1.611872775287858 -0.1005348455489214 -166.33769478983683
frame0491.jpg -1.6110794751182722 -0.10071722471044893 -167.27879912067095
frame0492.jpg -1.6106067667221022 -0.1007938372209019 -166.98874063393112
frame0493.jpg -1.6106609510530032 -0.10080702345089072 -167.2213311857497
frame0494.jpg -1.6096769052092317 -0.10103816711196822 -167.71928903542573
frame0495.jpg -1.6099131721169695 -0.10096417245292684 -167.60743350440097
frame0496.jpg -1.6110881462490434 -0.10075016772333306 -167.3142266011521
frame0497.jpg -1.6111594436072525 -0.10073293815538753 -167.2520529645778
frame0498.jpg -1.6100258614466267 -0.10094159248643786 -167.61387440227278
frame0499.jpg -1.6100681803603163 -0.10097727934289036 -167.85218521383663
frame0500.jpg -1.6094620031567035 -0.10104022842482364 -168.06557433976613
frame0501.jpg -1.6093234851060505 -0.1010673213523064 -168.1487369936531
frame0502.jpg -1.610176421548719 -0.1009178116141971 -167.78438974606897
frame0503.jpg -1.6101020636981311 -0.1009380310839194 -167.8494304279111
frame0504.jpg -1.6101335700454462 -0.1009588024314989 -167.6726193696376
frame0505.jpg -1.6103898822331393 -0.100914478017388 -167.57105260987137
frame0506.jpg -1.610445894536752 -0.10090202738831823 -167.5429394363827
frame0507.jpg -1.6098577590340897 -0.10098465846337007 -167.9819935404621
frame0508.jpg -1.6098384040648028 -0.1009848185393139 -168.0004490843092
frame0509.jpg -1.610004151343017 -0.10091346592577227 -167.78291906770957
frame0510.jpg -1.6116134590418705 -0.10061890658384742 -166.61311563067798
frame0511.jpg -1.6113288171589475 -0.10068569616906947 -166.69205014108272
frame0512.jpg -1.610140126031877 -0.10091501583014062 -167.33701419624356
frame0513.jpg -1.6096236327169842 -0.10102184999312937 -167.51064752001238
frame0514.jpg -1.6094460551316545 -0.10106449447799763 -167.6910194306023
frame0515.jpg -1.6095196659808961 -0.1010662431476903 -167.78688777364238
frame0516.jpg -1.6100035006021398 -0.1009790093184495 -167.66289253780587
frame0517.jpg -1.609729236963464 -0.10101722991023476 -168.01542899428574
frame0518.jpg -1.6095687729601318 -0.10105093473685416 -168.0961209956407
frame0519.jpg -1.6096572358969303 -0.10104760414192797 -168.004688560925
frame0520.jpg -1.6104335701625478 -0.10086670484923023 -167.62079698617677
