frame0000.jpg 0.0 0.0 -0.0
frame0001.jpg -0.0005024511366880841 0.0014305961926998007 0.045946673904269035
frame0002.jpg -7.650286283332494e-05 0.00024110976567797598 -0.0331384402140486
frame0003.jpg -3.514059226339916e-05 0.00016705841120186597 -0.037943226027905896
frame0004.jpg -3.514059226339916e-05 0.00016705841120186597 -0.037943226027905896
frame0005.jpg -3.514059226339916e-05 0.00016705841120186597 -0.037943226027905896
frame0006.jpg -0.00019912877295957782 0.000496898612044043 0.028609007578950588
frame0007.jpg -0.00019912877295957782 0.000496898612044043 0.028609007578950588
frame0008.jpg -0.00019912877295957782 0.000496898612044043 0.028609007578950588
frame0009.jpg -0.00019912877295957782 0.000496898612044043 0.028609007578950588
frame0010.jpg -0.00028309677255252525 0.0007204783435424037 0.018586180086828302
frame0011.jpg -0.00027319592539658846 0.0006999625761731816 0.029317479591840306
frame0012.jpg -5.665390806484631e-05 0.00014313280191093774 0.007664556559995869
frame0013.jpg -0.0001779413836665693 0.000447080932360763 -0.016503951299109608
frame0014.jpg -0.0001557284293562333 0.0003907831908845464 -0.012321214265716071
frame0015.jpg -0.00020799242218511195 0.0005813094617741071 0.010044787067562826
frame0016.jpg -0.0001539301761928701 0.0004114068924794184 0.06236069361090176
frame0017.jpg -0.0004685934773355623 0.0012464508098912635 0.0525741804438558
frame0018.jpg -0.0003767766926604671 0.0010245772883950817 -0.014706451916446947
frame0019.jpg -0.00027463032880149763 0.0006399114886377533 0.013701503446237346
frame0020.jpg -0.0004145745132048096 0.0011036972700525316 -0.1068807156659442
frame0021.jpg -0.00020940452769356642 0.0005726640378865324 -0.09665289850419084
frame0022.jpg -0.0003598101575343543 0.0008895923535604951 0.060496520789237875
frame0023.jpg -0.0002127961225923103 0.0004687271614461113 0.03862648298713575
frame0024.jpg 0.0001580976711884611 -0.00031724660539089007 -0.04417894346440161
frame0025.jpg -0.00015900613720172175 0.0003923949778341852 0.053744856246481364
frame0026.jpg -0.00020218021645656883 0.0005527169724496319 0.04344036414283699
frame0027.jpg 0.00010083827307603436 -0.00025604886132250256 0.02523634938819657
frame0028.jpg -9.916146909318554e-05 0.00026619886790857583 0.03471612344833907
frame0029.jpg -0.00014452374697689185 0.00032317890812939257 0.02433822242728432
frame0030.jpg -0.00011239668822267488 0.00037534251177911586 0.09255391349065982
frame0031.jpg 6.129608182678289e-05 -0.00010816580309801179 0.04817151357064398
frame0032.jpg 0.0002746360712175917 -0.0007463241651354343 0.003589766564534585
frame0033.jpg 0.00031811799509558615 -0.000873671749825938 0.002350394895969161
frame0034.jpg 0.0004699470720965245 -0.0012660740647167294 0.0023184155186609656
frame0035.jpg 0.00019945845169882804 -0.0005665487147012394 0.018499132702962325
frame0036.jpg -0.0003575117951554418 0.000990394102250352 -0.04151277480838325
frame0037.jpg 0.00045666641979843185 -0.0011893052946915267 -0.01270580110394891
frame0038.jpg 0.0004903634463691587 -0.0012995900404283935 -0.025586558808598028
frame0039.jpg 0.00028772185729616207 -0.0008202902781117657 -0.028649649634985182
frame0040.jpg 0.0001421074874693449 -0.0003598269966612663 0.043786431839945135
frame0041.jpg 0.0001467330603736684 -0.0003706833043612282 0.08472926912774055
frame0042.jpg 9.873206294684533e-06 3.5719060345878944e-05 0.03831046274783874
frame0043.jpg -0.0001342684308660394 0.00037991078969626336 -0.02500493335813586
frame0044.jpg -2.485687440957323e-05 4.4777052982714765e-06 0.040857681432977376
frame0045.jpg -5.692203646477173e-05 6.80107718146464e-05 0.019487771804727685
frame0046.jpg 0.00014122265265722507 -0.00043914665826709335 0.0264157670182879
frame0047.jpg 0.0001674402626720961 -0.00048216853510620603 0.025958743823240076
frame0048.jpg 5.146840881085167e-05 -0.00015802416236545416 0.03716191033194202
frame0049.jpg 8.136417000789313e-05 -0.00022659227604800966 0.03182516982112519
frame0050.jpg 0.0002187248184926729 -0.000599068333724486 0.02308026183584557
frame0051.jpg 0.000251227988014645 -0.0006787286814146698 0.019955054569055497
frame0052.jpg -5.286945248980645e-05 0.00017400968779052498 0.043818565216759454
frame0053.jpg -0.00011907142566513088 0.00027605157910090084 -0.0028155826883664967
frame0054.jpg -0.0002745515144418457 0.0006661919488291822 -0.02014935376653524
frame0055.jpg -9.490793031136388e-05 0.00030195868949748185 -0.05565901482795642
frame0056.jpg -6.988740746453613e-05 0.0002446568840379959 -0.05638526405044075
frame0057.jpg -6.988740746453613e-05 0.0002446568840379959 -0.05638526405044075
frame0058.jpg -0.00020123840269380225 0.0005286138976979321 -0.10389215672579014
frame0059.jpg -7.904051947969788e-05 0.0002772022328837307 0.030342580375941126
frame0060.jpg -0.00012097442266749134 0.00020476863859763083 0.028456878497649718
frame0061.jpg -0.0005211283087664372 0.0013436768247705989 0.041356516095596416
frame0062.jpg -0.00028792961792207335 0.0007110547285518006 0.09219397547585534
frame0063.jpg 0.00015455028983049634 -0.0005470016145983652 0.023230724772330118
frame0064.jpg 0.00025959342652980054 -0.0008171340500705155 0.07835832773531183
frame0065.jpg 0.00017251100671521858 -0.0005818242486999528 0.08168884899187606
frame0066.jpg -0.0001008045916290996 0.00016977112171819234 0.021292221718978842
frame0067.jpg -2.4722609275298543e-05 -4.4073674433468576e-05 0.09987599155846402
frame0068.jpg -0.00021441673967807103 0.0005008691570450676 0.06378595040548843
frame0069.jpg -0.00010017368017298481 0.00019610487138127788 0.03065674807180104
frame0070.jpg -9.203637574459163e-05 0.00018362793831059077 0.029511021230099126
frame0071.jpg 0.0001453388395786467 -0.0004182902125051619 -0.025085773617336368
frame0072.jpg -0.00026865833806477785 0.0006244801979862863 0.04975652929172643
frame0073.jpg -1.3257732232100039e-05 -7.337795081060539e-05 -0.02903517207602245
frame0074.jpg 9.433398673017378e-05 -0.0003469742323431826 0.03551095657462292
frame0075.jpg -0.00013159319393963483 0.00031733698360059777 0.093637056596163
frame0076.jpg -0.00017720463115582845 0.000447306668506446 0.029117388367041683
frame0077.jpg -0.00019450164380076303 0.0005206656492159421 -0.005743952356476673
frame0078.jpg -0.00020480239552209662 0.00048723423606305156 -0.02504150281852837
frame0079.jpg 1.6985690175134882e-05 -9.510768060902412e-05 -0.02649592507853367
frame0080.jpg 0.0001255752321301474 -0.00035224210057063305 0.0941084539618967
frame0081.jpg 0.0001255752321301474 -0.00035224210057063305 0.0941084539618967
frame0082.jpg -7.539230128235491e-05 0.0001120249284830875 0.0604869050146563
frame0083.jpg -0.000155535829564524 0.00033861452331987414 0.01599446611424336
frame0084.jpg -0.00035951251233213205 0.0009253437176171351 0.04703597217750709
frame0085.jpg -0.0002551975716812021 0.0006470436349806821 0.04105861747727026
frame0086.jpg -0.0001483163076134285 0.00038852600496194534 0.06124664325078484
frame0087.jpg 0.00010728369599021862 -0.00034122918719683905 0.05842320061213267
frame0088.jpg 5.3083726404780795e-05 -0.00014008212782414488 0.06219342960102301
frame0089.jpg -0.0003621987808100632 0.0008279594885197088 -0.016233166079750713
frame0090.jpg -0.000271145032856565 0.0007430915927378779 -0.0013614102709565367
frame0091.jpg -0.00032062915030091577 0.0008888145254671941 -0.007473592929544991
frame0092.jpg -0.00028058322497339776 0.0006239207358790201 -0.021314800006652902
frame0093.jpg -0.0003473182211859536 0.0008763842437921193 -0.05128618068679541
frame0094.jpg 0.00016373155158206176 -0.000449052380961 0.02273484390631397
frame0095.jpg 0.00014568613332157846 -0.0003949655018856007 0.01951827248481271
frame0096.jpg 5.883563878120756e-05 -0.0002254683740768501 -0.006972404796049849
frame0097.jpg -9.2200773752142e-06 1.8310668822212398e-05 0.049767266694005316
frame0098.jpg -7.226328360781194e-05 0.000188081843196576 0.06846971208621781
frame0099.jpg -3.708336070174461e-05 5.653795201089402e-05 0.03912134408442305
frame0100.jpg -4.826397726247857e-05 8.84526846925352e-05 0.026161895884250167
frame0101.jpg -5.729163800815757e-05 0.00011292122996005286 0.028812246625485
frame0102.jpg -0.0001619322090841559 0.00039920745172230366 0.009708657399141918
frame0103.jpg -0.00020222207408908798 0.00045981049032834434 -0.006169397948397443
frame0104.jpg 0.00024395334156370762 -0.0006437609025968674 0.01801601751639964
frame0105.jpg 3.6222862592524176e-05 -0.000103172123814186 0.011311961383940531
frame0106.jpg 8.138849375835156e-05 -0.0002404005261798019 0.0366702677230231
frame0107.jpg -2.82191234826295e-05 9.462297918216488e-05 0.06546282752049895
frame0108.jpg 0.00011017005059687925 -0.0003179741384200193 0.03756052674999942
frame0109.jpg 9.702479254695983e-06 -2.749987455899657e-05 -0.00044708581371796747
frame0110.jpg 0.0001621377693400936 -0.0004322345487026744 0.026466040453417786
frame0111.jpg -0.00011071917844236685 0.00022100507496751427 0.0022707177517230018
frame0112.jpg 0.00022354224311006436 -0.0006428646447613225 -0.005126715619932446
frame0113.jpg -5.6129986530432944e-05 0.00015437301697172 0.0034065022268173154
frame0114.jpg -0.00020383431479219517 0.00051814130236541 0.06909424876733984
frame0115.jpg 0.0002263037664655769 -0.0005848819384979829 -0.03268808500654847
frame0116.jpg -9.2369868787386e-05 0.0003210446331004255 0.01294538491400025
frame0117.jpg -6.966285375575957e-05 0.00023686785626296129 -0.04669954930754098
frame0118.jpg -5.796379389784121e-05 0.00014827930933108068 0.003411384823887239
frame0119.jpg -0.0002738322924086977 0.0006688867700468228 0.012736562405758085
frame0120.jpg 0.00010390785531763771 -0.00023148655085815747 -0.0586298171108531
frame0121.jpg 3.441223703237728e-05 -0.0001400760972047843 0.0333423176307309
frame0122.jpg -2.7357314432065775e-06 -8.379273283509048e-05 -0.008465224418779083
frame0123.jpg 0.00021348555887727982 -0.0006255199945703812 -0.029774849466585075
frame0124.jpg 6.398904536387698e-05 -0.0002646714669078189 -0.02249054809066027
frame0125.jpg 0.00010339482290155948 -0.00023796311064645055 0.023312494455916752
frame0126.jpg 0.00017138259246839255 -0.00041600484068111005 0.007387924731437538
frame0127.jpg -6.293480912269596e-05 0.0001865957444504277 -0.05605222159902407
frame0128.jpg -0.0001038091419920361 0.0002709493182731687 -0.007905232148416938
frame0129.jpg -0.00010356880033056115 0.0002702597129891948 -0.007890388719660265
frame0130.jpg 5.272244912041046e-05 -2.7085817624103946e-05 0.026201484476301613
frame0131.jpg -4.030491934516655e-06 4.7430964778339316e-05 0.01399947025026165
frame0132.jpg 0.0002350202365041733 -0.0006740133227674759 0.011080473889055243
frame0133.jpg 0.00013965561584600928 -0.00044781859339333935 0.021116489437173137
frame0134.jpg -0.00011433421256173733 0.00023108641084244858 -0.002707283023761597
frame0135.jpg -1.5315420644025303e-05 4.8830852118306205e-05 -0.02531217238482772
frame0136.jpg 0.00022142008649995675 -0.0005588848978390112 0.021343646535920524
frame0137.jpg 0.00021173441005352056 -0.0005783856590004513 0.022423767287481217
frame0138.jpg 0.0002666622796840977 -0.0007676580465044582 -0.001951169108621232
frame0139.jpg 0.00015298276181023845 -0.0004148321889256408 0.05772421851815624
frame0140.jpg 8.300720629424658e-05 -0.00024401769868954488 0.049706110591656916
frame0141.jpg 3.2725904525738316e-05 -0.00013964569328797218 0.06269069073408448
frame0142.jpg 0.00012043593788679908 -0.00034131214879113574 0.0595595933322296
frame0143.jpg 5.973489792085443e-05 -0.00015703302284274774 0.04661768778973803
frame0144.jpg -0.000245400709659088 0.0005790052541114293 0.034282364806602704
frame0145.jpg 0.00030839702956684856 -0.0008753223768648448 0.045045179836726366
frame0146.jpg 1.6223469642287455e-05 -9.825627158139057e-05 0.0038654716690740463
frame0147.jpg -0.0001558980493127212 0.00031856389617238755 0.002987833109637764
frame0148.jpg 0.00022175489384332998 -0.0006306971935624865 0.005810231906884143
frame0149.jpg -6.393568133076564e-05 0.0001124329413563366 -0.01407259552086931
frame0150.jpg 0.0003532034056468924 -0.0009560793523486656 0.00444854847915401
frame0151.jpg -0.00010802914584369912 0.00021449097420012312 -0.011401358982659726
frame0152.jpg 0.00023121502569962169 -0.0005887157205833952 0.03319868065516154
frame0153.jpg 0.0002576321610870122 -0.0006506463187327942 0.02624007137855857
frame0154.jpg 0.0003640663526156214 -0.0009270391195268893 -0.056625875814950925
frame0155.jpg 0.0002308211549810107 -0.0005959991727314136 -0.0021008124766203435
frame0156.jpg 1.26743405176851e-05 -3.1741754812925034e-05 0.00448978909379922
frame0157.jpg 0.00029563205790558093 -0.0008298462546999232 0.03561113864157095
frame0158.jpg 0.00047687314738848987 -0.0012799110439724506 0.05308930363175192
frame0159.jpg 0.00017586059555807441 -0.0005411968297381841 0.06438601886250668
frame0160.jpg 0.00017594053056293782 -0.0005066594915165469 0.03595739439327475
frame0161.jpg 0.00017475128514068066 -0.000515449326323022 0.051851457881010914
frame0162.jpg 0.0002932784537725534 -0.0007881348566453648 0.0219524186874368
frame0163.jpg 0.0005495406134701942 -0.0010601520027364428 0.0031451255701238343
frame0164.jpg 0.0007405757776607469 9.171293611537438e-06 -0.144752422714905
frame0165.jpg 0.0004395428561010676 0.003330356942700785 -0.12151196738401394
frame0166.jpg 0.001135893033062148 0.0048821052503463256 0.08577557566401686
frame0167.jpg 0.0014577701323672508 0.008668884013113073 0.19544494598931336
frame0168.jpg 0.0012644217135680221 0.014229713932331562 0.1726308409592749
frame0169.jpg 0.0020558848454573387 0.01779893542707691 0.5353196564673072
frame0170.jpg 0.0026193815115523613 0.02318457026955665 0.2532481700471123
frame0171.jpg 0.002850273126586229 0.02952566979086525 0.3919873320197017
frame0172.jpg 0.003295196554267465 0.03484432073308517 0.4575186893686674
frame0173.jpg 0.005893546317747515 0.035170967045386366 0.6949828729415645
frame0174.jpg 0.005040562831362431 0.044048191452648766 0.8403586697839415
frame0175.jpg 0.006494876573498625 0.04753917091057285 0.9967079670946424
frame0176.jpg 0.007049198124540617 0.05401177318766177 1.3235496496418118
frame0177.jpg 0.007109884937164678 0.05385562608928612 1.3291950540767232
frame0178.jpg 0.0067513751224319435 0.062037717890806185 1.305924317867164
frame0179.jpg 0.008579381984166485 0.0721918160106537 1.454337840198566
frame0180.jpg 0.010410014005312577 0.07537352579163725 1.817887606167571
frame0181.jpg 0.010746741036465814 0.08281209179977593 1.8654809741896765
frame0182.jpg 0.011874171865576549 0.08797385318680456 2.0513284181042013
frame0183.jpg 0.0125559364423188 0.09397480619798126 2.0051143233835798
frame0184.jpg 0.013621159694622995 0.0986961814801428 2.0615276364132997
frame0185.jpg 0.013428592057781238 0.10665486922786868 2.2095939467388765
frame0186.jpg 0.015326893515158053 0.10972895108472014 2.6167588150512784
frame0187.jpg 0.014483285524436087 0.11892487667810628 2.69947462306928
frame0188.jpg 0.016916452950596374 0.12023667043624604 2.5543557602886846
frame0189.jpg 0.016453336368551345 0.12877515268224635 2.8467816835106614
frame0190.jpg 0.017224912931750654 0.13511513783277015 2.7692711799445613
frame0191.jpg 0.01830468285805046 0.14001732145992052 3.100399605581668
frame0192.jpg 0.018469630063246 0.14721313793221213 3.1232648707352535
frame0193.jpg 0.018992967467714228 0.1532247453650429 3.2721701414759887
frame0194.jpg 0.02014196269087257 0.15791576192042056 3.504434006899221
frame0195.jpg 0.0210556644974518 0.1632768650214968 3.613615528339544
frame0196.jpg 0.02181891009518199 0.16881654824413725 3.8224266766626944
frame0197.jpg 0.02142564876372259 0.17712715341967278 3.7400171540488816
frame0198.jpg 0.02276576707077652 0.1810812332199832 4.118192717442935
frame0199.jpg 0.022789160593151718 0.18788120851664603 4.0796380000474235
frame0200.jpg 0.023402518797244202 0.19387664392335502 4.471366721444236
frame0201.jpg 0.02341144657247194 0.1938569025664613 4.47190817777951
frame0202.jpg 0.0241014091200833 0.20006906644684275 4.4749255200369085
frame0203.jpg 0.02515217943356064 0.2053163720038194 4.690518381323343
frame0204.jpg 0.024780373715910232 0.22025691677541234 4.8702213246369634
frame0205.jpg 0.02498715502399932 0.22698012793629765 4.955129126113877
frame0206.jpg 0.02801330343575788 0.2283960065400337 5.268287684185299
frame0207.jpg 0.02778094151684916 0.23524710231864696 5.928190621881599
frame0208.jpg 0.027917289142849477 0.2415029144002623 5.668576135510835
frame0209.jpg 0.028279656273423524 0.24708903276172864 6.096531530244088
frame0210.jpg 0.02908925137709095 0.25230374351482104 6.006747036848504
frame0211.jpg 0.029370848037071205 0.2580211164343392 6.174146154215663
frame0212.jpg 0.027887896073915973 0.267632427221248 6.3545227392959465
frame0213.jpg 0.029462973546855013 0.2711303971113998 6.681234470451858
frame0214.jpg 0.030858522449363508 0.2752221701269971 6.924746212075178
frame0215.jpg 0.03004635774747972 0.28280230912463034 7.03138807090623
frame0216.jpg 0.030723903482452908 0.2877652899819532 7.065365259375952
frame0217.jpg 0.030002156266318487 0.2946482708723456 7.079112193329856
frame0218.jpg 0.03157200698458944 0.2983118268624563 7.772514034287897
frame0219.jpg 0.03050582773996119 0.306529853330136 7.134406503152944
frame0220.jpg 0.03120204893663002 0.3111688651841069 7.695077600425041
frame0221.jpg 0.030408750902772688 0.31867642198757834 7.388466320219813
frame0222.jpg 0.03275977927565689 0.32084156793273577 8.1141181133022
frame0223.jpg 0.030784199120179694 0.3302664650189563 7.873867142563724
frame0224.jpg 0.03171603650804713 0.3352756410279784 8.219637308561397
frame0225.jpg 0.03169166834033932 0.3353118948974449 8.221619886880893
frame0226.jpg 0.031597408794993516 0.34174866672203463 8.370548212206218
frame0227.jpg 0.033042302995645645 0.3455855784175408 8.457244123395881
frame0228.jpg 0.03216425165049455 0.35283805875630475 8.538729992762578
frame0229.jpg 0.0324882182103005 0.35917062069188804 8.549232845285681
frame0230.jpg 0.03155781798356755 0.3722276835410929 8.918625885688389
frame0231.jpg 0.03309297577181895 0.3754055069853866 8.985575098821752
frame0232.jpg 0.03138072748278255 0.3835600250580415 9.102364187615454
frame0233.jpg 0.03227774776046313 0.3882463924922346 9.319622360754554
frame0234.jpg 0.031220135317898925 0.39626181753499856 9.352014676165876
frame0235.jpg 0.03160412973744213 0.4011963580926582 9.922294193513094
frame0236.jpg 0.030745633988788906 0.408387443928332 9.999701312059084
frame0237.jpg 0.032935496846296534 0.4111010591027533 10.106087284417065
frame0238.jpg 0.0318223467460423 0.41899642860974 10.144891309723796
frame0239.jpg 0.03089913805486005 0.4263462941932573 9.788774969291381
frame0240.jpg 0.031898542849733334 0.43057225474261657 10.625600612115516
frame0241.jpg 0.03128742872340158 0.4370677006630999 10.159955742236509
frame0242.jpg 0.03169598886591084 0.4422063162802056 15.320680499039776
frame0243.jpg 0.03271473751912177 0.4460707947878891 11.13960759714142
frame0244.jpg 0.029116070513856993 0.4571770016009427 10.415732158309265
frame0245.jpg 0.031215334808421664 0.4600215078206225 15.560373879716105
frame0246.jpg 0.03002692352205688 0.4665465223229008 11.602472085845553
frame0247.jpg 0.02828893509327145 0.4749213800316196 10.955462101775815
frame0248.jpg 0.05098649111126674 0.4486372475909176 11.821547975447686
frame0249.jpg 0.04319921428734887 0.459666428543818 11.762914565753304
frame0250.jpg 0.028736748298797576 0.4858615387771651 11.608367022355758
frame0251.jpg 0.02782680522594508 0.4933131145825173 16.944303325200934
frame0252.jpg 0.026894715789826884 0.5047570743301901 12.146059106389982
frame0253.jpg 0.030443560501019762 0.5061293789086241 17.048034010835636
frame0254.jpg 0.04169602207609191 0.4964376430880228 15.753301226472836
frame0255.jpg 0.028590025509511882 0.5186708975903094 12.422718661216045
frame0256.jpg 0.02299907625837981 0.5320987353928011 12.800428712548143
frame0257.jpg 0.030582500053554836 0.5281601778613549 13.5329933379705
frame0258.jpg 0.02533810866736931 0.5398619518665871 13.125365203969956
frame0259.jpg 0.02526408859610969 0.5460352232684615 13.631215795472922
frame0260.jpg 0.030116626567935432 0.5456575598555209 13.25426749427086
frame0261.jpg 0.02566994828715187 0.5565868129423782 13.232724861397333
frame0262.jpg 0.021733732025305097 0.5675012875991418 13.659255906827733
frame0263.jpg 0.03055651116912335 0.5616350320305488 13.558076923605595
frame0264.jpg 0.030536403932437006 0.5662735184723058 17.62358459256059
frame0265.jpg 0.021343052513641183 0.5828427214659171 14.218319258732755
frame0266.jpg 0.021319398818665486 0.5886162503187775 14.135567803430748
frame0267.jpg 0.024947418604846103 0.5893214581863601 13.744073461830135
frame0268.jpg 0.026817562612169586 0.5919071081777689 13.918131976300788
frame0269.jpg 0.022159402899287056 0.6022614363137624 17.70397978338385
frame0270.jpg 0.03452506094614277 0.593144154333924 14.49254446271208
frame0271.jpg 0.022804250760693503 0.6120080999940907 14.511676910574613
frame0272.jpg 0.0220352377569982 0.6179514939379882 13.911582558077374
frame0273.jpg 0.021851829058678496 0.6181483228026455 13.9042704180523
frame0274.jpg 0.01960694274937011 0.6253606955607278 18.489965332157084
frame0275.jpg 0.0178389339814837 0.6327737240021923 18.208455007877763
frame0276.jpg 0.02083505452697182 0.6404961384974557 14.786718228412012
frame0277.jpg 0.019707558683195042 0.6469289553481653 18.29613419292513
frame0278.jpg 0.016734972879355298 0.6550583384434626 18.03688661855545
frame0279.jpg 0.015357271272176731 0.6613793964466181 15.668118409890786
frame0280.jpg 0.01505879057202861 0.6671362478446297 15.570251385277587
frame0281.jpg 0.015131095158243762 0.6722619416225251 15.598634844666105
frame0282.jpg 0.013680213189430412 0.6790414946800377 19.27224117409166
frame0283.jpg 0.013757006893226205 0.6840159155103293 16.13258188971179
frame0284.jpg 0.013075714830591806 0.6900391990337025 16.303650138075444
frame0285.jpg 0.012482425158463872 0.6958509541437707 16.323097932537266
frame0286.jpg 0.01410958960077996 0.6994952499096738 16.566845178776234
frame0287.jpg 0.011205589609421085 0.7074407701709607 19.467770251387268
frame0288.jpg 0.011537516009062332 0.7121099958983519 16.962526474293348
frame0289.jpg 0.010439122049504451 0.7182902983571144 16.953626125739895
frame0290.jpg 0.008433380583448946 0.7252326405871454 16.886301339196866
frame0291.jpg 0.00792573342291586 0.7304341881455713 17.419936517713374
frame0292.jpg 0.007342710446673562 0.7359459335581522 17.392045879935978
frame0293.jpg 0.006890021001463603 0.7408406461590458 17.447229316196033
frame0294.jpg 0.007721140026115014 0.7450632335307988 17.71787535949004
frame0295.jpg 0.005744508115771679 0.7519998178012222 17.838310095944916
frame0296.jpg 0.0038477188094483694 0.7590386329493072 20.49897986180895
frame0297.jpg 0.003886776173294443 0.7590100639575771 20.513774714288626
frame0298.jpg 0.003429800872957495 0.7643541552316218 18.161329937178053
frame0299.jpg 0.0018817010706212718 0.7767040551830138 21.26451871466163
frame0300.jpg 0.01488312778899212 0.7712820724901561 18.966255020618156
frame0301.jpg 0.0004369368328852319 0.7878856023797515 18.853394970112365
frame0302.jpg -0.001081675485283512 0.7947815755176197 21.41118806630679
frame0303.jpg -0.0019652520648893172 0.8002147127083326 19.07043692501769
frame0304.jpg -0.003005460896713497 0.8061794539823297 19.116739645453567
frame0305.jpg -0.0040555788386473215 0.812457658390989 19.31481800122056
frame0306.jpg -0.004504556846692598 0.8178852876143009 19.375437722708853
frame0307.jpg -0.00451554986446534 0.8230458143062429 19.44924883376632
frame0308.jpg 0.0017214613644444265 0.8244419953734684 21.05946308415565
frame0309.jpg -0.007356143129594317 0.8358701180382195 22.00698948825003
frame0310.jpg -0.008208131709853017 0.8412805573984715 22.12220378262956
frame0311.jpg -0.002328246371195747 0.8422626111380643 19.64346991794849
frame0312.jpg -0.010305435281829423 0.8523308338833272 20.24363260847718
frame0313.jpg -0.011868359726706136 0.8584643089281436 22.196325527042074
frame0314.jpg -0.012280264156403651 0.8633867717995855 20.219368633668584
frame0315.jpg -0.01431075575821014 0.8696378825140145 20.42030157104721
frame0316.jpg -0.017241191494054148 0.8767376158536978 22.99325893353809
frame0317.jpg -0.018115199121087944 0.8819700908095892 20.711729269273523
frame0318.jpg -0.01908222971766116 0.8877800957200637 20.95037273447976
frame0319.jpg -0.020009131072555447 0.8933069701703089 21.023202960811023
frame0320.jpg -0.020959849857270733 0.8987575876682109 20.952512943332394
frame0321.jpg -0.020959849857270733 0.8987575876682109 20.952512943332394
frame0322.jpg -0.02209901822757768 0.9046061809721772 22.783450456210787
frame0323.jpg -0.02373247206587137 0.9161003830185288 23.19897639384045
frame0324.jpg -0.0260524648649115 0.922433153437736 23.19989304908089
frame0325.jpg -0.02192611035044098 0.9253239475830616 21.866127439210373
frame0326.jpg -0.02928027139453856 0.9341168217360616 23.984847289955788
frame0327.jpg -0.031017760658197637 0.9403178486291422 24.283001583309908
frame0328.jpg -0.031477834144238936 0.9455804366516648 22.62633119360188
frame0329.jpg -0.027052994279531117 0.9491191799433883 23.397333515527137
frame0330.jpg -0.03147071015256705 0.9561243766025288 22.96188242764773
frame0331.jpg -0.03365522635290569 0.9624027690476016 23.063005211680213
frame0332.jpg -0.035553867975328314 0.9683767636061514 23.35533455893968
frame0333.jpg -0.03705687667323016 0.9742869016161848 23.573364358461923
frame0334.jpg -0.03835516663455879 0.9798242347775922 23.756385159890943
frame0335.jpg -0.03908079932267855 0.9849590452300172 23.62857496546309
frame0336.jpg -0.04166090542281548 0.99109684455091 23.97123526164612
frame0337.jpg -0.0436844841531534 0.9973301259980456 24.14495318294448
frame0338.jpg -0.045872111605958533 1.0032885771333009 24.245221387552853
frame0339.jpg -0.04734139543948174 1.008971721074145 24.396555359889582
frame0340.jpg -0.04867680158450874 1.0145412779578369 24.453930735933145
frame0341.jpg -0.050458782482184716 1.0201915832106858 24.747631840078398
frame0342.jpg -0.0457133349376182 1.0244461815395671 24.591648755699943
frame0343.jpg -0.04573430451936128 1.0302709741022555 24.751350799072267
frame0344.jpg -0.05516598322488955 1.0379682971814972 25.960922022417254
frame0345.jpg -0.05617239723853845 1.0379280415366676 25.272665532247128
frame0346.jpg -0.05743735722197546 1.04376100316936 26.14660764768464
frame0347.jpg -0.059418984041320226 1.04965135243533 26.40790926615181
frame0348.jpg -0.06240843125329373 1.0606636957297786 26.749395630394325
frame0349.jpg -0.0642343824954405 1.066495098295393 26.820771483585204
frame0350.jpg -0.0652871560499699 1.0717571456258528 25.945405474129906
frame0351.jpg -0.06669372374056376 1.0773439167415668 26.104868750047736
frame0352.jpg -0.06278673698428908 1.0829240799284958 25.973310944867958
frame0353.jpg -0.07070246065261387 1.089512194123185 27.105523793989267
frame0354.jpg -0.07288587617086276 1.0951580361946804 27.438267303158426
frame0355.jpg -0.07510266951340397 1.1008231280881977 27.300302454338016
frame0356.jpg -0.07470952079523191 1.1057851956186573 26.74903039152323
frame0357.jpg -0.07286474707805908 1.11110110580605 26.55140371208788
frame0358.jpg -0.07865827967267018 1.1167258631517725 26.865677505385698
frame0359.jpg -0.08084550021261785 1.1222122676235218 27.308017098560605
frame0360.jpg -0.08316014796485341 1.127571948843913 27.524019468393327
frame0361.jpg -0.0844853838533853 1.1335208262667855 27.761960178226552
frame0362.jpg -0.08599437159201417 1.1389830011082769 27.374434593205663
frame0363.jpg -0.08898232906588338 1.1447587001250583 27.9615269527109
frame0364.jpg -0.08495608364134663 1.1509578984080595 26.88161339977267
frame0365.jpg -0.08646297406715514 1.1568071548422338 27.214194484155822
frame0366.jpg -0.0946279943551188 1.1617112187052374 28.344359143008703
frame0367.jpg -0.0955112010487174 1.1671682880029857 28.39987203815059
frame0368.jpg -0.09724953684868426 1.1727579055663242 28.380697628801613
frame0369.jpg -0.0973349176436479 1.172747296977687 28.398247637579516
frame0370.jpg -0.09941237661261568 1.1786374972879248 28.58638264276679
frame0371.jpg -0.10233557895504827 1.1841223764816204 28.524139765895594
frame0372.jpg -0.09949292403547304 1.1971977504334412 28.642079526429434
frame0373.jpg -0.10715971185457407 1.2017309755284795 29.338932203538764
frame0374.jpg -0.1097571050861386 1.2067021060521914 29.675607780522267
frame0375.jpg -0.110042732762733 1.2131020715875385 29.959442426210213
frame0376.jpg -0.10845528718192213 1.2198063926671854 29.36302474979516
frame0377.jpg -0.11106281254099463 1.2251707013138058 29.301603874582888
frame0378.jpg -0.11762758446710245 1.2292301182074816 30.31624000358623
frame0379.jpg -0.11577564900307465 1.2361022761221925 30.201627784175123
frame0380.jpg -0.11654875631484785 1.2423662052766593 29.857958107388953
frame0381.jpg -0.11869587527927508 1.2479379706077542 29.8612951865586
frame0382.jpg -0.12145426426207068 1.252834528758042 30.54049024757772
frame0383.jpg -0.1269243829005004 1.2567571754325966 30.77711659741266
frame0384.jpg -0.12442630891346165 1.264274806600895 30.683555960646657
frame0385.jpg -0.12701330299787306 1.2695973932610312 30.830364318414727
frame0386.jpg -0.13334083615911113 1.2728949202452502 31.247846778677612
frame0387.jpg -0.1313389697349828 1.280754593462282 30.798038959703412
frame0388.jpg -0.1335091791563676 1.2862355293452254 30.441733586573005
frame0389.jpg -0.13537525270343514 1.29185028220276 31.325435238881212
frame0390.jpg -0.1375716919854912 1.2978538402888562 31.46351727300219
frame0391.jpg -0.14428157319291868 1.3008817822004513 31.5657204071087
frame0392.jpg -0.14596177363867713 1.306476044137124 31.523131891566234
frame0393.jpg -0.1459406627537988 1.306490831253852 31.527523268912464
frame0394.jpg -0.14782329911745182 1.311715383049341 32.573750753354304
frame0395.jpg -0.15104426581889294 1.3168416605877726 31.991425517907384
frame0396.jpg -0.15518423514268254 1.3283249660257952 32.24405294253277
frame0397.jpg -0.1582205774304477 1.3335088481427515 32.29960404516697
frame0398.jpg -0.1604819647893193 1.3388988274190132 33.53015929317823
frame0399.jpg -0.16027267723263794 1.3466300518571532 32.923207188567424
frame0400.jpg -0.16132125168819794 1.353441946393782 32.43355006111861
frame0401.jpg -0.1646815125677677 1.3581459651747152 32.54682811789872
frame0402.jpg -0.170779328711358 1.3598717652779164 32.851909364079255
frame0403.jpg -0.17249813492802168 1.3651422879699928 32.94902982842619
frame0404.jpg -0.17102274267463874 1.3741243085974006 32.902327365997174
frame0405.jpg -0.17699869244314997 1.375325385482839 34.54407225470793
frame0406.jpg -0.17678338946873115 1.3834523253164737 32.91791089457072
frame0407.jpg -0.17848146940751625 1.3897658254601002 33.51174675991821
frame0408.jpg -0.18176410816471772 1.3947794158134692 34.229875841774145
frame0409.jpg -0.1837841984291116 1.400234826297512 33.782630089257204
frame0410.jpg -0.1892970124088431 1.4016493765899343 33.93171115794899
frame0411.jpg -0.1911308432830646 1.4079731042802726 33.84602079872885
frame0412.jpg -0.19354666457710368 1.41270969571453 35.3583095328773
frame0413.jpg -0.19384142906879293 1.4209408891868585 35.01467384894886
frame0414.jpg -0.1991740025663466 1.4219201647934616 36.51642661265975
frame0415.jpg -0.19940911887166884 1.4302979108934777 34.33690358017047
frame0416.jpg -0.20315182188957398 1.4338878713749506 34.48979917873968
frame0417.jpg -0.2015542536420484 1.4358734805143971 35.46147456213974
frame0418.jpg -0.20451855411083816 1.44120625696939 34.99700731649848
frame0419.jpg -0.20833171732758396 1.4445719488597881 34.88209739243713
frame0420.jpg -0.21178794831127104 1.4577525207672752 35.77700341010117
frame0421.jpg -0.21472111266555333 1.4621953594494423 36.48504209986892
frame0422.jpg -0.2165625893535436 1.4692883520433415 36.330622614002415
frame0423.jpg -0.2202260154845938 1.4733975290762875 36.14271623925404
frame0424.jpg -0.2225516894520302 1.4788725753333962 35.941365958415716
frame0425.jpg -0.2271390317575398 1.4800424131072192 36.069446968390295
frame0426.jpg -0.227660494736218 1.4895314693972783 36.44015885362626
frame0427.jpg -0.2306501336373793 1.493307968055502 37.72033052464983
frame0428.jpg -0.2343215966281737 1.4958383320352076 38.8155327657294
frame0429.jpg -0.2375912068170032 1.5004627381721418 39.12308239560007
frame0430.jpg -0.2385674168607822 1.5101066595576502 37.44981606187588
frame0431.jpg -0.2432191316783391 1.5108079119815132 36.53786129724973
frame0432.jpg -0.2445512457633563 1.5187792528809656 38.53613727822338
frame0433.jpg -0.2486366027477164 1.5202380321615283 39.446825480271
frame0434.jpg -0.2517280759530909 1.5244082715510072 39.69012319541621
frame0435.jpg -0.2541020048243785 1.5301167310034132 39.2378280418953
frame0436.jpg -0.255072234826313 1.5402343034028434 38.36156804079384
frame0437.jpg -0.2599720819556149 1.5401828206965933 37.26492791640364
frame0438.jpg -0.26055254446973874 1.5506342775657038 38.74314372673457
frame0439.jpg -0.26544995027140184 1.5507713206968126 40.075023686580174
frame0440.jpg -0.26894640000927417 1.5561011232948778 37.81874711483512
frame0441.jpg -0.26899471873295866 1.5559723047434117 37.837485213679216
frame0442.jpg -0.2708159266227884 1.564190921761563 37.94467059062588
frame0443.jpg -0.2781450189537117 1.5702270728659833 37.912908214352676
frame0444.jpg -0.28066290266185073 1.5770004555252544 37.931955375106575
frame0445.jpg -0.2838497029027778 1.5805368568214817 41.287638972536826
frame0446.jpg -0.2867991601417877 1.5857958612676566 40.93090913332417
frame0447.jpg -0.2884555813551779 1.5963893484859568 39.1630933899844
frame0448.jpg -0.2928060442532916 1.5955501926973807 41.560803938933695
frame0449.jpg -0.29545616280426057 1.60228226792312 41.17434735914589
frame0450.jpg -0.299089057258118 1.6054840219975537 41.54074972429077
frame0451.jpg -0.30162276437031105 1.6122040545059182 38.54276194968585
frame0452.jpg -0.30325937940390835 1.6220650868123192 40.135862807761015
frame0453.jpg -0.30660966183637395 1.625176667298344 40.53679247636853
frame0454.jpg -0.3096812238674246 1.6312800412202917 40.37337794573069
frame0455.jpg -0.3142381796145041 1.6304365357588146 39.73152597247965
frame0456.jpg -0.31717113694991217 1.6358205697375572 42.63604802232825
frame0457.jpg -0.3202819482215949 1.6415707493158471 39.83892434977729
frame0458.jpg -0.3237680012855292 1.6454985709521148 39.85257384660339
frame0459.jpg -0.3267766570076403 1.6510047399279197 40.18350217591668
frame0460.jpg -0.3292654689317948 1.6563926171876395 42.733992895020656
frame0461.jpg -0.3323779214030846 1.66141246293901 42.893592419847096
frame0462.jpg -0.3352511590665119 1.6657988933265315 43.45015237919442
frame0463.jpg -0.3383491985589713 1.6695425449274437 43.874185550654985
frame0464.jpg -0.34162597210699025 1.6745204036653565 44.474785435486275
frame0465.jpg -0.3451419702656905 1.6782764987433587 41.59496041509936
frame0466.jpg -0.3451618732620757 1.6781706563268008 41.58906133632645
frame0467.jpg -0.3477279182789585 1.6858442693374458 44.086675352250566
frame0468.jpg -0.35397374564216744 1.6969412435749107 43.963194844997474
frame0469.jpg -0.3568757470984058 1.7024925774665185 43.476628141841275
frame0470.jpg -0.3601582554616863 1.7058569805659702 44.37224304120628
frame0471.jpg -0.3634717934554679 1.7104918762609709 44.62421210650399
frame0472.jpg -0.3671031541071538 1.7129764344652498 42.12207878525072
frame0473.jpg -0.3703589144711781 1.7173683209405717 42.30878144450196
frame0474.jpg -0.3728069130451232 1.7294038143665904 43.5146439171359
frame0475.jpg -0.3761020639931571 1.7362449954771877 43.06110291764615
frame0476.jpg -0.38033168932349776 1.732497437854078 42.31953200939383
frame0477.jpg -0.3833579536020977 1.7396140722891105 46.241329119689375
frame0478.jpg -0.387349459635601 1.7418672895197278 43.005279052316055
frame0479.jpg -0.3908820532763431 1.7480972273622788 43.036287881827796
frame0480.jpg -0.3942303366098497 1.752325043721393 42.85254881226978
frame0481.jpg -0.39747299873390574 1.761165395175862 43.20775380614645
frame0482.jpg -0.4012934688177242 1.764394117453879 43.29225082040463
frame0483.jpg -0.4046018748024536 1.7674835324801532 43.62330748933115
frame0484.jpg -0.40794549120232143 1.7744591658961242 46.9457616551884
frame0485.jpg -0.4117512249478151 1.7817220625611654 46.5591285386781
frame0486.jpg -0.41535535463422224 1.7832837089739275 47.279800497922274
frame0487.jpg -0.4190302959962343 1.7903029779597093 47.318927128282006
frame0488.jpg -0.4227604841266584 1.7921787340645734 44.17146033190851
frame0489.jpg -0.4262454196391554 1.7978424319720259 44.56965708208907
frame0490.jpg -0.42624186087625693 1.7979706088675134 44.55908903942917
frame0491.jpg -0.4296540993380301 1.8030552094961518 44.427375332514345
frame0492.jpg -0.4370034028097504 1.813136556210252 49.03400170469593
frame0493.jpg -0.4407703033090272 1.815931124018364 44.95505622327239
frame0494.jpg -0.4439759079272747 1.820120681398654 44.938166099094715
frame0495.jpg -0.4474822995748948 1.8274676047870069 45.634077562833525
frame0496.jpg -0.4509779144117931 1.8296368267418104 44.854421333939065
frame0497.jpg -0.4544081536958363 1.8344993880795 45.231768156804655
frame0498.jpg -0.4575603612750776 1.8400635022057548 46.06662566153496
frame0499.jpg -0.4611490414077266 1.846064466076945 46.31165260289809
frame0500.jpg -0.4646479503791766 1.849664441804724 46.17411717793605
frame0501.jpg -0.4681063221221025 1.8560906722505692 46.59907604892182
frame0502.jpg -0.4717569718008817 1.8613224434454307 46.460450072030106
frame0503.jpg -0.4757891276787414 1.8651686320600616 46.61959925569712
frame0504.jpg -0.4792396407757411 1.8693270300981983 46.92403215447532
frame0505.jpg -0.4828567356830578 1.8732198539904132 47.0136341444785
frame0506.jpg -0.486830124980993 1.879619306373264 47.12416711087484
frame0507.jpg -0.4903301909876392 1.8818511820212669 47.07319579514754
frame0508.jpg -0.4943420658447412 1.88850586028692 47.321272446977645
frame0509.jpg -0.4978429183682595 1.890419390411194 47.46887710945588
frame0510.jpg -0.501662267638742 1.8959454184866569 48.01970323292935
frame0511.jpg -0.5053080961003986 1.9002218013432168 47.98396923726154
frame0512.jpg -0.5092531598926914 1.9053779746295545 48.31145082776239
frame0513.jpg -0.5130969030033261 1.9110457816201327 48.51493443355892
frame0514.jpg -0.5172585194161989 1.91615952704744 48.669160890096045
frame0515.jpg -0.5213141132549948 1.9213317007373971 48.647715613145074
frame0516.jpg -0.5246675743468519 1.9236668815987736 48.86820408172493
frame0517.jpg -0.5286771511655064 1.9284973419077012 49.39592015977721
frame0518.jpg -0.5330345350403218 1.9345474634196147 48.97544141739465
frame0519.jpg -0.536140240860565 1.9351430784299493 49.20035948164673
frame0520.jpg -0.5404581118743994 1.9421447494343185 49.61206051441846
frame0521.jpg -0.5449171679116671 1.948662399975797 49.451165641606714
frame0522.jpg -0.547997263669044 1.9492030648090402 50.108648145328424
frame0523.jpg -0.5518017388209661 1.9544565249133523 50.41620941954586
frame0524.jpg -0.5546797012436426 1.956708948365642 50.88344644258892
frame0525.jpg -0.5566391295889662 1.9594493444535832 51.33507527978215
frame0526.jpg -0.5577426044434296 1.960724638234796 51.62447721950868
frame0527.jpg -0.5579232249274891 1.9597210973591208 52.203389827967385
frame0528.jpg -0.5583980016200769 1.9609483989397833 52.3105148825255
frame0529.jpg -0.5588070295959277 1.9608243266132777 52.53140066811478
frame0530.jpg -0.5589330095685439 1.96121220270452 52.649480033284
frame0531.jpg -0.5588366073882073 1.960222424417278 52.72763812895491
frame0532.jpg -0.5591639761505766 1.961977689458488 52.73086932618123
frame0533.jpg -0.559370435264759 1.9625441752683568 52.617210031843044
frame0534.jpg -0.5594011044215087 1.9626991763394956 52.60902245596334
frame0535.jpg -0.5590759389682507 1.9611684227842243 52.67112424578599
frame0536.jpg -0.5592324757676348 1.9618146425940368 52.59294286475401
frame0537.jpg -0.5591519586252078 1.961538526361884 52.577403829891566
frame0538.jpg -0.5591678086866102 1.9617331134563676 52.60662282630191
frame0539.jpg -0.5591048570799186 1.9613686922552296 52.603363635668536
frame0540.jpg -0.5589435462151999 1.9604248655968337 52.702949255185175
frame0541.jpg -0.5590780061425324 1.9610321547472351 52.637514908827704
frame0542.jpg -0.5591634078465857 1.9616185055431676 52.872561120595215
frame0543.jpg -0.5590845423260288 1.9609926311758128 52.60009595735514
frame0544.jpg -0.5590887392413194 1.961026464256768 52.594792375645284
frame0545.jpg -0.5593326182429891 1.9626051440642247 52.76976382268703
frame0546.jpg -0.5592911101305728 1.9623205232257228 52.75632431488881
frame0547.jpg -0.5590639382545692 1.9609567763875904 52.75332037073963
frame0548.jpg -0.5590402496853932 1.9607569383822188 52.75888959608738
frame0549.jpg -0.5590743400528047 1.9610705567220432 52.74843656182769
frame0550.jpg -0.5589953733458708 1.9605614864696843 52.790634763094786
frame0551.jpg -0.5589926795448186 1.9605487201247291 52.78955834737714
frame0552.jpg -0.5589918775182978 1.960495418933064 52.717412584543794
frame0553.jpg -0.558940933343782 1.9601668886659231 52.74522044441805
frame0554.jpg -0.5591803051757616 1.9617336415463569 52.625097072338846
frame0555.jpg -0.5590949028066937 1.961188516182464 52.52839764834761
frame0556.jpg -0.5590884357362897 1.9610573243163512 52.49183525246546
frame0557.jpg -0.5589661944707468 1.9603593546743368 52.66545496489854
frame0558.jpg -0.5592311876589635 1.9618178185940185 52.73068423916727
frame0559.jpg -0.5590722543577861 1.9608737036924773 52.67267566978893
frame0560.jpg -0.5589426041477641 1.9603481468119108 52.675051868074256
frame0561.jpg -0.5591668748074504 1.9616217538863419 52.819137889046814
frame0562.jpg -0.5591668748074504 1.9616217538863419 52.819137889046814
frame0563.jpg -0.5591883573729395 1.961764788167325 52.82962245717349
frame0564.jpg -0.5591468607429281 1.9615588808027613 52.69108240444943
frame0565.jpg -0.559042965609899 1.9609594587547985 52.69653989968198
frame0566.jpg -0.5590421124878995 1.96094951609122 52.69148007126939
frame0567.jpg -0.559146621208452 1.9614659299403523 52.63315904412114
frame0568.jpg -0.5591152084508526 1.9612331764669129 52.65966765074542
frame0569.jpg -0.5591888009040524 1.9617524247627784 52.66579867477417
frame0570.jpg -0.5592870999755087 1.9621316956279813 52.63889444151982
