frame0000.jpg 0.0 -0.0 -0.0
frame0001.jpg -8.560117806625176e-05 0.0002156861129880994 0.02103412682430323
frame0002.jpg 0.00045138909627978613 -0.0008126445396247308 0.15798021120108754
frame0003.jpg 0.0004578461763410423 -0.0008209357009388277 0.2671471080015099
frame0004.jpg 0.0004578461763410423 -0.0008209357009388277 0.2671471080015099
frame0005.jpg 0.0004578461763410423 -0.0008209357009388277 0.2671471080015099
frame0006.jpg -0.00016633136759964298 0.0004094149083870744 0.14723050896724976
frame0007.jpg -0.00018405631206701512 0.0004632961696484036 0.16595411201992075
frame0008.jpg -0.00018405631206701512 0.0004632961696484036 0.16595411201992075
frame0009.jpg -0.00032994091680676937 0.0008122488540600991 0.11007281758216338
frame0010.jpg -0.0001840907079847809 0.0005669387956516714 0.008226650986499957
frame0011.jpg -1.4456680796011145e-05 0.0002100881739915432 0.030776596866288745
frame0012.jpg -8.611334058869398e-06 0.00017952722284526879 0.22965967428544076
frame0013.jpg -0.0001005594143946373 0.0003964297996796233 0.10287205043891694
frame0014.jpg -0.00016029157306806765 0.0005125554522113074 0.11770562585245332
frame0015.jpg -0.00039980045140807033 0.0010561526376525144 0.10432625513562367
frame0016.jpg 0.0009399787960056476 -0.002201133155442245 -0.048461124583999114
frame0017.jpg 0.0010483285403171528 -0.002439078858466745 -0.04110966561768602
frame0018.jpg 0.00098996467638788 -0.002290084623497229 0.20985964586675535
frame0019.jpg -4.175650493380446e-05 6.66027513716304e-06 0.13607768422975247
frame0020.jpg 0.00015849935384979998 -0.00033537612398025463 0.04919869234358195
frame0021.jpg 0.0003234670259676038 -0.0007428738893720584 0.11380126978356375
frame0022.jpg -5.74391304536001e-06 8.166280943761079e-05 0.14343983584300385
frame0023.jpg -1.2845334572213369e-05 0.00010826270743064442 0.12845614145417072
frame0024.jpg -0.00017526148377583904 0.0004828669297053533 0.04398461438181942
frame0025.jpg 0.00010661029154666733 -0.00020960369364331552 0.018383732273904663
frame0026.jpg 0.00011168363986985856 -0.0002309661834980401 0.0243967286761733
frame0027.jpg 7.25081574183748e-05 -0.0001498187894448545 0.026884613587207496
frame0028.jpg -0.00021619051124525232 0.0005179486129504528 0.06215603337984226
frame0029.jpg -0.00024598206774772166 0.0006101655788534007 0.02120238780283745
frame0030.jpg 0.0011461807600742144 -0.0026025292888182004 -0.04225683054975705
frame0031.jpg 0.00074627120493415 -0.0018628332894055906 -0.02794496768486687
frame0032.jpg 0.0006881327486476473 -0.0016742670497536536 0.056089317446178025
frame0033.jpg 0.00022276992023078507 -0.0004219611973645962 0.048204107141050064
frame0034.jpg 0.0011365841636323255 -0.002706553977726823 0.0904512831956185
frame0035.jpg 0.0012383814549590591 -0.0029956627848538946 0.07854334144392865
frame0036.jpg 0.0003414125366762916 -0.0008220594460825014 0.10496317436396148
frame0037.jpg 0.0003198872387182855 -0.0008370406931631988 0.10992682087442708
frame0038.jpg 0.000259523220867281 -0.0007386607512265926 0.14956044118454254
frame0039.jpg 0.0007138041162763031 -0.0016268620240944517 0.07675494930716277
frame0040.jpg 0.0004476757366878409 -0.0010536082446129843 0.10563479340026226
frame0041.jpg 0.0006118865014142418 -0.001467786445401379 0.14314338957291367
frame0042.jpg 0.0005459653001605388 -0.001270418146906017 0.13177887071284738
frame0043.jpg 0.0008569891090423577 -0.0018895965149830648 0.08630797588002317
frame0044.jpg 0.00032917166652924066 -0.0007749828458884362 0.07141421401933523
frame0045.jpg 0.00028351394449171736 -0.0006741754405623437 0.04385024564032392
frame0046.jpg -4.1561215964268764e-05 2.1033352803044557e-05 0.13932125395767694
frame0047.jpg -4.1561215964268764e-05 2.1033352803044557e-05 0.13932125395767694
frame0048.jpg 6.117704327497319e-05 -0.0002514333085844955 0.1556830803057681
frame0049.jpg 0.00011959918486315212 -0.00040474153658521806 0.16045479039583127
frame0050.jpg 0.00023935348354484063 -0.0006323777578460626 0.1120775669521027
frame0051.jpg 0.00022536443346451207 -0.0006242465093982017 0.0632863545234407
frame0052.jpg 9.920349362763568e-05 -0.00015781511837365694 0.0030480000409566837
frame0053.jpg 0.0003334826737841916 -0.0007802239692115937 0.002526988309367205
frame0054.jpg 0.0001982610998994575 -0.00041734126717930575 -0.03742990268753346
frame0055.jpg -6.831985158930174e-05 0.0002198798065522976 0.18338651946665646
frame0056.jpg 0.00010358718685765727 -0.00014265400273930702 0.1423559333585699
frame0057.jpg 0.00012622240354663925 -0.00035938611837034413 0.12450070326185995
frame0058.jpg -0.0002819338651733524 0.0006786614501489938 0.11935026652831185
frame0059.jpg -0.00036333450505976586 0.0008624158193724612 0.12896058846561825
frame0060.jpg 0.00017753527024173626 -0.00040958330451351806 0.015405655913041732
frame0061.jpg 0.00022995753042733599 -0.0005345818266432325 0.007157560345472036
frame0062.jpg -6.276624985821405e-05 9.438530742493514e-05 0.07318840209292962
frame0063.jpg 0.0002574918829118592 -0.0006119073910070378 0.008109414905956552
frame0064.jpg -0.00010140727870336464 0.00016133698860843564 0.07194331950442114
frame0065.jpg -9.953243632814676e-05 0.0001822448249038666 0.0781216725103443
frame0066.jpg 2.4619866497866588e-05 -0.00013774652195635239 0.0745931737850134
frame0067.jpg -5.8301461786374794e-05 0.0001113720179448396 0.0079522424515135
frame0068.jpg 0.00018041840089324276 -0.000506972042207908 0.024162139216509733
frame0069.jpg 0.0002019256140665464 -0.000542668425169671 0.06344109527210526
frame0070.jpg 0.0002125212995081441 -0.0005025783096709211 0.040503948446343946
frame0071.jpg 0.0002125212995081441 -0.0005025783096709211 0.040503948446343946
frame0072.jpg 0.0002998793572355645 -0.0007057810571930987 0.0913188759972656
frame0073.jpg -4.621596601630845e-07 2.886324522882541e-05 0.08800475372603185
frame0074.jpg 6.862212779123722e-05 -0.0002162779301389717 0.16701651557511155
frame0075.jpg 0.00024259113079834634 -0.0006313992957962897 0.13341439441219471
frame0076.jpg 0.0008899225901725857 -0.0019442060399098046 0.23399309211237335
frame0077.jpg 0.00031529679961197533 -0.0007000639592223397 0.05356922223941343
frame0078.jpg 0.00043135504217959534 -0.00099386277846541 0.017865212525635218
frame0079.jpg 0.0006566630141479334 -0.0019100232739894024 0.11726558103132932
frame0080.jpg 0.0008431994026191778 -0.003105348414832788 0.23099397547924405
frame0081.jpg 0.0001561962854788766 -0.0036874405985490343 0.5652204635948211
frame0082.jpg 0.0012989622280418914 -0.008979642204342365 0.8306737093237572
frame0083.jpg 0.0012198238505851144 -0.012003101817642815 1.012086136386197
frame0084.jpg 0.002126946493347104 -0.01698647542669173 1.3009499739813184
frame0085.jpg 0.001745946531934505 -0.019367139859151658 1.4673450811981823
frame0086.jpg 0.0021925807787946377 -0.02457092792146701 1.7596442050606491
frame0087.jpg 0.00149263876131203 -0.0275119041665799 2.0551700834871784
frame0088.jpg 0.002601851056590651 -0.03461688330610658 2.1622576779178377
frame0089.jpg 0.002147501186669769 -0.03838625833608527 2.2774206690195378
frame0090.jpg 0.002790471358024439 -0.04445440559734182 2.3734786368052556
frame0091.jpg 0.0029193028185773955 -0.04980319363717663 2.539597081799723
frame0092.jpg 0.0031492499631010536 -0.0594170145637451 2.927167187664472
frame0093.jpg 0.0041088892485186615 -0.0661819765359375 3.092472826890875
frame0094.jpg 0.004541616153124803 -0.07186186663718312 3.3519069070105587
frame0095.jpg 0.004541616153124803 -0.07186186663718312 3.3519069070105587
frame0096.jpg 0.004105953653048992 -0.07597227492405577 3.5918841421537215
frame0097.jpg 0.005608848843839498 -0.08348385263858804 3.741119969243041
frame0098.jpg 0.005238495061091683 -0.08818890837090113 3.9807628409405327
frame0099.jpg 0.00477898407341118 -0.09247245560067983 4.095089369563809
frame0100.jpg 0.005593059222796702 -0.09876456786587108 4.4879613164862375
frame0101.jpg 0.006580018254067489 -0.10539664439881496 4.663190803199859
frame0102.jpg 0.006985929192144053 -0.1113306510814673 4.7849713776358005
frame0103.jpg 0.007730824557658875 -0.1176165746188127 -5.462172802953323
frame0104.jpg 0.0076884450040442314 -0.12186239718916952 5.23133984446384
frame0105.jpg 0.008452985873928384 -0.12787763463599552 5.638666412061696
frame0106.jpg 0.00971775811040864 -0.1350884010350243 5.228049071573829
frame0107.jpg 0.010118290212187351 -0.14073221682645776 5.794472633875919
frame0108.jpg 0.009817727282063288 -0.14514349805914184 6.043482505154201
frame0109.jpg 0.011081116224378795 -0.1521250689849467 6.398513797713808
frame0110.jpg 0.010799761043716744 -0.15641925859603445 6.654999337421524
frame0111.jpg 0.012407935998562531 -0.16397192733294036 6.425319079467938
frame0112.jpg 0.013172332363028965 -0.16990461855462988 6.786943402332059
frame0113.jpg 0.012366400829732671 -0.17280547411394534 7.060714921131987
frame0114.jpg 0.015083862593428103 -0.1824950953420841 7.1525435779973074
frame0115.jpg 0.015789215245881824 -0.19257080075325367 7.521203880958472
frame0116.jpg 0.015777146381878673 -0.19725800792720344 7.683954287180161
frame0117.jpg 0.016485621638879292 -0.20291250664938928 8.044078899814314
frame0118.jpg 0.017599168505776308 -0.20989771888580105 8.03716795934206
frame0119.jpg 0.01754516906955807 -0.2097968163855816 8.04941181526631
frame0120.jpg 0.018551416868763715 -0.2165355945687797 8.317775625092475
frame0121.jpg 0.018920254601841102 -0.2216193475508643 8.547413904864044
frame0122.jpg 0.019728348638667195 -0.2273300170777057 8.739591039440356
frame0123.jpg 0.02093848236689426 -0.23391667633436886 8.692429204727857
frame0124.jpg 0.020865946366814297 -0.2380943298239581 9.125418772701476
frame0125.jpg 0.02218870508893675 -0.2446874579457904 9.348409537889324
frame0126.jpg 0.02350882868432788 -0.25082063537788263 9.488855037515174
frame0127.jpg 0.02424807300132556 -0.25637758496701096 9.63544838032493
frame0128.jpg 0.026071075444327758 -0.2635159275113533 2.504056235692439
frame0129.jpg 0.026407891085954538 -0.26798278165976563 10.03754628378128
frame0130.jpg 0.02717569648972509 -0.27354383026957985 10.272404071252376
frame0131.jpg 0.02809746362886413 -0.2789552291887909 10.647741708809432
frame0132.jpg 0.02970261210487268 -0.2855752648855598 10.785155326660792
frame0133.jpg 0.030594633207629673 -0.2908155544021347 11.050871969978273
frame0134.jpg 0.03231638267041073 -0.2979258007021806 4.429650093485479
frame0135.jpg 0.033122854940817126 -0.3029830036545632 11.263896004480154
frame0136.jpg 0.034740298797655306 -0.3097542157112073 5.104868067957869
frame0137.jpg 0.035793869747452745 -0.31524500669404343 11.477757000525004
frame0138.jpg 0.03557777516779509 -0.3193125293707194 11.853641851637224
frame0139.jpg 0.037385961033605315 -0.32614448920488426 11.987327389031742
frame0140.jpg 0.03856941402356934 -0.3316367643692885 12.156003846174569
frame0141.jpg 0.040086413606041184 -0.3383639237530171 12.407962047348914
frame0142.jpg 0.04068666015733416 -0.34314196917148604 12.666099403880134
frame0143.jpg 0.036342054044881784 -0.3407764875103649 8.902670714222742
frame0144.jpg 0.04306424470092168 -0.3544787717910315 13.134446540901283
frame0145.jpg 0.04536144566038089 -0.3619491773450665 7.816464848334245
frame0146.jpg 0.045543294409761036 -0.3659361491611181 13.462825307457454
frame0147.jpg 0.047524059944007296 -0.37263224081277546 13.40837824479333
frame0148.jpg 0.04830944056949238 -0.3775759529268473 13.782807832134845
frame0149.jpg 0.043783373714232486 -0.37468387518344415 13.76471908822639
frame0150.jpg 0.051513127601556435 -0.3891280333791927 14.188576519531011
frame0151.jpg 0.04579723427637697 -0.3847722716174563 14.183783414613652
frame0152.jpg 0.05389270880924263 -0.3999457731289757 14.374893881405626
frame0153.jpg 0.05575577252411088 -0.406061417552874 14.626027911006654
frame0154.jpg 0.056854086851623235 -0.4113291838543856 14.80213234133474
frame0155.jpg 0.059927940661756864 -0.419255992102016 14.904973045505095
frame0156.jpg 0.06092360308892245 -0.4243244248078985 15.48629677111804
frame0157.jpg 0.061505229629352474 -0.4284511484517436 15.56075900075758
frame0158.jpg 0.06279264343831943 -0.4337148141332016 15.740521833032064
frame0159.jpg 0.0657015900827092 -0.441298187765127 16.001956809347412
frame0160.jpg 0.06717924370517472 -0.4469247822646315 16.153073656261128
frame0161.jpg 0.06853508546298348 -0.4516714071745628 16.50801080173286
frame0162.jpg 0.07051464363445747 -0.4576640997131202 16.22474974250387
frame0163.jpg 0.07249821136490123 -0.4636742026621238 16.522905239926544
frame0164.jpg 0.07357338091154972 -0.4684732710905508 16.81381503382784
frame0165.jpg 0.07114768636525802 -0.4688429063491313 17.002988004461052
frame0166.jpg 0.07915739283430827 -0.4856145261061445 17.31557448682301
frame0167.jpg 0.07845714907066313 -0.4847656897498116 17.313154832069486
frame0168.jpg 0.07989431501188543 -0.4897535815415224 17.824346255925565
frame0169.jpg 0.08257487553677784 -0.49645625887708394 17.793663994876646
frame0170.jpg 0.08395139908659813 -0.501597831769486 17.93143421492985
frame0171.jpg 0.08690642177018898 -0.5085666184014591 14.971332018384125
frame0172.jpg 0.08764517106183707 -0.5124473258392442 18.299402699911575
frame0173.jpg 0.09051947552745568 -0.5192913660232564 18.46692643901007
frame0174.jpg 0.09247267189623824 -0.5246832026885728 18.49352608993883
frame0175.jpg 0.0940336380040786 -0.5297336925299537 18.6300185209276
frame0176.jpg 0.09548247431358067 -0.5348463231108416 18.928791362422448
frame0177.jpg 0.09757994451985932 -0.5406537481357899 19.08793641221438
frame0178.jpg 0.09435977453889527 -0.5404092765927134 19.631761752445033
frame0179.jpg 0.10214857791784927 -0.5522711489135688 19.54143445152333
frame0180.jpg 0.10421266573141158 -0.5579268374948867 17.092135570721137
frame0181.jpg 0.10505874748446613 -0.5618904046491702 19.952117636200825
frame0182.jpg 0.10296924310379084 -0.5627952678847946 20.296170570545065
frame0183.jpg 0.11074592634652207 -0.5738970106852356 20.26417147565547
frame0184.jpg 0.11243261902827452 -0.5789174885146114 20.433239992594647
frame0185.jpg 0.11506651405446244 -0.5847282507028643 20.68016814476418
frame0186.jpg 0.1169569939604849 -0.5899471131409505 20.753890184996195
frame0187.jpg 0.11975647327238555 -0.5960249492920326 20.979667091603016
frame0188.jpg 0.12416372448345205 -0.6068051324805301 21.579405860867553
frame0189.jpg 0.1258632373285249 -0.6119992363038249 21.7636737158786
frame0190.jpg 0.12328379457250264 -0.6134527054710177 21.703411537546085
frame0191.jpg 0.12778421784143165 -0.6178112362626583 19.983391258227165
frame0192.jpg 0.1293682625943529 -0.6222959221980605 22.100912700692106
frame0193.jpg 0.12794173471649173 -0.6244632974788459 22.275970459657625
frame0194.jpg 0.13446244773021446 -0.6341524077483305 20.71243578807461
frame0195.jpg 0.13136447657235592 -0.6346324132018144 22.551599313839628
frame0196.jpg 0.13902736325676504 -0.6448693566083236 21.189952749294463
frame0197.jpg 0.13723818193898074 -0.6467334167827027 22.97050186046333
frame0198.jpg 0.14356185863425694 -0.6556306086668123 23.161154755209513
frame0199.jpg 0.140670357902624 -0.6568696963575326 23.043340040968946
frame0200.jpg 0.14784810147262034 -0.6659849669735898 23.54252258368584
frame0201.jpg 0.15045184056071614 -0.6716368597428575 23.680793292464
frame0202.jpg 0.14841615018278811 -0.6735318909379971 24.02102201110047
frame0203.jpg 0.15114119565793674 -0.679165908709845 24.06093528019881
frame0204.jpg 0.15774198589629987 -0.6876153158307456 24.370426572685428
frame0205.jpg 0.15966044739920807 -0.6925754701679478 24.674949980272103
frame0206.jpg 0.16265805621023866 -0.6984577446713539 23.541778013614174
frame0207.jpg 0.16495372589241952 -0.7037171974159543 23.89716224192898
frame0208.jpg 0.16355049323865226 -0.7061624041283294 25.225268970620128
frame0209.jpg 0.17025909109608425 -0.7141935939103059 23.865172027879428
frame0210.jpg 0.16857910805710485 -0.7166349583982474 25.370448765124486
frame0211.jpg 0.17245813630672996 -0.7228063334783915 25.888417559724232
frame0212.jpg 0.1809646341948684 -0.7356114331317525 25.87344607373184
frame0213.jpg 0.18361554442767186 -0.7410910539915004 25.397887492838716
frame0214.jpg 0.18584505010926208 -0.7459808480443498 26.324625763837123
frame0215.jpg 0.18572544113013373 -0.7459096303497299 26.346673302492906
frame0216.jpg 0.18833772294331635 -0.7510999116063879 26.578957674093896
frame0217.jpg 0.19164784682122546 -0.7568537207108327 25.990535033603287
frame0218.jpg 0.1942344953899458 -0.7618393963689623 26.548068488273664
frame0219.jpg 0.1941937559531956 -0.7655291333352874 27.39000971897939
frame0220.jpg 0.196974365299105 -0.7708955198040159 27.65076038608238
frame0221.jpg 0.20017582816787435 -0.7766621659984849 27.423790173247358
frame0222.jpg 0.2055175642107951 -0.7828879343701652 27.18007892408945
frame0223.jpg 0.2074559076428501 -0.7876342932450358 27.89889999914445
frame0224.jpg 0.21038292709004736 -0.7928904112883821 28.330114703484693
frame0225.jpg 0.2128974306695432 -0.7982228931759128 28.76920356641039
frame0226.jpg 0.21331942462562314 -0.8029297613135864 28.795028236249763
frame0227.jpg 0.2152986795581376 -0.8079083850974098 29.183437411934854
frame0228.jpg 0.22100393275386326 -0.8138906301006223 28.951195530987807
frame0229.jpg 0.2238634559813412 -0.8188907440450829 29.305948048271734
frame0230.jpg 0.227232244295178 -0.8244608227422309 29.034375526980856
frame0231.jpg 0.22741645069164546 -0.8288657649748815 29.88642015803136
frame0232.jpg 0.2329685974095409 -0.8344664176631097 29.34318899684547
frame0233.jpg 0.2339469224976501 -0.8396260529423151 29.99026505653148
frame0234.jpg 0.2387052552866735 -0.8450493370687316 30.02643938956863
frame0235.jpg 0.2389554452282693 -0.8498795031962357 30.808379625932965
frame0236.jpg 0.24557515669174634 -0.8597321643542429 30.98495678125909
frame0237.jpg 0.2490548092221839 -0.8645719762901477 31.39372897980019
frame0238.jpg 0.2515871026313589 -0.8698064496759795 31.599146914461517
frame0239.jpg 0.2538076324186557 -0.8695531350360527 31.429542736551884
frame0240.jpg 0.255399661219406 -0.8747349032584294 31.602618055237457
frame0241.jpg 0.2598126751606952 -0.8792220464929184 31.919371264254963
frame0242.jpg 0.2622831208602485 -0.8848173375891907 31.99935113415988
frame0243.jpg 0.2670018778810009 -0.8893991099982329 32.097387422205074
frame0244.jpg 0.2698972875820052 -0.8945369059704964 32.344551410418354
frame0245.jpg 0.2734064936806129 -0.899243118171083 32.19388999834384
frame0246.jpg 0.27580503635707554 -0.904966056523732 32.485334683697765
frame0247.jpg 0.2788232348005619 -0.9106211716603742 32.82406606621574
frame0248.jpg 0.2833323819436094 -0.9143268030830112 33.072828989700874
frame0249.jpg 0.28690774579218997 -0.919387723344828 33.053216819630734
frame0250.jpg 0.2894429085431942 -0.9249282013877352 33.371716508188875
frame0251.jpg 0.29226326783350515 -0.9300376823820968 33.61228046875029
frame0252.jpg 0.296821864317284 -0.9337800945821212 33.90105977464026
frame0253.jpg 0.29996048151505184 -0.9382835921924552 34.134364003141364
frame0254.jpg 0.30308897748420505 -0.9431474603099516 34.420138564099986
frame0255.jpg 0.3064391421848869 -0.9484334054806108 34.36315492571539
frame0256.jpg 0.3098580990092601 -0.9532686874078408 34.62757646218802
frame0257.jpg 0.3137067790669356 -0.958075181563728 34.94100625922667
frame0258.jpg 0.31680071665262843 -0.9630315512641696 35.12488140207543
frame0259.jpg 0.3199132994848237 -0.96782901300597 35.28087452053072
frame0260.jpg 0.3229389769533755 -0.9737415052498352 35.708419262421344
frame0261.jpg 0.3295194415443499 -0.9824531451973482 36.0600078941189
frame0262.jpg 0.3325235470194364 -0.9893236087853811 36.488645055294725
frame0263.jpg 0.3325444673020634 -0.9892871106317372 36.458894150629696
frame0264.jpg 0.3361359479455883 -0.9944241721388332 36.28942541700596
frame0265.jpg 0.3400490301970041 -0.9972715163922118 36.47156060901651
frame0266.jpg 0.3440967478217306 -1.001225737495496 36.68529885589042
frame0267.jpg 0.3477095050774984 -1.0061182431308628 37.079873238648524
frame0268.jpg 0.3511719850119773 -1.0104087650582243 37.338920273187846
frame0269.jpg 0.35490191821671724 -1.0150013704700451 37.575299988696905
frame0270.jpg 0.3585236953890279 -1.0195104237601122 37.80099380241606
frame0271.jpg 0.36222510855494144 -1.0240423940237178 37.918648344779854
frame0272.jpg 0.3658575535234492 -1.0290555513100552 38.139819405675844
frame0273.jpg 0.3694065228730984 -1.033344018786203 38.42269193772957
frame0274.jpg 0.3733650570084885 -1.0374925645238668 38.78125876658655
frame0275.jpg 0.3771689115712296 -1.041556093270191 39.087630844389984
frame0276.jpg 0.3807020378987588 -1.0460583858379686 39.00551078517632
frame0277.jpg 0.38451721049172705 -1.0510092715659929 39.27685602539887
frame0278.jpg 0.3885859913776963 -1.0564123918463235 39.335531656407795
frame0279.jpg 0.39259010703781105 -1.061975671653948 39.48371879408436
frame0280.jpg 0.3963454502986981 -1.0670787948517708 39.83482775811965
frame0281.jpg 0.4000202739751123 -1.071303191327608 39.88852208298311
frame0282.jpg 0.4039019018200661 -1.0766433920466694 40.534964412504955
frame0283.jpg 0.407367627161528 -1.0809829628337702 41.22806999163276
frame0284.jpg 0.4111710700274283 -1.0858098828577407 41.55272561375024
frame0285.jpg 0.4188896026086961 -1.0950639914123041 40.62548446077381
frame0286.jpg 0.4228694365782296 -1.09948613958703 41.61259038973584
frame0287.jpg 0.4228895224222597 -1.0995469346375495 41.55107378733067
frame0288.jpg 0.4270586426853248 -1.103739438651249 41.28515542510684
frame0289.jpg 0.4304814784684388 -1.1069316137071898 41.62912069204794
frame0290.jpg 0.4339748989034096 -1.1111293968259626 41.47263382186053
frame0291.jpg 0.4384079957261824 -1.1165738301929649 41.99751060763168
frame0292.jpg 0.4427679838491452 -1.1217860355030969 41.7562374422564
frame0293.jpg 0.4463557628241581 -1.1248722119428036 43.2358465561893
frame0294.jpg 0.4506815261947442 -1.1301302462712508 42.828353841000926
frame0295.jpg 0.4543029958495876 -1.1336745629959557 43.82949077026966
frame0296.jpg 0.4578218394417706 -1.136549578496293 43.790046224628284
frame0297.jpg 0.4617390748171917 -1.1412804236656315 44.32064497382511
frame0298.jpg 0.465364806474612 -1.1446661599714083 44.50143272365139
frame0299.jpg 0.469505300443046 -1.149039183194126 44.92834546530658
frame0300.jpg 0.4736995217927332 -1.1535781902052569 45.13746510446525
frame0301.jpg 0.4785389233296547 -1.1591244744966045 44.766288945567894
frame0302.jpg 0.4826818610707604 -1.162853798793424 44.756570187125426
frame0303.jpg 0.4877675896559022 -1.1696775282711325 44.3156581508965
frame0304.jpg 0.4908057348565654 -1.1711734984390905 45.207408227539304
frame0305.jpg 0.4948900880272324 -1.1752520905231207 44.90074690530568
frame0306.jpg 0.4991806197201549 -1.1800410741855143 45.41678079279783
frame0307.jpg 0.5046451278624544 -1.1880185679718611 46.20991525483464
frame0308.jpg 0.5075274934602514 -1.1889230099491008 45.62832523301629
frame0309.jpg 0.5122840875114165 -1.1947131429042983 46.001009002620926
frame0310.jpg 0.521541421698309 -1.2049662805971662 47.00381091808962
frame0311.jpg 0.5215102169999695 -1.2048962067656197 47.053396669929676
frame0312.jpg 0.5237920809506493 -1.20404955238251 45.87932719094453
frame0313.jpg 0.5303465754205022 -1.2131612772475495 47.08086325261161
frame0314.jpg 0.5324373056318402 -1.211825377074301 46.42175865288302
frame0315.jpg 0.5368601906038486 -1.2165546431147771 46.7949783895863
frame0316.jpg 0.5413242080187932 -1.2211414664564262 47.67283548157175
frame0317.jpg 0.5454136869814346 -1.224893269813405 47.079320612668106
frame0318.jpg 0.5494634027029095 -1.2292342070415423 47.17455606482638
frame0319.jpg 0.5537479707968225 -1.232942656514799 47.34059593050261
frame0320.jpg 0.5588138017521012 -1.2380960990825356 48.619056969510396
frame0321.jpg 0.5649888770848015 -1.2459967238057907 48.18302278483986
frame0322.jpg 0.5670766519045032 -1.244810160257814 49.811942534742826
frame0323.jpg 0.5749224455536612 -1.2553273153218436 48.846456806950904
frame0324.jpg 0.5758173581535013 -1.2519355308590925 48.48269965590857
frame0325.jpg 0.5823453583203293 -1.2603544214518545 49.311034742736645
frame0326.jpg 0.584503973761175 -1.2594934941236888 48.994001487942846
frame0327.jpg 0.5904798256045023 -1.2657647343195535 48.89356849164289
frame0328.jpg 0.5939492294398699 -1.2682095909784614 48.961698181466524
frame0329.jpg 0.5975060387585442 -1.2709851902885778 51.656398753212
frame0330.jpg 0.6029064127609527 -1.2761516266063782 49.82309560628812
frame0331.jpg 0.6105203515312879 -1.2826070613671785 52.774406858032826
frame0332.jpg 0.6151978467464292 -1.286774502004222 53.101168904483636
frame0333.jpg 0.6196368473647651 -1.290457460884858 53.507070227416314
frame0334.jpg 0.6240741166067696 -1.2939229720021987 50.54562048708542
frame0335.jpg 0.6241273535108298 -1.294012221915863 50.557074310608456
frame0336.jpg 0.628821250353645 -1.2978533375102486 53.536169388455235
frame0337.jpg 0.6347025235982958 -1.3031659590247306 51.004185467528856
frame0338.jpg 0.6382453677965805 -1.3056568746382144 51.26978416720975
frame0339.jpg 0.6426914392084639 -1.3095890425486825 53.7197923550746
frame0340.jpg 0.6516482976149658 -1.3204312844646326 53.27398924740999
frame0341.jpg 0.6521360521157252 -1.3169207302450714 54.847206168485826
frame0342.jpg 0.6570775135561022 -1.3211260693562163 54.7040783696219
frame0343.jpg 0.663474916116862 -1.3278827882919788 53.90469208992234
frame0344.jpg 0.6702061055194573 -1.3347506963971727 54.0586500597363
frame0345.jpg 0.6696955103753168 -1.3296813758378874 52.86322287498866
frame0346.jpg 0.6750228233125741 -1.3346505875192198 55.70548811025004
frame0347.jpg 0.6837236040243735 -1.3442129673494383 54.56085571195285
frame0348.jpg 0.6855580318166201 -1.34259318627072 53.35928594210171
frame0349.jpg 0.6905588042862837 -1.3463947204942577 56.713254739795396
frame0350.jpg 0.69440893379874 -1.3480205555237286 53.61283248052818
frame0351.jpg 0.7038917559233736 -1.358665188193165 56.67078504425458
frame0352.jpg 0.7030035827416337 -1.3534229922037098 58.13602322119518
frame0353.jpg 0.7090427003141185 -1.358789701332752 57.437117772714025
frame0354.jpg 0.7132473507919874 -1.3614440681628044 58.61583369982496
frame0355.jpg 0.7174407698978982 -1.3634113511235215 54.8811456606649
frame0356.jpg 0.7279255318008507 -1.3717756127303196 55.2388067418818
frame0357.jpg 0.7338310072818846 -1.3762330346602618 59.503007160269874
frame0358.jpg 0.7375030822395814 -1.3776124163912782 60.088916589238345
frame0359.jpg 0.7375085113126698 -1.377624512545078 60.074222303563005
frame0360.jpg 0.7428136375093946 -1.3817667056285594 60.011624288325436
frame0361.jpg 0.7470594934260493 -1.3837014290926608 55.74017500248969
frame0362.jpg 0.7527965245857269 -1.3881934664022588 61.004763696044705
frame0363.jpg 0.7568407276288823 -1.3901580432531464 56.65650832930064
frame0364.jpg 0.7626607611342795 -1.3947944853923444 56.65077454060084
frame0365.jpg 0.7767859757023708 -1.4109327291129548 58.683343594055785
frame0366.jpg 0.7728786313693006 -1.4018961737918678 57.29505045748945
frame0367.jpg 0.7770955383763286 -1.4043290426136008 57.57125631855091
frame0368.jpg 0.7810050199498174 -1.4062649665250484 62.609404424545325
frame0369.jpg 0.7862574267293002 -1.4097311837537556 63.14466574532909
frame0370.jpg 0.7914895214036609 -1.4132809944554192 63.03597660064664
frame0371.jpg 0.7985799162619939 -1.4187860920398403 58.34052692863078
frame0372.jpg 0.8015669955979001 -1.419058526616931 63.666513856956655
frame0373.jpg 0.8079591452447312 -1.4237387384561293 58.63818536308709
frame0374.jpg 0.8137641562916601 -1.4280253214061922 58.83600878740965
frame0375.jpg 0.8179009146593827 -1.429822801882036 64.63168787966711
frame0376.jpg 0.8232809250878165 -1.4325962135773618 59.26745575102017
frame0377.jpg 0.8274334040679479 -1.4341737954343607 59.2190149035881
frame0378.jpg 0.8331151922515622 -1.4380372220237745 59.497678458214324
frame0379.jpg 0.8376173424887322 -1.4402833315263883 65.79663329524824
frame0380.jpg 0.8428328706928082 -1.4428626702080578 65.80046869906813
frame0381.jpg 0.8489711920786874 -1.4466304323452732 60.317364742981795
frame0382.jpg 0.8605534948151119 -1.453036202541531 60.589431319913146
frame0383.jpg 0.8603725484499459 -1.4528038783144082 60.55785659152141
frame0384.jpg 0.8643905226807167 -1.454437382631086 67.36381349577347
frame0385.jpg 0.8692319419750254 -1.4563714038420268 60.79352858568556
frame0386.jpg 0.8746609267355532 -1.459310719464243 61.054010091926
frame0387.jpg 0.8811988080603733 -1.4635072103736884 61.59737216085343
frame0388.jpg 0.8863870072871967 -1.4663427737370385 61.9085330120905
frame0389.jpg 0.8911389410654694 -1.4682555109596866 61.71937067847811
frame0390.jpg 0.8963098184254505 -1.4706342610991974 62.102372613169535
frame0391.jpg 0.9015647406126232 -1.473593191779872 62.70646587043864
frame0392.jpg 0.9080761077511776 -1.478063805423625 62.54865779440157
frame0393.jpg 0.9132630059610022 -1.4803381059135272 62.59957314260643
frame0394.jpg 0.9178060558916412 -1.481969972966021 62.7268661502546
frame0395.jpg 0.922129512460166 -1.4838504867675502 71.02405349569688
frame0396.jpg 0.9285361366936896 -1.4875360040080714 62.990806817839534
frame0397.jpg 0.9329692912716662 -1.4890193923423447 63.62013124047397
frame0398.jpg 0.9394462507057711 -1.4929293281347475 63.69901355703775
frame0399.jpg 0.9444807425472236 -1.4953345036534953 63.762069689478395
frame0400.jpg 0.9485337261276896 -1.4966759470860416 64.00324835353862
frame0401.jpg 0.9544149664801751 -1.5002195556037232 64.3424268002725
frame0402.jpg 0.9595176094118756 -1.5031140516936001 64.51473590652989
frame0403.jpg 0.9705193274747268 -1.5082566376267297 65.13609493051182
frame0404.jpg 0.9748909540683184 -1.5095694951565444 65.16835859174992
frame0405.jpg 0.9807389649592502 -1.5123880167172512 65.59433238237376
frame0406.jpg 0.9862613705609627 -1.5146651265108881 65.84837186370838
frame0407.jpg 0.98645899070562 -1.5148856304619496 65.78242187019994
frame0408.jpg 0.9919557474455496 -1.5171059118313768 65.92365508866065
frame0409.jpg 0.9980548191148836 -1.5203098263380848 66.09708963532226
frame0410.jpg 1.0028977128927907 -1.5219592305660816 66.34859715302905
frame0411.jpg 1.0073171608084082 -1.5229862254391933 66.75579807683235
frame0412.jpg 1.0136718293850782 -1.5262170990332409 66.85834039540583
frame0413.jpg 1.0195970003062091 -1.5288962027896265 67.21860694873904
frame0414.jpg 1.0247983103674891 -1.5308076680515657 67.4248647725777
frame0415.jpg 1.030727161720149 -1.5332271083647135 67.4706837532188
frame0416.jpg 1.0371241143310928 -1.5361337433371385 67.94397846507346
frame0417.jpg 1.0423169480812062 -1.5379659180878975 68.26075300322996
frame0418.jpg 1.0482884838041395 -1.540352051961248 68.09614532580758
frame0419.jpg 1.0531997932340773 -1.5418568705258189 68.71479011666085
frame0420.jpg 1.0589528442423024 -1.5439755809350388 68.62960102022926
frame0421.jpg 1.0639674082336446 -1.5452694389843702 68.93845938453711
frame0422.jpg 1.0711318964423755 -1.549017473217997 69.03100048639412
frame0423.jpg 1.0762824570029652 -1.5507558449738053 69.36909594357572
frame0424.jpg 1.0816680553102243 -1.5526548282536328 69.45603143340227
frame0425.jpg 1.0869978139917185 -1.5543480743471867 70.08049632216036
frame0426.jpg 1.0935470831776206 -1.557404289598055 70.38469458593715
frame0427.jpg 1.1001626248055838 -1.5604178289454702 70.15645699380504
frame0428.jpg 1.1092871663055612 -1.5619994591101203 70.77145882148045
frame0429.jpg 1.1169360005451343 -1.5657552788075082 70.69700255998906
frame0430.jpg 1.1219742397312036 -1.5667872373042848 71.11520726444222
frame0431.jpg 1.1221475916829968 -1.5669611181713217 71.10189442706897
frame0432.jpg 1.128734646206209 -1.569475847152804 71.21674675992864
frame0433.jpg 1.1334352467147994 -1.5703043404380739 71.65747715531265
frame0434.jpg 1.1398051828612026 -1.5726561169618307 71.60181348772606
frame0435.jpg 1.1454458647726335 -1.5740930033993503 72.07684681369652
frame0436.jpg 1.1503121749228649 -1.5751099459303104 72.25879213334241
frame0437.jpg 1.1572090322549642 -1.5781573272886902 72.45124366413417
frame0438.jpg 1.16275661602893 -1.5798488928886585 72.56703338024889
frame0439.jpg 1.1686706449139492 -1.581570802344277 72.86715384438834
frame0440.jpg 1.1726067627095025 -1.58222847659747 72.93739632676291
frame0441.jpg 1.1756364275783318 -1.5828501356865723 73.37328426678035
frame0442.jpg 1.1764934231460211 -1.582324520921471 73.53311974382676
frame0443.jpg 1.1802383218484442 -1.5852990184193212 73.41503858886044
frame0444.jpg 1.1783676986446203 -1.5835514833240525 73.46046788543549
frame0445.jpg 1.1778386897999014 -1.583023199835411 73.40919253814631
frame0446.jpg 1.1779910509410512 -1.5831453159876967 73.33433833236005
frame0447.jpg 1.1790242398500843 -1.5841496402818325 73.3194256466555
frame0448.jpg 1.179168283318304 -1.5842979815335092 73.31196150379225
frame0449.jpg 1.1786235398298497 -1.5837655705869094 73.35618948751457
frame0450.jpg 1.1786519440350502 -1.583789332803764 73.34210730415413
frame0451.jpg 1.1788809176395063 -1.5840069026818666 73.36815492792522
frame0452.jpg 1.178618703133525 -1.583780408343261 73.29305891645147
frame0453.jpg 1.1781533163916358 -1.583356748149478 73.33208702658929
frame0454.jpg 1.1776963019432083 -1.5829522499349502 73.32657387892813
frame0455.jpg 1.1781827093934845 -1.5833916223514548 73.21940706163653
frame0456.jpg 1.1778118610258417 -1.5830893460365951 73.25363174240971
frame0457.jpg 1.1776166025381367 -1.5828727009635517 73.32506151129792
frame0458.jpg 1.1775760904821302 -1.58283131019707 73.45519805292315
frame0459.jpg 1.177201651519071 -1.5825276935828436 73.31232764114031
frame0460.jpg 1.1787584575241454 -1.5839173703082785 73.44002039644815
frame0461.jpg 1.1787257793457702 -1.5838805305291648 73.45524260430744
frame0462.jpg 1.1781703187633554 -1.5834285788265678 73.33196318470121
frame0463.jpg 1.1784192999345613 -1.5836100795908603 73.36609902474382
frame0464.jpg 1.1786060862584449 -1.5838377814336502 73.22709283469617
frame0465.jpg 1.178837925611895 -1.5840345699862592 73.29812784433828
frame0466.jpg 1.1782886754556925 -1.5835316049625658 73.2566493631589
frame0467.jpg 1.1783200112210213 -1.5835517420859222 73.24642742259705
frame0468.jpg 1.178385968762758 -1.5836142675438385 73.24062803848183
frame0469.jpg 1.1784516459317174 -1.5836724138548757 73.23434189530569
frame0470.jpg 1.1792246313295067 -1.5843841905788063 73.26171119718177
frame0471.jpg 1.1780878127647132 -1.5833281333693667 73.29934829016452
frame0472.jpg 1.178706199459003 -1.583874981128884 73.32057305518056
frame0473.jpg 1.1784518757596212 -1.5836093683282977 73.24387271434897
frame0474.jpg 1.1782873552732929 -1.5834800475346449 73.33917082272512
frame0475.jpg 1.1781550949615434 -1.5833292125173417 73.2833711272949
frame0476.jpg 1.1781235750088723 -1.5832872745382685 73.30742911835014
frame0477.jpg 1.1783526363031305 -1.5835204362251778 73.33943542395359
frame0478.jpg 1.1783072290826844 -1.5834718812559925 73.34353214929746
frame0479.jpg 1.1783072290826844 -1.5834718812559925 73.34353214929746
frame0480.jpg 1.1792101010385805 -1.5843293958630205 73.27422151218606
frame0481.jpg 1.1792247893047227 -1.5843126313716358 73.33975205974383
frame0482.jpg 1.1786471376479577 -1.5837500571229823 73.27666711414433
frame0483.jpg 1.1786134913268491 -1.583718685604541 73.28672027970472
frame0484.jpg 1.1775678170718316 -1.5828035621889596 73.33600079474222
frame0485.jpg 1.1774551808316434 -1.5826956472701583 73.35505007340035
frame0486.jpg 1.1775314749069947 -1.5827681806981122 73.35133640526061
frame0487.jpg 1.1776382302307853 -1.5828643587833942 73.34874294886002
frame0488.jpg 1.1788842987479529 -1.5840031469914957 73.27866568778612
frame0489.jpg 1.177874868491516 -1.583070060040664 73.33314737460078
frame0490.jpg 1.178638093153784 -1.5837700139529642 73.26395703363659
frame0491.jpg 1.1783586635782886 -1.5835058144430914 73.2539258127833
frame0492.jpg 1.1784614105912916 -1.5836071987198286 73.2122627090767
frame0493.jpg 1.1791222062429196 -1.5842110920545465 73.24330897601548
frame0494.jpg 1.1788530397612182 -1.5839798214746392 73.26130428444333
frame0495.jpg 1.1783092809792894 -1.5834934524847981 73.30144641933408
frame0496.jpg 1.1783070482146287 -1.5834853636817965 73.28353663678419
frame0497.jpg 1.1783476652472855 -1.5835279594392229 73.31507304442741
frame0498.jpg 1.1781510249484848 -1.5833472399212496 73.31212296682516
frame0499.jpg 1.178265388328346 -1.5834167663387588 73.29299309653223
frame0500.jpg 1.1779799906673518 -1.5832062723019642 73.25523988503113
