frame0000.jpg 0.0 0.0 -0.0
frame0001.jpg 0.0 0.0 -0.0
frame0002.jpg -0.0009525688381708756 -0.0012426604410452427 -0.08020670495996625
frame0003.jpg -0.001056349516361039 -0.0013787927409853067 -0.08472677509171597
frame0004.jpg -0.001056349516361039 -0.0013787927409853067 -0.08472677509171597
frame0005.jpg -0.001056349516361039 -0.0013787927409853067 -0.08472677509171597
frame0006.jpg -0.001056349516361039 -0.0013787927409853067 -0.08472677509171597
frame0007.jpg -0.001056349516361039 -0.0013787927409853067 -0.08472677509171597
frame0008.jpg -0.0007754369535309905 -0.0010217403260510164 -0.08421515834917685
frame0009.jpg -0.00057727224893084 -0.0007417042864781867 -0.09449349452594884
frame0010.jpg 0.000953666521754474 0.0012527506503939225 -0.10589590418673114
frame0011.jpg -9.379734845006081e-05 -3.536204075132084e-05 -0.08329969292534896
frame0012.jpg 0.0002734174983828984 0.00046988958015071726 -0.0013848469897284582
frame0013.jpg 0.00014543940053688765 0.000286883764941745 -0.03879929549597876
frame0014.jpg 0.00023527402795513373 0.00039429111195995315 -0.06950605973807017
frame0015.jpg 0.00042842745318435587 0.0006150475883666003 -0.018154219230013192
frame0016.jpg 0.00017627136174300554 0.00030322802215694084 -0.04308874352218047
frame0017.jpg 0.0002532545789479645 0.0004116615225595174 -0.03996063941799274
frame0018.jpg 0.0003895028531383713 0.0005256600506605389 -0.01248166846014211
frame0019.jpg -0.0001655970277402654 -0.00013195456473692174 -0.07657873678984349
frame0020.jpg 0.0005333366170892618 0.0007284541669425662 -0.08797952529905555
frame0021.jpg 1.5035247413659266e-06 2.4490849381276198e-05 -0.07914260392683918
frame0022.jpg 0.0004972797943169375 0.0006871540072571728 -0.0586343425188083
frame0023.jpg 0.0005760111603211888 0.0007633699871021669 -0.025783092017050254
frame0024.jpg -0.0004301209016220858 -0.000513621912348901 -0.08251900307237131
frame0025.jpg 0.0007677577873371903 0.0009642165343506748 -0.09509619236121136
frame0026.jpg -0.0009756348629248057 -0.001177177246560521 -0.04133274642984666
frame0027.jpg -0.0011122304825119387 -0.0013642461269369394 -0.032125292835937805
frame0028.jpg -0.0007772882539255003 -0.0009707831336669301 0.005705584090230296
frame0029.jpg -0.0008609700718325445 -0.001019764896063601 -0.06482916727568251
frame0030.jpg 5.321957725158205e-05 0.00013186960970656234 0.044346084693725016
frame0031.jpg 0.0007464553567974218 0.0009679216884493305 -0.06261893955113698
frame0032.jpg 0.0005793210110988938 0.0007459456848033787 -0.04216799082587587
frame0033.jpg 0.0002662247755431897 0.0003818265464131802 0.03962111326973015
frame0034.jpg 7.467414360360077e-05 9.137108388647215e-05 -0.05098481721682882
frame0035.jpg 0.0004971007669922566 0.0006342656748642838 -0.05040405007522943
frame0036.jpg 0.00029381245812022547 0.000365571077597297 0.0031540030349138733
frame0037.jpg 0.0005843964276668742 0.0007361293608810342 -0.02250968318286171
frame0038.jpg -0.000507141872190338 -0.0006304384477926299 -0.052856839209802234
frame0039.jpg -0.000820963882778207 -0.0010204011827983617 0.008910068480716026
frame0040.jpg 0.0006776147092271818 0.0008602543826910767 0.017297055373480197
frame0041.jpg -0.0007234075657602514 -0.0008449879517836812 -0.03262661120612448
frame0042.jpg 0.00012555354367862844 0.00015624357616309567 0.08885054345412861
frame0043.jpg 0.00027852663892359434 0.00039237253996624575 -0.008535412612679922
frame0044.jpg 0.0007068774969466098 0.0009446213463851645 -0.08558610949926777
frame0045.jpg 0.00012575488779139064 0.00020792767390573095 -0.05251582924021387
frame0046.jpg 0.0005563338910987643 0.0007299586951770646 -0.05566305262268162
frame0047.jpg -0.0004651044933421483 -0.0006075626654298246 -0.015318921648982816
frame0048.jpg -0.0012517544385257033 -0.0015988661301831976 0.0037732069659019134
frame0049.jpg -0.001247288760683573 -0.0015933874256020687 0.003944054932120386
frame0050.jpg -0.0011406423338511365 -0.0014725902538770626 0.03198401745768897
frame0051.jpg -0.0015523920332378288 -0.001943008789922968 0.06960601266925873
frame0052.jpg -0.0017423623456262688 -0.002165510996672629 0.03580425905541176
frame0053.jpg -0.001678485679908362 -0.0021005984549507905 0.06043572281291928
frame0054.jpg -0.0013115281092555893 -0.0016378281557865172 -0.01503914179711786
frame0055.jpg -0.0019291984840822441 -0.002423174833951189 0.03020417584807531
frame0056.jpg -0.0012863381506458453 -0.001639790228010864 -0.032326183064416834
frame0057.jpg -0.000552862842881951 -0.0006667149191729183 -0.054438448578855714
frame0058.jpg -0.0014571391578137886 -0.0017876952007790554 -0.003568450892287528
frame0059.jpg -0.00013762977518308507 -0.00016096856444602762 -0.03994525520705513
frame0060.jpg -0.00023582305561562896 -0.00026974472080556024 -0.09054551737033348
frame0061.jpg 0.00045807552380307265 0.0006119580351473298 -0.043812043407504914
frame0062.jpg -0.00011233160426104866 -0.00014768838879000083 -0.07796389771935144
frame0063.jpg 0.00038679611923043137 0.0005208130159138972 -0.08101685241119047
frame0064.jpg 0.00015421837994289336 0.0002495569181543878 -0.12180196255132815
frame0065.jpg 5.7139667466587165e-06 5.304806449286709e-05 -0.041841752468679265
frame0066.jpg -0.0010851247341964745 -0.0012685624958586616 -0.05543850580907976
frame0067.jpg -5.203977734834626e-05 1.2057907186952678e-05 -0.0011996202072296258
frame0068.jpg -0.000548132631562538 -0.0006841836097735975 -0.06029102848306495
frame0069.jpg -0.0005415808376369438 -0.0006718296713441379 -0.06249004187281134
frame0070.jpg 7.41620867018943e-05 0.00016299941604792345 -0.019286815238223773
frame0071.jpg -0.00033731513411176583 -0.0003597055077661167 -0.015861791839945627
frame0072.jpg -0.00010503717442405256 -6.673246892949617e-05 -0.012563745180432365
frame0073.jpg 0.0001440506374637297 0.00025478673985520695 -0.0008095820720582668
frame0074.jpg 0.0006587750014735205 0.0009080225527745636 -0.008604275649693387
frame0075.jpg 0.0007108770284269057 0.0009741715243912283 -0.016593290159344944
frame0076.jpg 0.0004961991666435969 0.0006905482597947178 -0.014373531053310185
frame0077.jpg -0.0007303895299178124 -0.0008518725317712756 -0.0800760340163533
frame0078.jpg -0.00040326481279119326 -0.00046054759571270975 -0.025525993811421174
frame0079.jpg -0.001328267179010681 -0.001654122072316511 0.017598666505046733
frame0080.jpg -0.0012595220753736035 -0.0015437532643159597 -0.0014539626744847136
frame0081.jpg -0.0012595220753736035 -0.0015437532643159597 -0.0014539626744847136
frame0082.jpg 0.000847779476162051 0.0010746065992999858 0.08724116139304995
frame0083.jpg 0.0016971433120215017 0.0021298358452419568 0.04228514015635778
frame0084.jpg 0.0012116826041474178 0.0015757117909423488 -0.0485633571681376
frame0085.jpg 0.0002621382416254887 0.00030531168625947314 0.004529926371989875
frame0086.jpg -0.00016732644414073664 -0.0002728136873872977 -0.041312581009474825
frame0087.jpg 0.0003792304873045095 0.000503020035275229 0.02747987318111534
frame0088.jpg 0.000696216960400009 0.0009091686253469254 0.02719465607830289
frame0089.jpg 0.0005272783204021311 0.0006446280875953237 0.07163810914224453
frame0090.jpg -0.00033754498139168206 -0.0003894458504381181 -0.052937679456992966
frame0091.jpg -0.0013488498906392029 -0.0016804798033186869 -0.0615077851222904
frame0092.jpg -0.0003700280606586707 -0.00046893532697016906 -0.1301341836177602
frame0093.jpg -0.0007446759986095108 -0.0009067756464959589 -0.044708771295998775
frame0094.jpg -0.0007511536320528314 -0.000909015844159591 -0.023770028431100428
frame0095.jpg -0.0008169814881672697 -0.0009885764362399278 -0.035915409677378704
frame0096.jpg -0.00014044771664587037 -0.00016158168289520517 -0.03977507852346617
frame0097.jpg 0.00021840253232245933 0.0002564950332749237 -0.01644943743530154
frame0098.jpg 0.0003773664385031451 0.0004411349596443793 -0.054733823507599214
frame0099.jpg 0.00014638976061851625 0.00021405579189872796 -0.03684491673584229
frame0100.jpg 0.00015050208529654167 0.00015873905236370186 -0.14698848895551506
frame0101.jpg 0.0003033440479562995 0.0003512421505570513 -0.13804850453684242
frame0102.jpg -0.0008958027883567869 -0.001078937791000507 -0.06407942960328959
frame0103.jpg -0.000622237606176845 -0.0007539792393941008 -0.05731148935930335
frame0104.jpg -0.0007571532998260767 -0.0008992708577604653 -0.033077721507941096
frame0105.jpg -0.0007848703993138546 -0.0009416970332219657 -0.03715427505135727
frame0106.jpg -0.0004942024689241206 -0.0005469802459295981 -0.074697685862209
frame0107.jpg -0.0012810433532850945 -0.001581551417009824 -0.0270446582225232
frame0108.jpg -0.0006738558061198525 -0.0007991496397220973 -0.05360560578475671
frame0109.jpg -0.0011288629757434602 -0.0013879412672943693 -0.028272690415050095
frame0110.jpg -0.00041763057685379753 -0.0004554465872791184 -0.04759632998596544
frame0111.jpg -0.0012253479503468742 -0.0007892227841021403 -0.021142269431693072
frame0112.jpg -0.0012357375607883845 0.0005540803814802383 -0.026247624224407542
frame0113.jpg -0.004389247190135516 -0.0014105154767691086 -0.16550378223176984
frame0114.jpg -0.0041462088228700015 0.0012063960901586056 -0.5726561486300515
frame0115.jpg -0.005803993814692205 0.0018672192297697152 -0.7655940733243916
frame0116.jpg -0.0046524438212893066 0.006436447038689225 -0.9400428640448082
frame0117.jpg -0.004863760531119813 0.009488321966888971 -1.0775748161370071
frame0118.jpg -0.005860887638266689 0.011826906434823484 -1.1845649204544166
frame0119.jpg -0.0068733994505968225 0.014192192123578081 -1.1701098892591475
frame0120.jpg -0.008327619455524708 0.0192553846230254 -1.5284014299764084
frame0121.jpg -0.008327619455524708 0.0192553846230254 -1.5284014299764084
frame0122.jpg -0.010110577186615656 0.02495183579036496 -2.602393502214381
frame0123.jpg -0.010515756972783657 0.028219203365145374 -2.6990826345761474
frame0124.jpg -0.007428450974173777 0.03569574512047092 -2.9238315254359075
frame0125.jpg -0.008454295343461909 0.03821338213489319 -3.253232224827871
frame0126.jpg -0.010329705563798777 0.04007857580856653 -3.3893894560560662
frame0127.jpg -0.010156441799062723 0.04413189591754362 -3.740192556075323
frame0128.jpg -0.009249328609253371 0.04898862108667447 -3.934637682237833
frame0129.jpg -0.009250978846360388 0.04898552794357232 -3.9460667761402517
frame0130.jpg -0.010313318658647631 0.0515182517173938 -4.153004330013302
frame0131.jpg -0.010627239296139266 0.05553341479639061 -4.293722839248127
frame0132.jpg -0.009443141413537477 0.06111694743590819 -4.562746236955332
frame0133.jpg -0.008521826017524065 0.06591894071464831 -4.680469888335295
frame0134.jpg -0.009125844934612694 0.06901609427687146 -4.882132578354644
frame0135.jpg -0.008819243071450433 0.07332856831265472 -5.054090707743216
frame0136.jpg -0.006449842280727584 0.07983272321827818 -5.246335796584847
frame0137.jpg -0.007485765580220982 0.08240088139217991 -5.531327875923481
frame0138.jpg -0.006285905490984582 0.08759539570862547 -5.595276459724046
frame0139.jpg -0.007351719532162709 0.0902356827357068 -5.790461459718455
frame0140.jpg -0.007713621915289424 0.09395933332513512 -5.6414363407494985
frame0141.jpg -0.007540714182811221 0.09797755182218998 -5.8404535175116425
frame0142.jpg -0.006132959696134678 0.10362702001986616 -5.960043839977497
frame0143.jpg -0.00615681742847262 0.10770470151776808 -6.110518323749057
frame0144.jpg -0.004005130061911061 0.11377767778889634 -6.111974173153616
frame0145.jpg -0.003171639477647745 0.12165329036839045 -6.639211082930805
frame0146.jpg -0.00202450124232667 0.12665176202371542 -6.730072965817126
frame0147.jpg -0.0027883867693986875 0.12964147918314894 -6.784520070282722
frame0148.jpg -0.0012102012775057347 0.13490847025674496 -6.750456962682871
frame0149.jpg -0.0007466674731611 0.1391136981201227 -6.798194063984942
frame0150.jpg -0.0006730762415215612 0.14300614880331589 -6.733489879372245
frame0151.jpg -0.00041346059372553146 0.14699374286787786 -6.884845137809798
frame0152.jpg 0.002354043337973177 0.15395584914441188 -7.1835045804854
frame0153.jpg 0.002045434342506897 0.1536248664477507 -7.192900386035754
frame0154.jpg 0.00036951258073572585 0.1562730983306964 -7.231476151829749
frame0155.jpg -8.534164783478848e-05 0.15951182801647948 -7.136093083801316
frame0156.jpg 0.00023677911820210729 0.16314465685901747 -7.316895026274552
frame0157.jpg 0.0028539518896975873 0.16942958480494352 -7.486481592332658
frame0158.jpg 0.004742569500846214 0.17541261777449513 -7.720678482669744
frame0159.jpg 0.0059875105972440066 0.18051226673085505 -7.591493133656793
frame0160.jpg 0.0073621233481030455 0.1853851221768133 -7.7241535703794435
frame0161.jpg 0.0048105709948216 0.18666740538209625 -8.017619904899597
frame0162.jpg 0.006208157565889411 0.19200592836856373 -8.19088058575911
frame0163.jpg 0.007277366794349219 0.1970658003199766 -8.399029954222982
frame0164.jpg 0.006797210154581582 0.20052618209141965 -8.34313731459294
frame0165.jpg 0.009463428723857165 0.2072195394033877 -8.314571549349504
frame0166.jpg 0.009497112640896102 0.2113325621319148 -8.33026635715311
frame0167.jpg 0.008753559498604888 0.21475769559730187 -8.345926720978987
frame0168.jpg 0.010588336879186214 0.22036087552527872 -8.65649665001002
frame0169.jpg 0.01178890223221324 0.22916312158600546 -8.831783404522447
frame0170.jpg 0.013298270077151205 0.2343833246248943 -8.811306320620252
frame0171.jpg 0.013145156284776569 0.2381488438210185 -8.87569526853546
frame0172.jpg 0.014525546550195834 0.2432561566642489 -9.034792591748475
frame0173.jpg 0.0160595884954573 0.2485107370273985 -9.201617002679905
frame0174.jpg 0.017885592661807767 0.2539933354433842 -9.213229660740547
frame0175.jpg 0.017867607131897292 0.25822982349540635 -9.273956790733171
frame0176.jpg 0.019524694335366192 0.26357248476144657 -9.294859239309346
frame0177.jpg 0.018940524275359846 0.26301227761706786 -9.2538053138356
frame0178.jpg 0.018441985537089083 0.26631765960738724 -9.433507182179552
frame0179.jpg 0.019774296485568776 0.27147214345411164 -9.578018967050312
frame0180.jpg 0.01976763809081569 0.27524911458894924 -9.654825802313065
frame0181.jpg 0.02148510388518909 0.28056539668134983 -9.859253474253038
frame0182.jpg 0.02280511964586604 0.2854033447502641 -9.771979864115453
frame0183.jpg 0.02196324432978364 0.28840899725295005 -10.003182992858235
frame0184.jpg 0.0251911841829503 0.2946503693651808 -10.232151804390224
frame0185.jpg 0.025659630899879327 0.29851873699579673 -10.351048548484508
frame0186.jpg 0.025614169071482926 0.3021184651876425 -10.478585564458577
frame0187.jpg 0.02784804807091817 0.30804713923446125 -10.486762580459095
frame0188.jpg 0.029175884642036243 0.3129116176194467 -10.889804275098157
frame0189.jpg 0.02839358226228017 0.31568471738983905 -11.242920774904194
frame0190.jpg 0.028702164367268607 0.3194766303321744 -11.327859061884803
frame0191.jpg 0.03154036895201762 0.3257824975008209 -11.593249140070041
frame0192.jpg 0.033748295072805023 0.33451174158710084 -12.02890725601251
frame0193.jpg 0.033367025092070735 0.3342363195254849 -11.937743299356274
frame0194.jpg 0.03497808236767397 0.3423009777334035 -12.349256250813408
frame0195.jpg 0.03608746867500587 0.3467992309389077 -12.688452224715155
frame0196.jpg 0.03720239182426663 0.3512093895401463 -12.894137131856649
frame0197.jpg 0.03750316436625284 0.3549638799647265 -13.140026834975245
frame0198.jpg 0.03881166631601693 0.3595862689697717 -13.220357692755195
frame0199.jpg 0.04056591565958429 0.3645423993470458 -13.380434578963866
frame0200.jpg 0.041166340592212136 0.3685653662003999 -13.437054172052267
frame0201.jpg 0.04112566263684925 0.36853036941427897 -13.431361891361485
frame0202.jpg 0.043459876394945335 0.3739482171137788 -13.704200514917126
frame0203.jpg 0.04251885470311317 0.3769785730315434 -13.867319444660131
frame0204.jpg 0.04398052631468044 0.3815658357891103 -13.722590132446921
frame0205.jpg 0.04633535396791638 0.3865612264690384 -13.920484090201784
frame0206.jpg 0.04617881138915456 0.3898950318003848 -14.289462130016176
frame0207.jpg 0.046830867270767566 0.393934043877863 -14.443827053181176
frame0208.jpg 0.0497753456605238 0.3995056289520703 -14.529571177856436
frame0209.jpg 0.048005471015728614 0.4016580546384677 -14.841714481651245
frame0210.jpg 0.050127912889472825 0.4068715949256574 -14.823474520424789
frame0211.jpg 0.05188451152004181 0.411826804781902 -14.79224785311652
frame0212.jpg 0.05296504050936976 0.4161913048395192 -15.216603034377366
frame0213.jpg 0.056219791189406926 0.42220375036344665 -15.643623608512163
frame0214.jpg 0.05560579240544042 0.4255463643751316 -15.878067874648714
frame0215.jpg 0.0576724397244108 0.4304493521385189 -15.919121318067667
frame0216.jpg 0.05750080882877715 0.4334388417018858 -16.51617830968663
frame0217.jpg 0.06165751984212295 0.44287128633744616 -17.12575722292029
frame0218.jpg 0.060541981687005884 0.445411174644238 -17.265041733428127
frame0219.jpg 0.06400314659744044 0.4511073696110041 -17.262655550936273
frame0220.jpg 0.06300796309421018 0.4535949821746326 -17.6819592953999
frame0221.jpg 0.06523524554408439 0.458493677358677 -17.934107560608368
frame0222.jpg 0.06849873242205362 0.4638853818221983 -18.008117438711114
frame0223.jpg 0.06804768621287323 0.4668313068733099 -18.330884921922973
frame0224.jpg 0.0688714454909449 0.4707402507938164 -18.72688821824652
frame0225.jpg 0.06887108841172687 0.4707401713557045 -18.726433025129865
frame0226.jpg 0.07276825385751731 0.4770302254599165 -18.891773568641355
frame0227.jpg 0.07542310130947966 0.4822136957700182 -19.079095004068407
frame0228.jpg 0.07555279879149199 0.4853664032668817 -19.4370413717534
frame0229.jpg 0.07555494849485 0.4886416072854163 -20.08527083817208
frame0230.jpg 0.07523221017775539 0.4919310740709682 -20.6122690329804
frame0231.jpg 0.0759583499909412 0.4958263125215633 -20.949442084358388
frame0232.jpg 0.07895365266155616 0.5010160550935356 -21.18509314648919
frame0233.jpg 0.08108782443816381 0.5054840134584296 -21.618913520500197
frame0234.jpg 0.08157562396850443 0.5087932196050479 -21.962958129629026
frame0235.jpg 0.0833426586808603 0.5128916484501546 -22.18373492930882
frame0236.jpg 0.0844697473374609 0.5167378289593179 -22.703300736891503
frame0237.jpg 0.08533393758009661 0.5205220976187092 -23.168583980152864
frame0238.jpg 0.0883235438948679 0.5255909824056655 -23.35312191756827
frame0239.jpg 0.0896165849829487 0.5293762908013866 -23.607860522276287
frame0240.jpg 0.0929939179963313 0.5369711870802243 -24.14987427396111
frame0241.jpg 0.09324078652174693 0.5399153040901016 -24.36842918285964
frame0242.jpg 0.09706575609789632 0.5450721110134449 -24.439080726230284
frame0243.jpg 0.09919206168499206 0.549192034295908 -24.774986264764895
frame0244.jpg 0.09978559291809401 0.5524149488809678 -25.050837517699343
frame0245.jpg 0.09940282690821077 0.5553252190895734 -25.113402522106
frame0246.jpg 0.10261655447357942 0.5601638109771219 -25.248619297991123
frame0247.jpg 0.10560634286115583 0.5647867590549391 -25.528473053237022
frame0248.jpg 0.10629208361167716 0.5684156146980843 -25.418102769234217
frame0249.jpg 0.10629208361167716 0.5684156146980843 -25.418102769234217
frame0250.jpg 0.11116223310058662 0.5740802403035508 -25.696564676069773
frame0251.jpg 0.11241821878152178 0.5774998054766773 -25.980000504912
frame0252.jpg 0.1136759363872365 0.5810504919639866 -26.221895274482108
frame0253.jpg 0.115828454343425 0.5854373852743455 -26.553615711626517
frame0254.jpg 0.11752804703727646 0.5893421925628525 -26.666765568114624
frame0255.jpg 0.12054236899119278 0.5939430806416346 -26.791973995809336
frame0256.jpg 0.12259250270345785 0.5978322712552131 -26.993642201526608
frame0257.jpg 0.12374737491738465 0.6016325718803355 -27.312596178290573
frame0258.jpg 0.12754816608069328 0.6066232508238637 -27.653470921984624
frame0259.jpg 0.12947722073957915 0.61056178376431 -27.893350097881907
frame0260.jpg 0.13140748108587486 0.6146698036484781 -28.348853604155806
frame0261.jpg 0.1329093763938233 0.6188561352315771 -28.582337085358816
frame0262.jpg 0.13569758463290196 0.6233637740032322 -28.71330433603077
frame0263.jpg 0.1369911287653312 0.6267423171287335 -29.028085059080826
frame0264.jpg 0.13843336446749974 0.6303498458176119 -29.237178711717306
frame0265.jpg 0.1408179512388274 0.6344732161135631 -29.566761459497517
frame0266.jpg 0.14497741136444695 0.6420398240034607 -29.941383945852863
frame0267.jpg 0.14704594037013494 0.6456788981281075 -30.308325804538427
frame0268.jpg 0.15072955718644002 0.6502020106717049 -30.584993863780998
frame0269.jpg 0.15189394910033371 0.6535143572705934 -30.85218873296261
frame0270.jpg 0.15290357119228698 0.6566741482979639 -30.95291211972496
frame0271.jpg 0.15613206652146538 0.6610222814586233 -30.977596501011423
frame0272.jpg 0.15813040085066934 0.6649458544912739 -31.26538034731824
frame0273.jpg 0.1584337099252811 0.6650481302515638 -31.28592277102273
frame0274.jpg 0.16073958682709172 0.6689467192758789 -31.407906477818642
frame0275.jpg 0.16389602487619592 0.673048579976414 -31.92266586495497
frame0276.jpg 0.1647551515084532 0.6763718804260235 -32.35021658203816
frame0277.jpg 0.16751933008431658 0.6806466813113667 -32.414688993511525
frame0278.jpg 0.17076313315887687 0.6847187809601082 -32.72225960949346
frame0279.jpg 0.1719830225393998 0.6876741343505669 -33.219168768611816
frame0280.jpg 0.1762775291611598 0.6922279390325432 -33.41312832491061
frame0281.jpg 0.17829060275342698 0.6958608177164244 -33.615656025903625
frame0282.jpg 0.18042014286959265 0.6992663975286617 -33.84660374164811
frame0283.jpg 0.18169313417129654 0.7025735550256056 -33.93103706961754
frame0284.jpg 0.1840647217365164 0.7064546905121759 -34.48509300580261
frame0285.jpg 0.1869979204277501 0.7103732956024713 -34.621408537902994
frame0286.jpg 0.18949226525022111 0.7140992238652233 -34.675069707044116
frame0287.jpg 0.19105644553221476 0.7173417243769078 -34.922716720827964
frame0288.jpg 0.1964481007863889 0.7251598094830665 -35.408038808434625
frame0289.jpg 0.1989079217053984 0.7284644181094911 -35.48473068616784
frame0290.jpg 0.20202704394964785 0.7320392677668435 -35.560518559235284
frame0291.jpg 0.20575310033290434 0.7359166365769301 -35.97076279719708
frame0292.jpg 0.20713845049240864 0.7391177967443169 -36.172830170609615
frame0293.jpg 0.210518625641424 0.7430610974294884 -36.30195018215984
frame0294.jpg 0.21307972752505186 0.7464972356445116 -36.23728710593646
frame0295.jpg 0.2158672054351053 0.7500674528142109 -36.43720997197156
frame0296.jpg 0.218967113400916 0.7537439413779428 -36.82340750409808
frame0297.jpg 0.21900587958415815 0.7537505597809607 -36.82004378613108
frame0298.jpg 0.22141056868946024 0.7570659116483538 -37.07038827451626
frame0299.jpg 0.22182274321540305 0.7601571683683597 -37.049361966151984
frame0300.jpg 0.2273008247943678 0.7646433037050521 -37.211715631449316
frame0301.jpg 0.2301388893960914 0.7680758768244351 -37.27368956664954
frame0302.jpg 0.2318572088386983 0.7713360073936892 -37.51281696172645
frame0303.jpg 0.23526251959831285 0.7751685519511686 -38.03693267041106
frame0304.jpg 0.23740652669419146 0.7785848899521228 -38.17667939950025
frame0305.jpg 0.24110620970433624 0.7822311795777965 -38.26430196764874
frame0306.jpg 0.24393868544017397 0.7855443692826307 -38.56552659038541
frame0307.jpg 0.24655600544104544 0.7889043555849135 -38.825416359229024
frame0308.jpg 0.2491988100375511 0.7924144358253713 -39.115085199491205
frame0309.jpg 0.25175478912576643 0.7959092651428605 -39.338966105304884
frame0310.jpg 0.2551080966843554 0.7994948249399102 -39.50021301203114
frame0311.jpg 0.25693373519581386 0.8029284736289742 -39.86304602645361
frame0312.jpg 0.2623307880689593 0.809997484559049 -41.63546338661922
frame0313.jpg 0.2624907380066392 0.8100170450537952 -41.63326447498178
frame0314.jpg 0.26876165088055953 0.8168600478178265 -40.96171622363932
frame0315.jpg 0.27034907260670515 0.8202931118380146 -41.46540216151249
frame0316.jpg 0.27329251376638913 0.8236265738507708 -41.7118043154234
frame0317.jpg 0.27556536414791266 0.8270181237643602 -41.96124646503407
frame0318.jpg 0.27889280870382466 0.8305957481159882 -42.25245136220551
frame0319.jpg 0.2814039177245912 0.8338042072338374 -42.319379887717055
frame0320.jpg 0.2849202771643477 0.8369895855135706 -42.7618726490301
frame0321.jpg 0.2848252165096312 0.8369877567532069 -42.750490286354044
frame0322.jpg 0.2868448947639325 0.8400766552752839 -43.390492181648675
frame0323.jpg 0.28864680780845164 0.8433191952557355 -43.90807204906148
frame0324.jpg 0.2904111164554881 0.8465122566636911 -43.83369571586377
frame0325.jpg 0.29521213106022165 0.8499847199187783 -43.93701778069653
frame0326.jpg 0.2988782282766359 0.8531538340673008 -44.30309095238972
frame0327.jpg 0.3010569290733646 0.8562541154530217 -44.773534083925675
frame0328.jpg 0.3027158703803791 0.8593316760568156 -44.816119035576364
frame0329.jpg 0.3069736138813345 0.8623329705319291 -45.0867488560574
frame0330.jpg 0.3104148175095526 0.8651091683374925 -45.23568896287974
frame0331.jpg 0.3125316615439672 0.8681699391690978 -45.36268673206009
frame0332.jpg 0.3163020992126201 0.8713070206226409 -45.648778887612885
frame0333.jpg 0.3201381872756937 0.8742188439203007 -45.73876387829213
frame0334.jpg 0.3223228073538293 0.8771932930239843 -45.83365742365469
frame0335.jpg 0.3254403304521243 0.8804316887220878 -46.2635961357851
frame0336.jpg 0.33187190093491803 0.886571503437571 -47.31806408618045
frame0337.jpg 0.3319122501897426 0.8865729472760844 -47.32953089437429
frame0338.jpg 0.3381122240555036 0.8926069832292941 -46.76650807235342
frame0339.jpg 0.34126801063982143 0.8957523415831277 -47.668422057118185
frame0340.jpg 0.34446039730502725 0.898680947049279 -47.217847589204595
frame0341.jpg 0.34847218422806964 0.9018761780377748 -48.38549283687974
frame0342.jpg 0.3506755361825865 0.9049557551623616 -48.35987903622749
frame0343.jpg 0.3540772362753457 0.9081659447973908 -48.348125505466506
frame0344.jpg 0.35309120303719205 0.9113372681937439 -48.10633183947228
frame0345.jpg 0.3546167447473627 0.9112818655297124 -48.30548361960332
frame0346.jpg 0.3619210341072295 0.913866716434407 -48.15448286626042
frame0347.jpg 0.3648564689212306 0.9169943364149141 -48.583460909942325
frame0348.jpg 0.3689489027884581 0.9199111411050258 -48.60790508681313
frame0349.jpg 0.3711716574119762 0.9230298533402296 -49.31628369391729
frame0350.jpg 0.3754014960684172 0.9259303716193532 -49.93628198299289
frame0351.jpg 0.3789233323104017 0.9288118950517248 -49.20742554988841
frame0352.jpg 0.3843245311969575 0.9315161928711196 -50.21641468955524
frame0353.jpg 0.3829615268421111 0.9349726701675456 -49.07306271415421
frame0354.jpg 0.3909136844017765 0.9372957920037364 -50.83343209481348
frame0355.jpg 0.3925097547866945 0.9403045911103936 -51.217394917434405
frame0356.jpg 0.3920841322445974 0.9437055896548248 -50.162072889670846
frame0357.jpg 0.39583544882761057 0.9466076377340272 -51.297604880440645
frame0358.jpg 0.39783105684075376 0.9496145897849892 -51.01561558375735
frame0359.jpg 0.4036222192283909 0.9519413058487765 -51.585206660479564
frame0360.jpg 0.4066278814535791 0.9548621520374638 -52.11101241342895
frame0361.jpg 0.4071584367019347 0.9581386021360389 -52.07262840454506
frame0362.jpg 0.41628785917283656 0.9629694224525406 -53.04480623350007
frame0363.jpg 0.4200340722554073 0.9655719886650252 -52.980813298906895
frame0364.jpg 0.4232503152208712 0.9681735229660235 -52.69918418848457
frame0365.jpg 0.4275314482435304 0.9703966444858408 -53.11095926893529
frame0366.jpg 0.43212113623622944 0.9726061229838452 -53.520749207093665
frame0367.jpg 0.43446985986934017 0.9754997526668074 -53.57812491859065
frame0368.jpg 0.43861367334895396 0.9778306105367958 -53.95467793266086
frame0369.jpg 0.438611683212033 0.9778331162154168 -53.95454855910897
frame0370.jpg 0.4414290625954249 0.9806868791584118 -54.101985002334565
frame0371.jpg 0.4456426325340488 0.9829313187917916 -55.293607860943936
frame0372.jpg 0.44879694631800177 0.9855316887913596 -55.025645839984634
frame0373.jpg 0.4520758672468285 0.9883337484597094 -55.353854418875535
frame0374.jpg 0.4560169965754308 0.9906697949109524 -55.84852227651422
frame0375.jpg 0.4585122230681433 0.9933028776040912 -55.38606327149535
frame0376.jpg 0.4619899256134332 0.9960132810449294 -56.274214688857896
frame0377.jpg 0.4657960536560124 0.9983124401348727 -56.33923675518473
frame0378.jpg 0.4675059142490287 1.001606215380193 -56.441052721855925
frame0379.jpg 0.47089386607521994 1.0041374071875808 -56.64896128355549
frame0380.jpg 0.4750095609542384 1.0061124992452983 -57.223724194335524
frame0381.jpg 0.4785871762246024 1.008722130771619 -57.42154452384075
frame0382.jpg 0.4823879402287857 1.0109277974464357 -57.89290278983885
frame0383.jpg 0.4858825827303215 1.0132655629592784 -58.02829805802624
frame0384.jpg 0.4890882386501196 1.0159679416364151 -58.6433275545512
frame0385.jpg 0.4965972291951678 1.0207736178837579 -58.980903210304824
frame0386.jpg 0.5001472913566074 1.0227479102958694 -58.68379826774145
frame0387.jpg 0.5032864421089178 1.025197853586646 -58.92985645333564
frame0388.jpg 0.5075722192992347 1.027272946775565 -59.321041144400695
frame0389.jpg 0.5115807319463368 1.0293737722817249 -59.51187495016658
frame0390.jpg 0.5154183180309468 1.0318705891319284 -59.722664651016494
frame0391.jpg 0.5192981779143075 1.0338001734128623 -60.11072386294464
frame0392.jpg 0.5230189485619365 1.036516760359704 -60.072368074052
frame0393.jpg 0.5213890700294184 1.0377945617170512 -59.60328443404293
frame0394.jpg 0.5267502262884214 1.038997259277222 -59.94545428197584
frame0395.jpg 0.5310559909642287 1.0407506413527043 -60.45471057208296
frame0396.jpg 0.5354448254335137 1.0426050032279226 -60.84760494086464
frame0397.jpg 0.5386887266685786 1.0456175378768529 -60.88573802013807
frame0398.jpg 0.5427184983007587 1.0470995380519958 -61.15842843482356
frame0399.jpg 0.546742109134843 1.0491218608796071 -61.357132400135825
frame0400.jpg 0.5505640697592145 1.051781321024525 -61.439282528984464
frame0401.jpg 0.554577042273107 1.0536335837900603 -61.74002525567212
frame0402.jpg 0.5581612508052731 1.0560442270903527 -61.85225877559046
frame0403.jpg 0.5622896265450761 1.0575001846247107 -62.50209447240343
frame0404.jpg 0.5655252803760096 1.0606663427384508 -62.540215324318
frame0405.jpg 0.5687438761866519 1.0641526069427845 -62.14254448899754
frame0406.jpg 0.5727493707628313 1.06600114956096 -62.420757437957896
frame0407.jpg 0.5781227039187989 1.065602669761081 -63.54416518475127
frame0408.jpg 0.5817593899954281 1.0685139493470963 -63.163338592961594
frame0409.jpg 0.5853261790406212 1.0708554002042026 -63.602032010507536
frame0410.jpg 0.5934159077622272 1.0743564102240213 -63.76452951491142
frame0411.jpg 0.5971185546842772 1.0770135831962009 -63.94335650558227
frame0412.jpg 0.5999927807550651 1.0800760789774055 -63.67692010446513
frame0413.jpg 0.6051504987194813 1.0793918309867698 -64.83247263620359
frame0414.jpg 0.6086540720988849 1.0829702039764395 -64.18413896411343
frame0415.jpg 0.6132143313660277 1.082775929629506 -65.2988338669071
frame0416.jpg 0.6173752216707027 1.0852102722782062 -64.63237316350488
frame0417.jpg 0.6173685756787509 1.0852333254384332 -64.63356027189339
frame0418.jpg 0.6214054801128528 1.0869069549015902 -64.8660914393475
frame0419.jpg 0.6251920375876614 1.0883314846535457 -65.4359942368048
frame0420.jpg 0.6282590348844416 1.0931779285781316 -64.72034615451814
frame0421.jpg 0.6328611897979133 1.092987433590288 -65.23731781345126
frame0422.jpg 0.6372861518977508 1.094627680375941 -65.21162104181695
frame0423.jpg 0.6417169243655338 1.0949907810758432 -66.51413771389493
frame0424.jpg 0.6457961186142924 1.0970258361642378 -66.4073282025698
frame0425.jpg 0.6500723168720236 1.099514765436285 -65.63474469468461
frame0426.jpg 0.6536102158346899 1.1028940499635245 -65.80357025154743
frame0427.jpg 0.6581588070765616 1.1025471859168017 -66.49116921968492
frame0428.jpg 0.6623554889034198 1.1037017905137172 -66.87107248218321
frame0429.jpg 0.6668024731416992 1.105830926185162 -66.07556320242072
frame0430.jpg 0.6706900151025432 1.1095699048189127 -66.15234331265405
frame0431.jpg 0.6749779194758652 1.1098765904788714 -66.64141815819055
frame0432.jpg 0.6792070644405983 1.110261126496351 -67.22281819192078
frame0433.jpg 0.6882769370193179 1.1150702618033246 -67.10265754611854
frame0434.jpg 0.6924362259528271 1.1173631485222708 -67.04121682477638
frame0435.jpg 0.6964098599892716 1.11727516604512 -67.64846551640689
frame0436.jpg 0.7010584148887842 1.1195742261600157 -66.66756269622765
frame0437.jpg 0.7053037411690338 1.1213939828854589 -67.97712981108837
frame0438.jpg 0.7099913093564112 1.1237110669008772 -66.84177568631631
frame0439.jpg 0.7140409602512073 1.1245646665734064 -67.92023736637826
frame0440.jpg 0.7184755937020298 1.127501660460382 -68.30697204320496
frame0441.jpg 0.7184728742937179 1.1274638552269305 -68.39457341838329
frame0442.jpg 0.7230241557696556 1.128487013755112 -67.11639649753758
frame0443.jpg 0.7274642497952795 1.1305127994937003 -67.36023370236974
frame0444.jpg 0.731910779118999 1.1327395660493025 -67.36430274388617
frame0445.jpg 0.7362574020357224 1.1344128427828712 -67.5059662823673
frame0446.jpg 0.740211712922602 1.1351011490171024 -68.88480270408901
frame0447.jpg 0.7447925048782986 1.1374354792717514 -67.64643813958104
frame0448.jpg 0.7487151145562284 1.1387352878530628 -69.26796096122068
frame0449.jpg 0.7532391671009391 1.139929734178608 -68.69384733788303
frame0450.jpg 0.7577378365127451 1.1419023308657412 -69.35375828231216
frame0451.jpg 0.7618952680587113 1.1431606700879162 -69.6853408615776
frame0452.jpg 0.7664798392009341 1.145059812845211 -68.12723446364778
frame0453.jpg 0.7711000150866392 1.1469793977801432 -68.29292816369195
frame0454.jpg 0.7759427412861649 1.149868057718029 -68.25887570932221
frame0455.jpg 0.7796921524793845 1.1494011001088602 -68.37980410434602
frame0456.jpg 0.7884604243362128 1.1523166153117168 -68.76337869433421
frame0457.jpg 0.7884885604793326 1.152402528054285 -68.64127552899936
frame0458.jpg 0.7974870527251564 1.1554900766830425 -68.91542454462109
frame0459.jpg 0.8021182408581501 1.1578969475155163 -70.06919750144033
frame0460.jpg 0.8063942267663421 1.1593852898371435 -70.47323973420127
frame0461.jpg 0.8104060024463088 1.1597416505864335 -69.15191048867318
frame0462.jpg 0.8153774137509038 1.1629934982285888 -70.08372360817846
frame0463.jpg 0.8192684419493663 1.1627534675819655 -69.11011938628647
frame0464.jpg 0.8245332446510198 1.166293148244547 -69.81707305848357
frame0465.jpg 0.8241256236278159 1.1655119494251074 -70.52870663681108
frame0466.jpg 0.8274570755245203 1.1644319309722169 -71.81370837801306
frame0467.jpg 0.831969287210367 1.1662667424000848 -71.46876800884428
frame0468.jpg 0.8367333691897718 1.168513362144204 -71.78827414461826
frame0469.jpg 0.8414008318840229 1.170002853040262 -69.79123966611371
frame0470.jpg 0.8455600820219508 1.1709725203476908 -71.19417254988305
frame0471.jpg 0.8505106401849989 1.1732326155404489 -70.30814794399639
frame0472.jpg 0.8527024618955865 1.1711901640363531 -70.58335691410875
frame0473.jpg 0.8563724129601982 1.1725880289836392 -70.35672021752598
frame0474.jpg 0.8570280283895979 1.170076349309312 -71.26181809516552
frame0475.jpg 0.8585496632533477 1.169951530116694 -70.48943354330646
frame0476.jpg 0.8591522868105586 1.1690775108230236 -71.01703529765999
frame0477.jpg 0.8598282451242034 1.1693537862865326 -70.62726229137499
frame0478.jpg 0.8597694991179706 1.1692490834408538 -70.6852136053988
frame0479.jpg 0.8596767419117005 1.1692484066431392 -70.83077370057731
frame0480.jpg 0.859891560097415 1.169476129589914 -70.58136717008338
frame0481.jpg 0.8607338127077889 1.1706564932616552 -68.58280896504326
frame0482.jpg 0.8604029227614952 1.1704141483661934 -70.06904634331764
frame0483.jpg 0.8599958089327293 1.1696684832537865 -70.48275809707043
frame0484.jpg 0.8604948622688332 1.1704489940208829 -69.89394341870992
frame0485.jpg 0.8596625582482065 1.1690993186717755 -70.5295955980949
frame0486.jpg 0.8599627714071153 1.1697382364380922 -70.3323368332439
frame0487.jpg 0.8596461069374605 1.1690471578828945 -70.66535906447007
frame0488.jpg 0.8596751457482399 1.1692202842859942 -70.89058204388752
frame0489.jpg 0.8596751457482399 1.1692202842859942 -70.89058204388752
frame0490.jpg 0.8604911682658783 1.17048024075703 -70.02721630535599
frame0491.jpg 0.8599622318422498 1.1697164906340305 -70.6764467837694
frame0492.jpg 0.8600364958395063 1.169786404181662 -70.57163576341364
frame0493.jpg 0.8598713451151487 1.1695284602481042 -70.70513125215197
frame0494.jpg 0.8599450033735457 1.1696617449893942 -70.28806564133795
frame0495.jpg 0.8595871285180344 1.1690956831039536 -70.62745257886378
frame0496.jpg 0.8599868759196183 1.169704098070868 -70.2104975555417
frame0497.jpg 0.8601540497242322 1.1699457042916808 -70.2422151474849
frame0498.jpg 0.8601540497242322 1.1699457042916808 -70.2422151474849
frame0499.jpg 0.8600265857444765 1.1697967724112979 -70.41706138902738
frame0500.jpg 0.8601007176989879 1.1699242007209498 -70.39260945802485
frame0501.jpg 0.8607831833628715 1.1708357954415372 -68.62175938789379
frame0502.jpg 0.8601070478050046 1.1699017242771963 -70.4660904919076
frame0503.jpg 0.8601456747604319 1.1699635553946086 -70.42582071355069
frame0504.jpg 0.8600057650572706 1.169712132881038 -70.45752958264788
frame0505.jpg 0.8607945499443121 1.1709279459756925 -68.65119738962872
frame0506.jpg 0.8607794606140311 1.1709029136980942 -68.63035018194886
frame0507.jpg 0.860950656679004 1.1711153105241303 -68.72052173611546
frame0508.jpg 0.8609008437616305 1.1710599411559284 -68.65854342120747
frame0509.jpg 0.8598899763007487 1.1695624920088998 -70.52904995192407
frame0510.jpg 0.8599340059576146 1.1695648996598933 -70.41625468062674
frame0511.jpg 0.8601120470921078 1.1698604525030545 -70.15296959163484
frame0512.jpg 0.8598731126131159 1.1694820454209167 -70.26881282396879
frame0513.jpg 0.8598716916644397 1.1694802012337608 -70.26811126835429
frame0514.jpg 0.8598484934360741 1.1694422514539462 -70.34554232134745
frame0515.jpg 0.8597851683862898 1.1693343145640531 -70.47080834107987
frame0516.jpg 0.8597903379601823 1.169342451889668 -70.46739353785496
frame0517.jpg 0.8597741870484341 1.1693219917727071 -70.44093935313634
frame0518.jpg 0.8596450846370759 1.1691242912661777 -70.49490251187821
frame0519.jpg 0.8598104623540946 1.1693907364380354 -70.38425327014629
frame0520.jpg 0.8596372445224638 1.1691105910036008 -70.59115887684369
frame0521.jpg 0.8606532033437984 1.170643849905693 -68.58042527853479
frame0522.jpg 0.8597629410933777 1.1692862843111862 -70.28057681951671
frame0523.jpg 0.8599578479494945 1.1695583976495518 -70.23823396353103
frame0524.jpg 0.8599679460511559 1.1695711606714192 -70.22373011820207
frame0525.jpg 0.8599850108309904 1.1696162646953805 -70.19273355626859
frame0526.jpg 0.8599800834551454 1.1696075472418968 -70.18551900200579
frame0527.jpg 0.8600519846765884 1.169718225858575 -70.14659307250362
frame0528.jpg 0.8598386470269773 1.169388701021869 -70.26752411786472
frame0529.jpg 0.8598886232364658 1.1694857518562016 -70.33593882574652
frame0530.jpg 0.8598748738262447 1.1694639903909865 -70.32969358104783
frame0531.jpg 0.8598786895825449 1.1694690088359123 -70.33118013747303
frame0532.jpg 0.8599879166353787 1.1696374811715038 -70.23715509651343
frame0533.jpg 0.8599836224881552 1.1696318181184808 -70.22422538268404
