frame0000.jpg -0.0 0.0 -0.0
frame0001.jpg 0.00034120659562221267 -0.00015438634813627532 0.021832390224560138
frame0002.jpg 0.00021465119745324907 -0.00010103771740440304 0.023411603407659142
frame0003.jpg -0.00012403930537911948 4.263157934838304e-05 0.07930932360501254
frame0004.jpg 0.00022653516735056547 -0.00019957353893636752 -0.18701110379104224
frame0005.jpg 0.0004578401781102928 -0.0002934919459460064 -0.1720751515774001
frame0006.jpg 0.0004578401781102928 -0.0002934919459460064 -0.1720751515774001
frame0007.jpg 0.0004578401781102928 -0.0002934919459460064 -0.1720751515774001
frame0008.jpg 0.0011589712665529578 -0.0006511179774051784 -0.16159478343044587
frame0009.jpg 0.0011814798126424436 -0.0006620103424439468 -0.16314597289201768
frame0010.jpg 0.0011814798126424436 -0.0006620103424439468 -0.16314597289201768
frame0011.jpg 0.0002643439975047371 -9.495640997524352e-05 -0.04386175096501232
frame0012.jpg -0.0004249326074580501 0.00019052292627858816 0.00275701405760466
frame0013.jpg 0.0009564980475735217 -0.0005393271683928405 -0.1906131500207542
frame0014.jpg 0.00030360600797146766 -0.00024274200893323856 -0.2461825848646963
frame0015.jpg 0.0007285178953626525 -0.00040853578130411165 -0.2268423254846763
frame0016.jpg 0.0007821797762730001 -0.00043885073550524375 -0.230620437627678
frame0017.jpg 0.0006798148839704919 -0.0003194453960833047 -0.01563639428506379
frame0018.jpg 0.0006798148839704919 -0.0003194453960833047 -0.01563639428506379
frame0019.jpg 0.0006003782914722598 -0.0003914392811863648 -0.19529019163970646
frame0020.jpg 0.0004283814877548095 -0.00021152989674883333 -0.006631441690408061
frame0021.jpg -0.0003613661387228861 0.00017107344625047087 0.026368618436200118
frame0022.jpg -0.0004318992856444105 0.00019073982358265782 -0.006879865822706426
frame0023.jpg 0.00025831905388100823 -0.000251718370277015 -0.19484050854908255
frame0024.jpg 0.000409518240337674 -0.00017354299678177238 0.003553895300523528
frame0025.jpg 0.0005565963866015058 -0.0002182298449474243 0.030320645297412633
frame0026.jpg 0.0006576861818085547 -0.0004454231297830215 -0.19844334016463747
frame0027.jpg 2.77344921533572e-05 1.4210984829854751e-05 0.03899904853013355
frame0028.jpg 0.0001777028619406921 -6.052826799380587e-05 0.015952811181538348
frame0029.jpg -0.00041709780669871153 3.657885442776584e-05 -0.12641169307713773
frame0030.jpg 0.0004036218273354008 -0.00029011091400488474 -0.1775374094007649
frame0031.jpg -8.544041765078666e-06 9.88647656608731e-06 0.04422823098511012
frame0032.jpg 0.00044347430229678436 -0.00022593583233576246 0.02715889136605422
frame0033.jpg 0.0002682561753733216 -0.00016511257121449462 0.045273910216006616
frame0034.jpg 0.0004307975320185202 -0.00023436201540921826 0.052014659747720716
frame0035.jpg 0.00014924944764221608 -9.455304174755488e-05 0.019382412297947432
frame0036.jpg 0.0007904703196848532 -0.00045335948679667667 -0.15449641131888073
frame0037.jpg 0.00017240950505031564 -0.00020204077173373967 -0.11272358711359777
frame0038.jpg -0.0005113382351909639 0.00015977193318412488 0.06627865286929008
frame0039.jpg -0.0007325824231527786 0.0003305616510928221 0.06337428499780476
frame0040.jpg -0.0005971377166370567 0.00026978080288026277 0.05512336120551865
frame0041.jpg 0.00036832746052219763 -0.00031560741039793377 -0.1021454684175414
frame0042.jpg 0.00038568926785289333 -0.00032139479611694084 -0.1038560985715209
frame0043.jpg 8.757659061838511e-05 -0.00019108795551027425 -0.12801951888197144
frame0044.jpg -0.0004858544185448789 0.0002521638931570853 0.03270514591991195
frame0045.jpg -0.000197619496073698 1.0937474902524826e-05 -0.12850652600177484
frame0046.jpg 0.0004698941675011371 -0.0003745570017939198 -0.09778729494932006
frame0047.jpg 0.0005723152826256995 -0.0003218929850037584 -0.15368284566732346
frame0048.jpg -6.44410612038535e-07 -4.8248944777188486e-05 -0.1376067269759393
frame0049.jpg 0.000794578030972625 -0.0004616142564254741 -0.15848989209021605
frame0050.jpg 0.000894951400174816 -0.0005154944359035388 -0.16248737865661414
frame0051.jpg 0.0005806835427095003 -0.0003581669220374652 -0.15612053569178375
frame0052.jpg 0.00031776474216528664 -0.0002308455954470479 -0.15569957378520008
frame0053.jpg 0.00044781353692231404 -0.00029795299752145035 -0.16822894993222665
frame0054.jpg 0.0004207371626525612 -0.0002846707278756036 -0.1683309802969275
frame0055.jpg 0.0003849171432906242 -0.00016297761074307167 0.05025552443877359
frame0056.jpg 0.00012121664052169292 -4.670260064947632e-05 0.019772192999582647
frame0057.jpg -0.0007479493414126997 0.0002135298273742537 -0.1261062917450945
frame0058.jpg -0.00014826269387045838 6.318880243646815e-05 0.01763043909095898
frame0059.jpg 9.063821328300407e-05 -9.242778612928098e-06 0.05943110146614278
frame0060.jpg 0.0002378857566690687 -0.00028953488864308906 -0.1470255417282643
frame0061.jpg -4.021105026727493e-05 -0.00016101986720847412 -0.14827032064122844
frame0062.jpg -0.0007846953070135753 0.0003890557683992664 0.11453567651060798
frame0063.jpg -0.00016613836089610922 0.0001048545357051683 0.08786761879305313
frame0064.jpg 0.0001437991698973118 -0.00022816191680795697 -0.08431333920458009
frame0065.jpg 0.00019285382178859962 -0.00022922498908725517 -0.1685748172297342
frame0066.jpg 0.0003258742217341333 -0.00029612495888646463 -0.18525477333011628
frame0067.jpg 6.998548995121678e-05 3.8580877294494395e-05 0.034086399397794884
frame0068.jpg 0.0006587403862320286 -0.0004052010491506636 -0.2350759255051306
frame0069.jpg 0.0005345146789615208 -0.00036198602618985135 -0.23208724776380396
frame0070.jpg 0.0002471887417518731 -0.00021386847409668246 -0.2005382958501614
frame0071.jpg -0.00010999309747065366 2.7438906671986456e-05 -2.064195440676687e-05
frame0072.jpg -0.000813859706865394 0.0003460696447576182 -0.003183622099413073
frame0073.jpg -0.0003237290939370391 0.00010299256351442773 0.01546278706514418
frame0074.jpg -0.0008391820761368453 0.0003759064475744581 0.012082992982492055
frame0075.jpg -0.0007586913779933437 0.00032876296454572657 0.03789008139578886
frame0076.jpg -2.546318383503824e-05 -7.579596437384647e-05 0.04143722741065736
frame0077.jpg 0.0003768148113375563 -0.00029536955269824955 -0.12760359197504548
frame0078.jpg -0.00018520537837140257 0.00013178118302546732 0.02208436986865803
frame0079.jpg -0.00041788321993977936 0.00017192108362764166 0.05880687854383941
frame0080.jpg 0.002456747477105703 -0.0012265718402971956 -0.1990334259141902
frame0081.jpg -0.0006132080648086015 0.00024485372552358165 0.020909743783200648
frame0082.jpg 0.0003788907765597 -0.00016803964604609662 0.05729582773634076
frame0083.jpg 0.0007481885545348765 -0.00046998551219767687 -0.16714609078534776
frame0084.jpg -9.600654701121004e-05 -0.00011232318703623776 -0.11555223938873545
frame0085.jpg -0.00016047198419235533 5.4989299395992175e-05 0.02349804906543827
frame0086.jpg -0.0005190504946852557 0.00022318760407350304 0.025102723030757716
frame0087.jpg 0.00012732644858801884 -0.00020733913637164357 -0.19907194589877256
frame0088.jpg 0.00022911751358032896 -0.0002584582351929801 -0.1956118221804453
frame0089.jpg 0.0005769532104583598 -0.00039715866206239665 -0.17085937809457166
frame0090.jpg 0.0006540660777721016 -0.0003037771543848802 0.047534318894490016
frame0091.jpg 4.027368536359455e-05 -3.445542559408701e-05 0.0664883871660989
frame0092.jpg 0.00027773400488085724 -0.00026999805742095663 -0.12992012172851058
frame0093.jpg -0.0004963949923427871 0.0004030708037626351 -6.62339127865124
frame0094.jpg 0.006677337731990877 -0.0021533339549008835 -5.813814063000567
frame0095.jpg 0.003713198383812777 0.0001681385399527483 -0.31840906296963883
frame0096.jpg 0.0028198306776455392 0.000834888941523311 -6.163871378557722
frame0097.jpg 0.007900596631439166 -0.00028600673967603825 -0.7600333362986786
frame0098.jpg -0.004165180475307329 0.006361045507526181 -6.214896687096617
frame0099.jpg -0.004453538898464853 0.008029688698633965 -6.604667741716143
frame0100.jpg 0.0016096549412205892 0.006584007607071792 -5.3221059813279386
frame0101.jpg -0.007840504493361891 0.011969850808059635 -5.979827163060563
frame0102.jpg -0.004746300196083253 0.012010852027127927 -0.19823967301445056
frame0103.jpg -0.0061748435242289755 0.013778082226246513 -5.3387625018144975
frame0104.jpg -0.014574015595495354 0.019289138578784976 0.3873191573032482
frame0105.jpg -0.0038523123347794868 0.016184108215621863 0.06221756146129177
frame0106.jpg -0.014888636817293497 0.022015036357467658 0.6622468073279912
frame0107.jpg -0.012055111702743777 0.022400087995213168 0.470922173618621
frame0108.jpg -0.00700519556712996 0.02157051335952101 -3.818723259911372
frame0109.jpg -0.005231352511710822 0.022532276976535558 0.7657309875379182
frame0110.jpg -0.01778758550737835 0.02976129188561486 0.5407990366636747
frame0111.jpg -0.013830559693797055 0.029106931907028337 -3.9595730994055383
frame0112.jpg -0.019021185732594443 0.033172103502891445 1.054193922939261
frame0113.jpg -0.012823758855541474 0.03191629518199813 1.3809093866943034
frame0114.jpg -0.012766236727885582 0.03189209003733228 1.3785544932532674
frame0115.jpg -0.0232317521883434 0.037178751959629434 1.6063939728780796
frame0116.jpg -0.0233334884488099 0.03904181979429034 1.4427308932091585
frame0117.jpg -0.021491385247413498 0.0397385828168982 -2.837695751260396
frame0118.jpg -0.02951106842307437 0.04438631126576603 -3.145892701695067
frame0119.jpg -0.023971750293736854 0.04349790125716467 2.4714560194306046
frame0120.jpg -0.032321064230763134 0.04810399509168167 -2.8039851815933616
frame0121.jpg -0.028191928330371062 0.0493005437269872 2.594486052100706
frame0122.jpg -0.03341092764562228 0.05301812447489503 1.9451260585851742
frame0123.jpg -0.031096923076030236 0.05320333304691722 3.4586173440561083
frame0124.jpg -0.035446020086837816 0.05621243829446037 2.600969711330265
frame0125.jpg -0.03717280532870256 0.05874159916921014 -1.7633535890034864
frame0126.jpg -0.04008190701417025 0.060755304663975225 3.0349687547941357
frame0127.jpg -0.04046654400403823 0.062415908712445824 -0.26045165610122467
frame0128.jpg -0.04193226867335791 0.0638826810841009 3.4535988403379747
frame0129.jpg -0.040676192221110526 0.06481554432952076 2.568848518911807
frame0130.jpg -0.0371956897616059 0.06483114492142315 0.410777662434441
frame0131.jpg -0.04769042441661756 0.06993009140329053 3.190224257171849
frame0132.jpg -0.04656479565139029 0.07131534990440007 -0.5607894569510563
frame0133.jpg -0.04921930459373282 0.07348400796697646 4.341976542718328
frame0134.jpg -0.051307494123607716 0.07553997429143558 0.3770164017054185
frame0135.jpg -0.054706490539863005 0.07756328023782948 4.257210821337878
frame0136.jpg -0.05002682120537779 0.07719718819139469 0.5677971379605538
frame0137.jpg -0.0563079250209498 0.08050490937714777 4.659728473291182
frame0138.jpg -0.05621182134245726 0.08046286125920585 4.656554859802782
frame0139.jpg -0.05629670951127304 0.08170493090264734 0.4987716608196706
frame0140.jpg -0.05970817738692336 0.08405376808132282 0.08354017472186115
frame0141.jpg -0.057700534161320996 0.08440126952579152 0.38436975532789575
frame0142.jpg -0.062836544723093 0.08714539363258708 4.7942467852664095
frame0143.jpg -0.062265539191911 0.08817036654515174 1.0658652993329838
frame0144.jpg -0.0644621751904442 0.09125875263555136 4.081092995745848
frame0145.jpg -0.06900289002390485 0.09424217353431012 0.816387796658887
frame0146.jpg -0.0703038774792457 0.09608074139445212 4.699301547982202
frame0147.jpg -0.07097382299170726 0.09730729676500176 5.110232673687619
frame0148.jpg -0.07186837873431981 0.0989525075801841 1.6233634707198803
frame0149.jpg -0.07239985321592153 0.1003771286153808 1.647034690226235
frame0150.jpg -0.07741601780934182 0.1033826065595757 1.1746374121698864
frame0151.jpg -0.07638973337292339 0.1045771951424601 1.6754425127672903
frame0152.jpg -0.07877026826635354 0.10685013268344268 1.916591429627374
frame0153.jpg -0.0810323181604419 0.10897103226881273 1.6255371247024755
frame0154.jpg -0.07171878564552091 0.1073104348526404 4.4765003100629315
frame0155.jpg -0.0733844389558629 0.10940800172365793 5.307228320367358
frame0156.jpg -0.08489957072448356 0.11379295164457455 6.04295501267319
frame0157.jpg -0.08712329106787868 0.1159678209684435 5.824134850898133
frame0158.jpg -0.08812670473696882 0.11748064468423496 2.4672747528148875
frame0159.jpg -0.09003058740744672 0.1193769891105954 2.8560492206352137
frame0160.jpg -0.0896846478503033 0.1207459210055845 6.083657561772156
frame0161.jpg -0.0925406178322476 0.1230145626373564 3.023074524901631
frame0162.jpg -0.09254739232981447 0.12301520476842705 3.0200483598025016
frame0163.jpg -0.09429871704840047 0.12505241637703496 6.472803214744772
frame0164.jpg -0.09692751607601884 0.12744660205843172 6.667663297104355
frame0165.jpg -0.098013070398541 0.1291943124509723 6.685667161093136
frame0166.jpg -0.09766948162496217 0.1305715800154746 4.043405785303321
frame0167.jpg -0.10029909925757703 0.13271904207389146 6.807234407159967
frame0168.jpg -0.102372604976069 0.135062290597295 4.181594846169276
frame0169.jpg -0.1052354118795744 0.1396559079566346 7.390274263583592
frame0170.jpg -0.1056376354308667 0.14145735892693748 7.390107082761176
frame0171.jpg -0.1068851984042999 0.14344835346253187 4.9186455544174805
frame0172.jpg -0.10920873438729163 0.1456162911732556 4.95194278800318
frame0173.jpg -0.11163259707529848 0.14778421387232 5.097015670664803
frame0174.jpg -0.10364283341284204 0.14778063191690655 7.676536063323567
frame0175.jpg -0.11307364376124385 0.15175209524759345 5.6724020816176335
frame0176.jpg -0.11542870496866055 0.15383794509582782 5.95397785000597
frame0177.jpg -0.10876578920992767 0.1541629581596893 7.8257758504611274
frame0178.jpg -0.1172295969242824 0.1575548947100934 9.331398129889237
frame0179.jpg -0.11770036436354755 0.15940780705136748 9.291425450895815
frame0180.jpg -0.11944649002256702 0.1616934938094125 6.467878302709266
frame0181.jpg -0.1215013114277057 0.16353991140228094 9.627848680022737
frame0182.jpg -0.12409799417594998 0.16552964681928886 6.741595569931462
frame0183.jpg -0.12558626966389222 0.16709524567042774 9.621046533620927
frame0184.jpg -0.12400700168064335 0.16804465972274654 9.861586973411306
frame0185.jpg -0.12482964571412472 0.16934486153147799 9.743557091583796
frame0186.jpg -0.12465475762605095 0.16931228333174847 9.721793686833905
frame0187.jpg -0.1303487998696388 0.17156560185720002 9.95953382269164
frame0188.jpg -0.13353863126520546 0.17321395138523746 9.873269861183076
frame0189.jpg -0.13427280618697165 0.17443167766437453 10.29642387575683
frame0190.jpg -0.137396734103302 0.17633214381844453 7.575239709857556
frame0191.jpg -0.13109069340669915 0.17656089420110288 8.863525759928223
frame0192.jpg -0.13889851350768184 0.1792517285491583 10.5360036515508
frame0193.jpg -0.13513141104508225 0.1800227030279894 10.304502973550882
frame0194.jpg -0.1425958388236067 0.1824225265672096 10.598941909037421
frame0195.jpg -0.13926699937936404 0.1839741932807674 10.395067112502659
frame0196.jpg -0.1495837954686235 0.18681256202592927 8.363573396607364
frame0197.jpg -0.14406636372595275 0.18713389673195585 11.088559577094827
frame0198.jpg -0.15307085465350326 0.18998605883333908 11.254899159982813
frame0199.jpg -0.15385118338992787 0.19145194848750607 11.059101459183125
frame0200.jpg -0.15173748869754755 0.19219076743004102 11.12084912912718
frame0201.jpg -0.15416458629910726 0.19366678075694813 10.22018072409304
frame0202.jpg -0.16024320198072428 0.19571622248436374 8.980750215054343
frame0203.jpg -0.16212910242599846 0.19711894450738088 9.127874667110234
frame0204.jpg -0.15644721716261595 0.1977521634554046 11.050513835906827
frame0205.jpg -0.1639383174269151 0.20011616395681853 9.969243528459799
frame0206.jpg -0.16512428891476566 0.2015361058349113 10.245766323493058
frame0207.jpg -0.1683170989108267 0.2033673273607852 9.732501049195776
frame0208.jpg -0.16933961925984622 0.20505396622204827 10.36559217363748
frame0209.jpg -0.1712589762351418 0.20681019092732209 12.042980702907357
frame0210.jpg -0.17125581525565406 0.2068943587159348 10.46077513760747
frame0211.jpg -0.1675363127511638 0.2081134451023976 12.009374583962085
frame0212.jpg -0.17589768044695567 0.21067027725143853 10.173784907700053
frame0213.jpg -0.17833141482659465 0.2123110732115432 10.303932446938177
frame0214.jpg -0.17742897597651872 0.213874843978184 11.103976335286632
frame0215.jpg -0.18036099134056846 0.21575955798064955 12.71386781776772
frame0216.jpg -0.1816518232217031 0.2176073966775765 11.467229586986832
frame0217.jpg -0.18015017154290894 0.22075849890263893 12.264353735185978
frame0218.jpg -0.18221621140012528 0.22260070023817904 12.180707548076498
frame0219.jpg -0.18844727745216086 0.22497332883133306 12.120398986286148
frame0220.jpg -0.18897126412276544 0.2268841358156728 12.619600955521719
frame0221.jpg -0.1933302546650179 0.22907324881960345 12.116295150574956
frame0222.jpg -0.19450784053765827 0.2308677536870873 14.052783308000414
frame0223.jpg -0.1969937147171768 0.2325789069593791 14.098041223536654
frame0224.jpg -0.19639490769003096 0.2341320141262333 14.531048746321972
frame0225.jpg -0.19987527573488215 0.2359077153763295 12.883047182253335
frame0226.jpg -0.20103749073824648 0.2376605038992723 13.595882520353598
frame0227.jpg -0.2004195501583413 0.23957726472132876 14.736802571571957
frame0228.jpg -0.20598207321336146 0.24142887698417365 13.170747260178302
frame0229.jpg -0.20782970166724105 0.24259195412420514 15.001893430700306
frame0230.jpg -0.21015676082763735 0.2436958495802467 14.809927935486371
frame0231.jpg -0.2070959972021108 0.24471116177474794 15.245883843433205
frame0232.jpg -0.2145750453951284 0.2459306057460548 13.318330251011957
frame0233.jpg -0.2113492080571877 0.2470497928984835 14.923895256531239
frame0234.jpg -0.21800320792317576 0.24849577680976434 13.713419750545654
frame0235.jpg -0.21812890941731505 0.24852870757452705 13.496720907444455
frame0236.jpg -0.21862400410216773 0.2499739952065812 14.206111667467667
frame0237.jpg -0.2209065748999419 0.2514056465173319 14.23576303982145
frame0238.jpg -0.222993844056709 0.25265146945345995 14.21670244200783
frame0239.jpg -0.22373745360819694 0.2538131825406523 15.430971451953951
frame0240.jpg -0.22347556233707824 0.2550701081682328 15.649140893754407
frame0241.jpg -0.2303798509496073 0.2575253659709774 15.63046491508345
frame0242.jpg -0.2334425810577224 0.2589228253698098 15.586308390095837
frame0243.jpg -0.23481550260873504 0.2601008430037879 15.603102515767205
frame0244.jpg -0.2369604833382722 0.26133400082514296 14.747623084832014
frame0245.jpg -0.2345756929035022 0.26268258897227864 15.505954005091382
frame0246.jpg -0.2402329989709307 0.2637229945986345 15.848711119562381
frame0247.jpg -0.2433919463523973 0.26500198003664155 14.75271139293261
frame0248.jpg -0.2406373873223568 0.26656434866165835 15.61032281504663
frame0249.jpg -0.24651766862519864 0.2677095614896014 16.034037518129367
frame0250.jpg -0.2450624296189674 0.2692505187192375 15.396787021460739
frame0251.jpg -0.2506674871601265 0.2702105548845339 14.8313103713636
frame0252.jpg -0.2524155410450953 0.27132848928687325 16.010141185940768
frame0253.jpg -0.2518101013007654 0.2727320903171493 15.985646537860418
frame0254.jpg -0.2542918502529149 0.2740343245903347 15.91819519463752
frame0255.jpg -0.2583697918110736 0.27526503465170354 16.24014565860847
frame0256.jpg -0.2601752300982971 0.276812679010339 15.746982354799513
frame0257.jpg -0.2627989805958309 0.27839513296625784 15.527695188335713
frame0258.jpg -0.2607784168939541 0.2803765567842824 16.2058134285067
frame0259.jpg -0.2607966667288181 0.28037834563000275 16.21383998202441
frame0260.jpg -0.2659450314994813 0.2812366076074501 16.67836677917063
frame0261.jpg -0.2683535764905957 0.2822916014552558 16.865753752944272
frame0262.jpg -0.2703610655465247 0.2837568984198109 16.023656473611652
frame0263.jpg -0.26883283409155345 0.28554413128308065 17.06299739873151
frame0264.jpg -0.2732056358003967 0.2865335279870453 16.50064657826863
frame0265.jpg -0.27634883732624804 0.2890864295863387 17.289896188800412
frame0266.jpg -0.27807701932375584 0.29066757674435195 17.491018250168622
frame0267.jpg -0.2797638310455077 0.2923002219508803 17.27360075351305
frame0268.jpg -0.2808548631878593 0.29360742571239584 17.411935910238412
frame0269.jpg -0.28528064451198604 0.2947500760817395 17.839974592906287
frame0270.jpg -0.2852151649604843 0.2966098024270365 17.613823579849736
frame0271.jpg -0.2872585962354984 0.2980961399668369 17.460108424094813
frame0272.jpg -0.29141422352996016 0.2990349682287467 18.166235957280605
frame0273.jpg -0.2932491041508163 0.3002920848047646 18.171758791911486
frame0274.jpg -0.29327182215541275 0.30231741888282315 17.406036494455066
frame0275.jpg -0.2984310180454252 0.3033487729074426 17.319001914286787
frame0276.jpg -0.29688047819557145 0.3056283278198005 18.08541163757667
frame0277.jpg -0.30181314001090304 0.30625780592463897 18.52558893540305
frame0278.jpg -0.30167886154592904 0.3080143795617595 18.488021022044165
frame0279.jpg -0.30595321999556824 0.3088338751702151 18.008258210935935
frame0280.jpg -0.30702884541361264 0.310279555420716 18.73715664987776
frame0281.jpg -0.30970168082142085 0.31121315606364397 18.661243018109815
frame0282.jpg -0.3099047115359512 0.3128176169223121 19.194114037974487
frame0283.jpg -0.3106849540620808 0.3125975880565236 19.113884372739392
frame0284.jpg -0.31377665719529346 0.3136574019847568 17.680578732942706
frame0285.jpg -0.3155161338706218 0.3148825755879599 19.001688440850046
frame0286.jpg -0.3184313845740955 0.31600013911392577 18.56608791279632
frame0287.jpg -0.3202122856947279 0.31730809519098346 19.10640252629713
frame0288.jpg -0.3202290098700354 0.3191716589325173 19.469920676361028
frame0289.jpg -0.3243965648758896 0.32114284653320196 18.812015213424274
frame0290.jpg -0.3280089123348657 0.3215834777132826 19.32426201611713
frame0291.jpg -0.33043117749630635 0.32267467513782555 19.497588528983385
frame0292.jpg -0.32983109522921783 0.3247254686149789 19.551582361992587
frame0293.jpg -0.33249475742456475 0.3259858567032177 19.6152250842095
frame0294.jpg -0.3333656545518632 0.3277448286160321 19.807817666672463
frame0295.jpg -0.33710788388730645 0.3282567072638637 19.808617924044256
frame0296.jpg -0.3391028656434992 0.3294041086435586 19.897687074759176
frame0297.jpg -0.33976366072502584 0.3310892288963317 19.896559528354203
frame0298.jpg -0.3438922596837397 0.33156836967451364 19.969274877742976
frame0299.jpg -0.34392400434001985 0.333525722838422 20.64980365897486
frame0300.jpg -0.34741861627363724 0.3342339672631752 20.173951705215984
frame0301.jpg -0.3479563928351362 0.3357670431540645 20.241929416913933
frame0302.jpg -0.3499999364857516 0.336981337152299 21.054808315031494
frame0303.jpg -0.3528926698788027 0.3380024474004693 20.314418174911395
frame0304.jpg -0.3559428538195463 0.3388277020337224 20.681088822448032
frame0305.jpg -0.35773651567391523 0.34037896256772826 20.780972401159943
frame0306.jpg -0.3592299431984926 0.3421544437052333 21.230541751430337
frame0307.jpg -0.3590970315194139 0.34221104009991976 21.27838713112527
frame0308.jpg -0.3597609325608083 0.34394448261480803 21.40481616308847
frame0309.jpg -0.3631107182217712 0.3445612225836444 21.41068490275933
frame0310.jpg -0.3647199004502592 0.3462033546547653 21.285153767656368
frame0311.jpg -0.3674252540914957 0.3470487771817608 21.485201633960287
frame0312.jpg -0.3675884518179117 0.3494524246953641 21.518919167093998
frame0313.jpg -0.37144441847607934 0.3524468366534858 22.292671273255507
frame0314.jpg -0.3744130551229827 0.3535959182229637 22.514903056611672
frame0315.jpg -0.3767600436089126 0.3550195328193282 22.771920044646663
frame0316.jpg -0.3781539251841362 0.3568832315961053 22.358138755250536
frame0317.jpg -0.3801116180342467 0.3584200338364604 22.425999858451405
frame0318.jpg -0.3824504572125075 0.3595793693699278 23.245685239980503
frame0319.jpg -0.3839033032791399 0.3614903626073992 23.309527898796716
frame0320.jpg -0.38707448188154975 0.3622758696575734 23.146378435160273
frame0321.jpg -0.3880225843947015 0.3645289742683537 23.625592934351914
frame0322.jpg -0.3897558856203251 0.3664445603243451 23.94638655575551
frame0323.jpg -0.3927694648398968 0.3671735751876881 24.070936724972796
frame0324.jpg -0.3939612639542355 0.3690511822897318 24.129925754013357
frame0325.jpg -0.3961701822987061 0.370300281051169 24.49341169702774
frame0326.jpg -0.399108099752426 0.3707765481620423 24.41052273169663
frame0327.jpg -0.4006878876867382 0.37217251417305935 24.62662494192074
frame0328.jpg -0.40345608905114017 0.3729773750410015 24.130092039096667
frame0329.jpg -0.4042604982977188 0.3749852396350379 24.67054345815103
frame0330.jpg -0.4062925406676887 0.3761656546985016 24.79450780470836
frame0331.jpg -0.4062925406676887 0.3761656546985016 24.79450780470836
frame0332.jpg -0.4095333809459587 0.37620587635457897 24.893971195079303
frame0333.jpg -0.411183965627752 0.3782414049614944 24.615632796365674
frame0334.jpg -0.4130879619758557 0.37990308739924256 24.695252435087298
frame0335.jpg -0.4157917083869144 0.3808122163174333 25.070454784932963
frame0336.jpg -0.4173523015123317 0.38288474127426136 24.785008915945753
frame0337.jpg -0.4224184696581666 0.3852002587163409 25.17438440127279
frame0338.jpg -0.4236849340577291 0.38767342113303177 25.725538294550006
frame0339.jpg -0.4259772568748376 0.3890721573166377 25.74324935586327
frame0340.jpg -0.4281820139062215 0.3903692360464627 25.28777746403233
frame0341.jpg -0.4299249230853052 0.3920632608539477 26.01646830427279
frame0342.jpg -0.43167379303886977 0.3938827606690181 25.8625053093744
frame0343.jpg -0.4336997630955608 0.3956302474518299 25.84147197900785
frame0344.jpg -0.4366570526888109 0.3962419378415297 26.24980176131038
frame0345.jpg -0.4380555750985098 0.3990181850945734 26.16090883567057
frame0346.jpg -0.4409147642358677 0.3996086194584256 26.163169905843915
frame0347.jpg -0.4425211656099111 0.40142360373963504 26.677972093038363
frame0348.jpg -0.4444884202160555 0.4027161248901423 26.935656711923116
frame0349.jpg -0.4463656361821988 0.4047265981482234 27.03250652827961
frame0350.jpg -0.4486306533437077 0.4059625742035317 27.470483401948513
frame0351.jpg -0.45043727048119 0.4076607693549058 27.410604485525823
frame0352.jpg -0.4523463835770057 0.40904163079825545 27.82473548464236
frame0353.jpg -0.4545430915102798 0.4100558854165353 27.398486853121653
frame0354.jpg -0.4563930568938478 0.4119625333142357 27.962588092434203
frame0355.jpg -0.4564104590953332 0.4119577338491151 27.868092860481113
frame0356.jpg -0.4589362618468721 0.4124703576191801 27.987314893635187
frame0357.jpg -0.4607966089257742 0.4143700320396404 27.78755000292051
frame0358.jpg -0.4631859760494277 0.4151964534813215 28.254444767461337
frame0359.jpg -0.46561391244984096 0.4158934327511729 28.04413450243618
frame0360.jpg -0.4673201778878665 0.4176993096630488 28.68686035681577
frame0361.jpg -0.4715662648880938 0.42030925199864827 28.922451082562873
frame0362.jpg -0.4737762371452788 0.4211340216602735 28.934411995766993
frame0363.jpg -0.4761146937185536 0.4216605868502989 29.011295552930846
frame0364.jpg -0.478257877095859 0.4228527433226635 28.99410328507315
frame0365.jpg -0.4805668936612731 0.4238445404909441 29.398143120012378
frame0366.jpg -0.4825803545994514 0.42482754959960345 29.662809637437817
frame0367.jpg -0.4852792259793495 0.4256294373486856 29.27473625174332
frame0368.jpg -0.4867761201979735 0.4280507398066072 29.915475948441212
frame0369.jpg -0.4888850199413797 0.4293590757126769 30.00130450421119
frame0370.jpg -0.4915014674963056 0.4291837674655259 29.84546938869289
frame0371.jpg -0.4936087543821042 0.4306356674592808 29.904461290620873
frame0372.jpg -0.4959017893851713 0.43179730216410944 30.189884563635246
frame0373.jpg -0.4984699008086578 0.43208474663632107 29.923713890856845
frame0374.jpg -0.5003943944520051 0.4334037156969796 30.49901325863948
frame0375.jpg -0.5022338591367292 0.4349236659193164 30.641289485293328
frame0376.jpg -0.5043789826598466 0.4353874948185149 30.829010000455185
frame0377.jpg -0.5067322486223426 0.4358707573147903 30.815838689353086
frame0378.jpg -0.5090613315954249 0.4368972787782115 30.874046466293464
frame0379.jpg -0.5092645761952328 0.4364092297478016 30.565485351680366
frame0380.jpg -0.5113728571594828 0.4378518020310692 30.988842472552676
frame0381.jpg -0.5136044068016019 0.4387561632301256 30.93595494508918
frame0382.jpg -0.5156637340293009 0.4393010997983693 30.988101892222346
frame0383.jpg -0.5179792172074402 0.4396139788690816 30.876809727741943
frame0384.jpg -0.5201925361990248 0.4404205125102209 31.476348290370368
frame0385.jpg -0.524934569084538 0.4421325317709493 31.412810664563665
frame0386.jpg -0.5272417413588993 0.44319522492776653 31.62358973428826
frame0387.jpg -0.5294943986830918 0.4450433027065442 31.65118735153601
frame0388.jpg -0.5317817528859266 0.4451068834535619 31.84519580304834
frame0389.jpg -0.5341036074705386 0.4473219021298673 31.758588916660415
frame0390.jpg -0.5362935733079823 0.44789762515828974 32.109375525245525
frame0391.jpg -0.5383317359044328 0.4492556218067935 32.23173064566271
frame0392.jpg -0.5404134236467178 0.4505188531930027 32.19460799375821
frame0393.jpg -0.5426456976553229 0.45176755699490206 32.29451989306801
frame0394.jpg -0.5451853673275443 0.4523588555924972 32.23768754316603
frame0395.jpg -0.5474734762351797 0.4535769480732532 32.29423575261137
frame0396.jpg -0.5498682671226892 0.4539451508237008 32.528280343179176
frame0397.jpg -0.5519586680371416 0.4555008170767465 32.78843793560918
frame0398.jpg -0.5540855112269027 0.4569348993366307 32.882391328623214
frame0399.jpg -0.5563604696186907 0.4580253328700905 32.87558748681994
frame0400.jpg -0.5586091595365686 0.45849424847493 32.97252340299451
frame0401.jpg -0.5611209130827873 0.4594838672940609 32.9593456998503
frame0402.jpg -0.5634553096313529 0.4615097135114607 33.06309774373739
frame0403.jpg -0.5634915859548759 0.4608649582496916 32.99821222936413
frame0404.jpg -0.5658669974203608 0.4627200096139592 33.143752166274794
frame0405.jpg -0.5678637906229584 0.4638343609843297 33.18141999016029
frame0406.jpg -0.5701383326676647 0.4646062956286991 33.53194957648191
frame0407.jpg -0.5725931677751775 0.4653772734188311 34.08285862169555
frame0408.jpg -0.5748487069521542 0.4659333632228835 33.88814884055131
frame0409.jpg -0.5793953896765054 0.4680047550879156 33.97899767283377
frame0410.jpg -0.5813539535989908 0.468989333277307 33.991006122599856
frame0411.jpg -0.5836166950000199 0.4693250859334149 34.149588635329565
frame0412.jpg -0.585674184618228 0.46931921392056203 34.639841139340376
frame0413.jpg -0.5878348135531883 0.4692982294862089 34.25280317461619
frame0414.jpg -0.5904817938740735 0.4716338334130122 34.803892678755176
frame0415.jpg -0.5926209161415813 0.4713586003566983 34.843545048463625
frame0416.jpg -0.5948922607492677 0.4722278257859902 34.70375657264441
frame0417.jpg -0.5973346023734426 0.4727227936507194 34.88333872855026
frame0418.jpg -0.6001339994753914 0.4736304149915773 34.861426359980385
frame0419.jpg -0.6022101429144009 0.4738451669521669 35.2006759556902
frame0420.jpg -0.6045271210988397 0.4750306188514252 35.02303652701505
frame0421.jpg -0.6067565221319792 0.4754125304763875 34.9193921458172
frame0422.jpg -0.6092737063392544 0.4760230069534353 34.85387244915563
frame0423.jpg -0.61130197344872 0.4755874106177084 34.968172899264346
frame0424.jpg -0.61345200968712 0.4758685734002657 34.94906095412307
frame0425.jpg -0.6155426781799628 0.4764092036825883 35.42041755026503
frame0426.jpg -0.6180663720366463 0.47805563682513796 35.25258657562517
frame0427.jpg -0.6181029791773268 0.4782854699243086 35.26188505979337
frame0428.jpg -0.6201009222926442 0.4787055437907865 35.164928588871135
frame0429.jpg -0.6219008825686613 0.4782150908334878 35.578481816476824
frame0430.jpg -0.624700639231466 0.4801637501650579 35.43400162424581
frame0431.jpg -0.6268673963299372 0.4799881679019641 35.5479997178694
frame0432.jpg -0.6295212326969368 0.4815065978712033 35.688855122609255
frame0433.jpg -0.6332628558079004 0.4818048759398457 36.301987794036734
frame0434.jpg -0.6359767580098018 0.4834907480794339 35.98583300737067
frame0435.jpg -0.6379771438841385 0.4835899879116458 36.17924754621731
frame0436.jpg -0.6400787735290168 0.4836348328305874 36.75136745459321
frame0437.jpg -0.6401150397130501 0.4837131492333959 36.734539956000845
frame0438.jpg -0.645434990136246 0.4863089334442176 36.41608776902922
frame0439.jpg -0.6470899305803645 0.4861241278206755 36.503466011911144
frame0440.jpg -0.6494287178850795 0.4876514263898263 36.96015209318051
frame0441.jpg -0.6510151729470097 0.4867952314266874 37.52645750776827
frame0442.jpg -0.6542745897703146 0.4891114005283103 37.01791595439602
frame0443.jpg -0.6564039652278749 0.4891615525606055 37.394448569988754
frame0444.jpg -0.659109639000791 0.4900705549813647 37.21292915413903
frame0445.jpg -0.6615414925341278 0.4912590394225735 37.18174523192681
frame0446.jpg -0.6638481840073152 0.4920474068670336 37.46051061543557
frame0447.jpg -0.6658892388258641 0.4924751341100469 37.5679551598505
frame0448.jpg -0.6675444079665378 0.4920939812762487 37.21653816931348
frame0449.jpg -0.6701786577573683 0.493388084346974 37.48960681307341
frame0450.jpg -0.6727088832426311 0.4943366844997977 37.9620614353762
frame0451.jpg -0.6727088832426311 0.4943366844997977 37.9620614353762
frame0452.jpg -0.6749906074193327 0.4951305503401687 37.95388850035613
frame0453.jpg -0.6761470639324323 0.49473078561694606 38.07974265688489
frame0454.jpg -0.6773636600255726 0.4953118970666026 38.308555423464554
frame0455.jpg -0.6777390009263111 0.4956332103531829 38.27223263635153
frame0456.jpg -0.6777870721046951 0.4964257400125358 38.48322772277919
frame0457.jpg -0.677213937870815 0.4952023781256085 38.29651160799841
frame0458.jpg -0.6776499483807692 0.4959184013760636 38.051954498447515
frame0459.jpg -0.6777906199915381 0.4962643823573639 38.37130654434935
frame0460.jpg -0.6775490020552069 0.4957988066037003 38.133645412363876
frame0461.jpg -0.6775813341032741 0.4958337740189708 38.11151923196417
frame0462.jpg -0.6777615001690721 0.4962239425124298 38.551757872865664
frame0463.jpg -0.6776503797745227 0.4960598562100328 38.680650049372616
frame0464.jpg -0.6776432670510105 0.496036344187806 38.494839360762455
frame0465.jpg -0.6777076771481673 0.4961500071544616 38.52193066309036
frame0466.jpg -0.6776515049924213 0.4960549194915302 38.294058508042895
frame0467.jpg -0.6776727764473072 0.4960459765760367 38.18996834689386
frame0468.jpg -0.6774186181871411 0.4955668400813865 38.07518176539395
frame0469.jpg -0.6774595018604245 0.4955282226842277 37.98095015643679
frame0470.jpg -0.6778111439377221 0.4963001981354885 38.36621928570537
frame0471.jpg -0.6777788697110935 0.4963013721517908 38.40355466324837
frame0472.jpg -0.6774236378485926 0.495608930920736 38.07262034181156
frame0473.jpg -0.6775975333185107 0.4958197892061204 38.1617922738904
frame0474.jpg -0.677682718520789 0.496095266115928 38.68648481675183
frame0475.jpg -0.677682718520789 0.496095266115928 38.68648481675183
frame0476.jpg -0.6774221906278048 0.4956013899420351 38.17225967670663
frame0477.jpg -0.677483188453279 0.4956994942720429 38.17152057054551
frame0478.jpg -0.6778356827997244 0.49632129183979 38.39621975475205
frame0479.jpg -0.6777831807224032 0.4962677528560474 38.37252940086222
frame0480.jpg -0.6778407573557328 0.4963121475180585 38.246827402621136
frame0481.jpg -0.6778228618403307 0.4962776553866417 38.235069457343684
frame0482.jpg -0.6778155601027882 0.4962713492858022 38.21483206339161
frame0483.jpg -0.6776773256282016 0.4960049285958749 38.146301135169665
frame0484.jpg -0.6777735312897664 0.4961274225022506 38.14484150628755
frame0485.jpg -0.6777966397589678 0.4962577170387573 38.64153454902623
frame0486.jpg -0.6779132943843922 0.4964572729898174 38.397607642700336
frame0487.jpg -0.6777842116342769 0.4961851399799118 38.205313026339866
frame0488.jpg -0.6777488667726002 0.4961340150431349 38.17421663307596
frame0489.jpg -0.6779378963404634 0.4963716210659155 38.36067617727491
frame0490.jpg -0.6775700770114499 0.495740454194141 38.116779872806546
frame0491.jpg -0.6776507006844025 0.4959245359803064 38.059165796839466
frame0492.jpg -0.6776216964757771 0.4957439738109838 38.33178106795111
frame0493.jpg -0.6777100776719189 0.4959691600217666 38.231270699172626
frame0494.jpg -0.6774611524738551 0.4954797270545159 38.40570027852698
frame0495.jpg -0.6775553499533187 0.4956699464486904 38.27512510140707
frame0496.jpg -0.6775457278481684 0.4956574207838521 38.22080191042727
frame0497.jpg -0.6776575773197138 0.495965432112903 38.04589500933719
frame0498.jpg -0.6776466620246281 0.4959448632458299 38.13241706918279
frame0499.jpg -0.6776685799750015 0.4959862429686727 38.14693603468828
frame0500.jpg -0.6777420117648204 0.4961878098728017 38.18264149311648
frame0501.jpg -0.6777491775729696 0.4962112767113687 38.16515569776982
frame0502.jpg -0.6778129250104269 0.4963151618547143 38.2287257451768
frame0503.jpg -0.6777835758677293 0.49616733282917796 38.22099074903491
frame0504.jpg -0.6777699278016385 0.4961491022227776 38.21496629497835
frame0505.jpg -0.6777589979434946 0.4961260368411304 38.21713675416214
frame0506.jpg -0.6778920392403928 0.4964709367883519 38.3622187756817
frame0507.jpg -0.6778522766218771 0.4965194349181695 38.451861843073914
frame0508.jpg -0.6777981226247775 0.4963121315775964 38.29422510708389
frame0509.jpg -0.6776354387731734 0.4960336344829936 38.50409819140765
