frame0000.jpg 0.0 0.0 -0.0
frame0001.jpg 4.809334985016876e-05 0.0001943635539550532 -0.08686265003734209
frame0002.jpg -5.275626076753866e-05 -0.0004206902176119331 -0.047780996073568366
frame0003.jpg -6.201889966664785e-05 -0.00036076205087457244 -0.02637419024333774
frame0004.jpg -6.124471375884758e-05 -0.0003550287482212566 -0.027347488223556985
frame0005.jpg -6.124471375884758e-05 -0.0003550287482212566 -0.027347488223556985
frame0006.jpg -6.124471375884758e-05 -0.0003550287482212566 -0.027347488223556985
frame0007.jpg -6.124471375884758e-05 -0.0003550287482212566 -0.027347488223556985
frame0008.jpg -0.00013618083956787937 -0.0007384646242789297 -0.02175496453421167
frame0009.jpg -0.00013618083956787937 -0.0007384646242789297 -0.02175496453421167
frame0010.jpg -0.00013618083956787937 -0.0007384646242789297 -0.02175496453421167
frame0011.jpg 2.0203520822135934e-05 -0.00017680368563056183 0.07527451966623402
frame0012.jpg -0.00013837029521773472 -0.0008801164578582043 0.02901263760702835
frame0013.jpg -0.00011566352752704983 -0.0007885675104664622 -0.023088345156282976
frame0014.jpg -5.397750570428902e-05 -0.0004809902546387714 -0.005702422875611296
frame0015.jpg -4.485077225214209e-05 -0.00012699749896022907 -0.0410972682826721
frame0016.jpg 0.00010288301994997124 0.00019621728675119505 0.0064270285339962105
frame0017.jpg 0.00010057252443988976 0.0001871703467830013 0.008580333009451841
frame0018.jpg -0.00012907633160749943 -0.0007220923896074893 0.040816939807922815
frame0019.jpg -0.00012233315719244937 -0.0007552248258049392 0.03558611520360843
frame0020.jpg -0.00012274574926016206 -0.0007094315923625625 0.04541734254417922
frame0021.jpg 0.00010958821049461608 0.0003667433767941637 -0.007948153292178744
frame0022.jpg 0.0001207094629341931 0.00031274462969260524 0.00019962477324925545
frame0023.jpg -0.00019036107429062902 -0.0008801608884489324 -0.05515382202371185
frame0024.jpg -8.510648594476196e-05 -0.00046369615858554014 0.02152312572589204
frame0025.jpg 3.047019423791597e-05 5.076951040584247e-05 -0.08303844703459133
frame0026.jpg 4.6658177653040295e-05 -6.720861314708689e-05 0.08611812581700616
frame0027.jpg -5.604051595179408e-05 -0.0006625659892319131 0.0622246743268391
frame0028.jpg -5.7405023752558876e-05 -0.0005855958134613952 0.05810491384097144
frame0029.jpg -3.932411428906755e-05 -0.0005165764888274683 0.06466463716348686
frame0030.jpg -0.0001299995349459538 -0.0008934165411438282 -0.044077723138252034
frame0031.jpg 5.148743778922145e-06 -0.00020987105973709186 0.02653444351718833
frame0032.jpg 4.162867044317014e-05 -0.00011094638937223948 -0.0016824837417921364
frame0033.jpg -0.00012266923134929812 -0.0010427824034018238 -0.105113442096625
frame0034.jpg -0.00016377780310960314 -0.0011532990795239755 -0.10311148373881053
frame0035.jpg -0.00013922890048999282 -0.0010120053995968797 -0.10060118452509977
frame0036.jpg 8.341975767055316e-05 -3.9861274363285065e-05 0.09921272094923766
frame0037.jpg -0.00010108838777264568 -0.0007389109813302776 0.017043283827494874
frame0038.jpg -0.0001769751234437228 -0.0010520926363419402 -0.07941573123292753
frame0039.jpg -0.00020225849084178847 -0.0012466112954045054 -0.13412893031670126
frame0040.jpg -0.0002164175173441349 -0.0012284848839067234 -0.06350316310798397
frame0041.jpg -0.00011910214581874056 -0.0008717971433796226 -0.04761356675331682
frame0042.jpg -4.721132177820203e-05 -0.0005410111386734771 -0.012124794116568331
frame0043.jpg -0.00022652072117090502 -0.0012562436670387838 -0.14106944609683342
frame0044.jpg 0.00011221578460010113 0.0001159953441921498 -0.02797959201422161
frame0045.jpg 8.213100073438806e-05 -4.895806138839384e-06 -0.05925571313840044
frame0046.jpg -1.10939682405947e-05 -0.000298789960972123 -0.08998972234740361
frame0047.jpg -3.690245389471891e-05 -0.00044513496376008673 -0.09487689609002298
frame0048.jpg 1.5091696998429413e-05 -0.00035669393030085495 -0.14608869339541605
frame0049.jpg 0.00010208674404648393 0.00013357102885813666 -0.16902663843793767
frame0050.jpg 2.5143432027117843e-06 -0.00042511251125323637 -0.1374013009074638
frame0051.jpg -0.00023201743385263204 -0.001251785510949194 -0.06913621815011255
frame0052.jpg -0.0002304545643550573 -0.0012434952574618865 -0.09958371439222274
frame0053.jpg -0.00023663232607690814 -0.0012636839741290164 -0.19351546594257807
frame0054.jpg -0.00011284289027802338 -0.0005548640310443019 -0.17099355238776784
frame0055.jpg -0.0001310587315953873 -0.0005648087107898724 -0.1615198782160476
frame0056.jpg -0.0001197725033159511 -0.0006088546015299141 -0.19015571096207512
frame0057.jpg 4.0116580435722605e-05 -0.00013247002090443932 -0.09763470561623602
frame0058.jpg -0.00018436544225517142 -0.0011247427617708282 -0.02885178913542111
frame0059.jpg -0.0002587706702926419 -0.0013458363406334511 -0.021962458336220108
frame0060.jpg -0.0001575172511983311 -0.0007216668255231758 -0.07852657369529227
frame0061.jpg -0.0002561359059722268 -0.0014542289803216766 -0.15529588425810426
frame0062.jpg -0.00030832802744146725 -0.001578703821116081 -0.1716508190766442
frame0063.jpg -0.00021049918865711703 -0.0010460609212680557 -0.05841239376343465
frame0064.jpg -0.00014013870999466418 -0.0007938048132045371 -0.1305996076281217
frame0065.jpg -0.00014013870999466418 -0.0007938048132045371 -0.1305996076281217
frame0066.jpg -0.00015215585157475983 -0.0008681502035820015 -0.11195056337762398
frame0067.jpg -0.00030071679017082983 -0.0013927625456378705 -0.0450871602707816
frame0068.jpg -0.00028988709566573376 -0.0014373628390326027 -0.064543438174251
frame0069.jpg -0.00016198601858735215 -0.000968427080774208 0.0654364550945925
frame0070.jpg -0.0002549356834494242 -0.0013061309508032074 -0.13093827192529958
frame0071.jpg -0.0001830415753388713 -0.0011133312745961958 0.0071429164760134075
frame0072.jpg -0.00021969628533382633 -0.001237011221935376 -0.03238058858357113
frame0073.jpg -0.00014144554415310734 -0.0008059189474919741 -0.07659964216651642
frame0074.jpg -0.0001676343793317354 -0.0009344045828693303 -0.034467717387316285
frame0075.jpg -0.0001268383011124022 -0.0007570577754393853 0.029934697140225355
frame0076.jpg -0.00012409281260267706 -0.0007341553617295798 0.008793146005510436
frame0077.jpg -0.000317646833874841 -0.0014436586936081154 -0.14198542720546692
frame0078.jpg -0.0002620320439358582 -0.0013681994289550148 0.0010846958745880089
frame0079.jpg -0.00022949683371451421 -0.001206844400761574 0.02094779425045881
frame0080.jpg -8.934831236160208e-05 -0.000345417462301779 -0.10005743706295983
frame0081.jpg -0.00024792327914123274 -0.0011806487357920608 -0.09455663214068223
frame0082.jpg -0.00019904975346342826 -0.0009566541717494307 -0.07301552011242657
frame0083.jpg -0.00020554965126895917 -0.0009821409880701006 -0.15305963665661754
frame0084.jpg -0.00030775613562916866 -0.0013339257597190144 -0.09655666406751746
frame0085.jpg -0.0002381044592452877 -0.0010492451278045882 -0.08603502381402478
frame0086.jpg -0.00023055574439958916 -0.001027884945844536 -0.059913648711818986
frame0087.jpg -0.0004146563508836951 -0.0018061327055813891 -0.09799208182487633
frame0088.jpg -0.0004075818933892367 -0.0017484380711707873 -0.12255414807865148
frame0089.jpg -0.0004075818933892367 -0.0017484380711707873 -0.12255414807865148
frame0090.jpg -0.00021806157552423897 -0.0011112467491658628 -0.003973175163995676
frame0091.jpg -0.00013677884505330223 -0.0007311349991438607 0.09027836246026022
frame0092.jpg -0.00014536462942552677 -0.0008386272482791445 0.002989524595536237
frame0093.jpg -0.00015985808653149288 -0.0009224530709748892 0.012329678057844464
frame0094.jpg -0.00019993075483669 -0.0011390004923124706 -0.09163103813592524
frame0095.jpg -0.00012714085770901309 -0.0007497846310330577 -0.0065760398431365845
frame0096.jpg -8.08846677259296e-05 -0.0006646998342753738 0.09493056343963546
frame0097.jpg -0.0002872408719537786 -0.0014713544526917667 -0.056745280711965836
frame0098.jpg -0.0002627980736383664 -0.0013599457917656034 -0.07239617737195625
frame0099.jpg 1.298763779545706e-05 -4.3848319476451476e-05 -0.0884036695679444
frame0100.jpg -8.832523253677624e-05 -0.0002462680947166906 -0.007420850240916379
frame0101.jpg -0.00033964507190819063 -0.001588401977769644 -0.05394141883486218
frame0102.jpg -9.217510466339692e-05 -0.0002767007984908393 0.00891639182162822
frame0103.jpg -8.556881902170915e-05 -0.0002518481621929146 -0.0010698022865502322
frame0104.jpg -0.0003434036977417699 -0.0016606501870534392 -0.07165261400752003
frame0105.jpg -1.7864156829928303e-05 -8.223474782825933e-05 -0.04813552912804492
frame0106.jpg -8.038933471309221e-05 -0.00034704904482296456 -0.08692485282960108
frame0107.jpg -0.00040850860869644446 -0.0019607844227478035 -0.0795158672558251
frame0108.jpg 3.5820714742150345e-05 5.8956143542162134e-05 -0.05436532803007408
frame0109.jpg 6.447513348349374e-05 0.00017303003422600302 -0.04981454431577652
frame0110.jpg -0.00015269095500312018 -0.0006976966609069441 -0.07202188633659477
frame0111.jpg -0.00013189063065670564 -0.000634613868559583 -0.11019320204727354
frame0112.jpg -8.728279423773154e-05 -0.0005063562444061116 -0.13199649576883007
frame0113.jpg -0.0002012532173221643 -0.0009094745335309133 -0.05675302679096414
frame0114.jpg -0.00012867292245257665 -0.0006840123814071626 -0.13001717720313655
frame0115.jpg -9.048468562863484e-05 -0.0004479485039793292 -0.0547589207858281
frame0116.jpg -0.00029582463730681803 -0.0015268816439806814 -0.09773172036932984
frame0117.jpg -0.0003224802891404284 -0.0017267116290679671 -0.025002188032032788
frame0118.jpg -0.00020308152260776203 -0.0011610993834256305 0.024583987657470642
frame0119.jpg -0.00022247777677079526 -0.0012596242698087452 0.0014081076242912162
frame0120.jpg -0.00019998699999409855 -0.0012918065223406169 0.04594077046715767
frame0121.jpg -0.0002009577164874028 -0.0012275317541035093 0.08550393096382439
frame0122.jpg -0.00022808192561944414 -0.0011123657184708023 -0.058713045202268485
frame0123.jpg -0.00022435210099901675 -0.001131384752641701 -0.038388424602660745
frame0124.jpg -0.00016551139289220206 -0.0009732030177737397 -0.08308293602128247
frame0125.jpg -8.407070228759686e-05 -0.0005539622075200266 -0.08701163766035741
frame0126.jpg 7.781339188250836e-06 -0.0002285584744595159 0.023656787647015908
frame0127.jpg -5.741459108149293e-05 -0.0005857176064965844 0.023035996972156168
frame0128.jpg 0.00042389427232098414 0.0008160982799250106 -0.1139456254517977
frame0129.jpg 0.0014515152826860436 0.0014859335543458492 0.1353967901182337
frame0130.jpg 0.002221371778569005 0.0018977411984695558 -0.05431170803739413
frame0131.jpg 0.003400410508907725 0.003026772090466411 0.15913661666388876
frame0132.jpg 0.005174667266106417 0.006088306221097946 0.14973796898839392
frame0133.jpg 0.006435458524106486 0.007393763974554706 0.22819954076484225
frame0134.jpg 0.0076198577435235984 0.007488141951331344 0.17264076861523187
frame0135.jpg 0.009046670843935638 0.008749757872387427 0.3303317147520497
frame0136.jpg 0.010596877183423722 0.011618224109994236 0.5288298255238001
frame0137.jpg 0.010494596227956291 0.011341460473510557 0.6082062851286288
frame0138.jpg 0.011603377105137496 0.012264349229544984 0.7183454165617263
frame0139.jpg 0.012907306098250195 0.013902740139586794 0.5263692186290758
frame0140.jpg 0.013959452694989756 0.014028118030802 0.6219491189155544
frame0141.jpg 0.01572646317666069 0.01709937088436933 0.7595945576829121
frame0142.jpg 0.017086082456884144 0.01825248969939794 0.8957554367542049
frame0143.jpg 0.018149613799984643 0.01767692676450642 1.1599019383878706
frame0144.jpg 0.020028552216082175 0.021337006066576417 1.2040107684685288
frame0145.jpg 0.021167276365034283 0.02240988528138976 1.0156638326451082
frame0146.jpg 0.022683952111487788 0.02494934474741652 1.164335736525928
frame0147.jpg 0.023779860886153217 0.025658607866721708 1.1538037564898211
frame0148.jpg 0.02517254198145761 0.02722093599887835 1.5351040537715617
frame0149.jpg 0.027014046879691715 0.02991881387851553 1.4666416021394937
frame0150.jpg 0.028232161668101868 0.03101234003671771 1.4895559323042946
frame0151.jpg 0.029673172108781686 0.03369904422375182 1.3655873606097602
frame0152.jpg 0.030708269122751906 0.034915336752527434 1.5832784782667635
frame0153.jpg 0.033551900286723134 0.03855922080217762 1.810064289858745
frame0154.jpg 0.034854900725190346 0.03949812884548365 2.028911296772082
frame0155.jpg 0.036177889829217935 0.041323047598311964 1.9568206543363555
frame0156.jpg 0.03752769165181428 0.0433183328843856 2.0659860400403125
frame0157.jpg 0.0389234765067588 0.04514632329809301 1.9980977563848172
frame0158.jpg 0.040213092571812464 0.04583051153829422 2.1481707164571517
frame0159.jpg 0.041441387853586864 0.04618224244681582 2.1129520389258567
frame0160.jpg 0.043304930949329176 0.04961051291923725 2.098509083440101
frame0161.jpg 0.043290723824666776 0.049524479966176684 2.1160955855948482
frame0162.jpg 0.044751918301807664 0.05201487314141658 2.2188308828581844
frame0163.jpg 0.04578961017129513 0.052544768759111786 2.3136316469096982
frame0164.jpg 0.04691875546732501 0.054069672431468034 2.523144813250642
frame0165.jpg 0.04842325180499449 0.055426682758384464 2.565932286561502
frame0166.jpg 0.04997395533307472 0.058174287711140776 2.600613339362485
frame0167.jpg 0.050953985451493766 0.057640167227799376 2.6416254558182444
frame0168.jpg 0.05269990855195751 0.06135355283968625 2.73508079130411
frame0169.jpg 0.053836651656015706 0.06255168848990689 2.9712661206473308
frame0170.jpg 0.05498691841134014 0.06406394973278888 2.998913470861853
frame0171.jpg 0.056324162165103976 0.06566441481395974 3.0175519933019608
frame0172.jpg 0.05746493782542676 0.06685452168087201 3.0547328272860867
frame0173.jpg 0.0590891530042296 0.06930364284039486 3.2803000642655404
frame0174.jpg 0.06031671341533738 0.06943089238889505 3.3568776890514846
frame0175.jpg 0.06186593790707885 0.07197638020190109 3.2644727009522927
frame0176.jpg 0.0634453126924742 0.07494234430909699 3.4742066052077285
frame0177.jpg 0.06483777876460016 0.07600254103665689 3.5181390259065384
frame0178.jpg 0.06721235719845116 0.07944707305262698 3.614738859752872
frame0179.jpg 0.06839756038283132 0.08105977341467499 3.7522800784446186
frame0180.jpg 0.0696658232834819 0.08265236552913806 3.6150897994053213
frame0181.jpg 0.07084576599354532 0.08380838969025907 3.784101341333135
frame0182.jpg 0.07237083227914665 0.08585609952737756 3.858297034636773
frame0183.jpg 0.07379814685808725 0.08745145824397466 3.991797321991786
frame0184.jpg 0.0751793497025641 0.08931837482488804 4.1047005405304935
frame0185.jpg 0.0751940945483435 0.08939759606871336 4.0977305384671245
frame0186.jpg 0.07642710471248601 0.09111436953159624 4.329030477216192
frame0187.jpg 0.07756872314783264 0.09273611128944743 4.278351743997089
frame0188.jpg 0.07875464744386912 0.09412939086196584 4.3193314364776585
frame0189.jpg 0.08021439746214963 0.09608786190575908 4.409957483104312
frame0190.jpg 0.08165682016777487 0.09816751534496454 4.3231852003755895
frame0191.jpg 0.08311731567073588 0.10034953166526313 4.580517979147656
frame0192.jpg 0.08462105617579935 0.10236879888390428 4.560753336993531
frame0193.jpg 0.08584213753889303 0.10274229259794716 4.834989337155856
frame0194.jpg 0.08705270857262525 0.10489774286210896 4.7659969437473695
frame0195.jpg 0.08828167009348165 0.10665297292237796 4.8632400397012505
frame0196.jpg 0.08982545993168471 0.10978430772752733 5.206423662389147
frame0197.jpg 0.09086196488100504 0.1095421798112187 5.026089888669648
frame0198.jpg 0.09205996117101124 0.11165717703046814 5.15758589042374
frame0199.jpg 0.09330682609607326 0.11373750988543795 5.142732894848653
frame0200.jpg 0.09442686231099434 0.11411914466054933 5.2943370875709
frame0201.jpg 0.09587614081452173 0.1163620290596136 5.146052442367929
frame0202.jpg 0.0971362537210695 0.11855771858635222 5.247877574451589
frame0203.jpg 0.09967450732956966 0.1206030268499906 5.536862549828972
frame0204.jpg 0.1012089093711952 0.1243700566947803 5.4703268773457125
frame0205.jpg 0.10231329978077257 0.12454287797395115 5.4802051207992335
frame0206.jpg 0.10368225878740428 0.12625995985866062 5.628390846443054
frame0207.jpg 0.10513446676515112 0.12915853571493774 5.673971915843422
frame0208.jpg 0.10650588956195682 0.13059012733569653 5.768291248329041
frame0209.jpg 0.10645555743266458 0.1299739490603405 5.713062197998178
frame0210.jpg 0.10767245158091696 0.13135833027329535 5.964009775323291
frame0211.jpg 0.1089648870535515 0.13434560323467976 6.015217037567465
frame0212.jpg 0.11018799033574643 0.1367513151157502 6.00859092663278
frame0213.jpg 0.1113456610530182 0.13708968069460387 5.971698027491728
frame0214.jpg 0.11264846107929202 0.13940289897767125 6.087126375512379
frame0215.jpg 0.11416504643287577 0.14078195654597842 6.166911679675525
frame0216.jpg 0.11556835450537135 0.14253379947658212 6.230397720839018
frame0217.jpg 0.11697436645117497 0.14640943804324724 6.442466888567883
frame0218.jpg 0.11806787650959845 0.1478744075329204 6.417622531272392
frame0219.jpg 0.11927854617751996 0.14869664787814665 6.574432872280624
frame0220.jpg 0.1206516423478008 0.15154633486610564 6.614352078551207
frame0221.jpg 0.12172420733584645 0.1519362228155825 6.779581153430858
frame0222.jpg 0.12302273564618013 0.15398438057718952 6.933222338755479
frame0223.jpg 0.12452136260967996 0.15661768872147608 6.689737973658161
frame0224.jpg 0.1257058954033779 0.15777498453945624 6.848074055047107
frame0225.jpg 0.12695536436730073 0.16065938260802953 6.931567488256148
frame0226.jpg 0.12894482960504391 0.16311662284182676 7.120231583842147
frame0227.jpg 0.13004619755983315 0.164929666468337 7.323825305528192
frame0228.jpg 0.13120182674011396 0.16708888676504946 7.3000320443522275
frame0229.jpg 0.1323361949879946 0.16901469992796614 7.266923800609252
frame0230.jpg 0.13347828604180756 0.16856929017788508 7.341083785095122
frame0231.jpg 0.134855352392914 0.1712341403166217 7.753270162098553
frame0232.jpg 0.1360550057748891 0.17433930600081915 7.549717278484343
frame0233.jpg 0.13606221240375302 0.17431904833786446 7.587968416404164
frame0234.jpg 0.13708565604616213 0.17493025071550727 7.8232592820144475
frame0235.jpg 0.13820735166158815 0.17737170709984199 7.6582436980489375
frame0236.jpg 0.13918219724500847 0.17871750277458834 7.933603896330067
frame0237.jpg 0.14032804057750525 0.1814454451162282 7.8838837371452275
frame0238.jpg 0.14150311466805945 0.18081089070237774 8.032326786138155
frame0239.jpg 0.14279992760822835 0.1829197971345072 7.934635486451893
frame0240.jpg 0.1442089792708142 0.1863379429487641 7.902141990108363
frame0241.jpg 0.14545166515721564 0.1882591704662095 8.066255510545165
frame0242.jpg 0.1466178387598502 0.18885101595104847 8.165482880833753
frame0243.jpg 0.14781392494337822 0.1907671383970323 8.443617432112308
frame0244.jpg 0.14892908777112165 0.19308701673268747 8.426163551144635
frame0245.jpg 0.150113297764194 0.194538878368733 8.500857516011036
frame0246.jpg 0.15151916500690865 0.19622656489060328 8.282182577020984
frame0247.jpg 0.15281154758342394 0.19772003245778186 8.424484739709293
frame0248.jpg 0.15407800637330288 0.1992597803735215 8.600575250816439
frame0249.jpg 0.15517946770656826 0.20136701233610094 8.519010848660264
frame0250.jpg 0.1561575748568243 0.20300291888101132 8.326322603673049
frame0251.jpg 0.15826521703471413 0.20536086994622288 8.384446738775331
frame0252.jpg 0.15947515785077065 0.2078574665240598 8.560866653576245
frame0253.jpg 0.16068400986817222 0.20898031408260906 8.777494691932244
frame0254.jpg 0.16202068736931188 0.2123022853317892 8.751807811430092
frame0255.jpg 0.16321033899098836 0.21229321084274655 8.701878409333382
frame0256.jpg 0.1643544823752906 0.2140281734750341 8.557843737455492
frame0257.jpg 0.16433937522466305 0.21354666225789573 8.549906060013518
frame0258.jpg 0.16551608368391166 0.21519193678286155 8.927708518849178
frame0259.jpg 0.16670012339638446 0.21695688933935564 8.836963394240119
frame0260.jpg 0.1677964150856148 0.21950859477431786 9.056904112962787
frame0261.jpg 0.16889626656756496 0.22065162518562015 8.997874451573722
frame0262.jpg 0.1699023033027125 0.22148551479575648 9.124191577097447
frame0263.jpg 0.17098756014578506 0.22516479800240646 9.032035770478206
frame0264.jpg 0.17205220901433715 0.2272457447689541 9.126430073942323
frame0265.jpg 0.17330509274223593 0.2281924069220708 6.344399616896343
frame0266.jpg 0.1744677292593723 0.2300114916370952 9.36327935087064
frame0267.jpg 0.1755793518654116 0.2324894631362991 9.591711798529738
frame0268.jpg 0.17642306393464213 0.2328398570323117 9.441511078490613
frame0269.jpg 0.17739860191321424 0.2356341129440454 9.56626398315497
frame0270.jpg 0.1783701991830251 0.2358047367760265 9.749107239042104
frame0271.jpg 0.17957831295686566 0.2390072287025609 9.793713273861279
frame0272.jpg 0.18072488607528311 0.23312958233060396 10.201458005618377
frame0273.jpg 0.18180382247523624 0.24230751120351865 10.076409967688349
frame0274.jpg 0.18408244942968008 0.24586471700237625 10.089522341004901
frame0275.jpg 0.1849719783585136 0.2461288459883313 10.62028939595178
frame0276.jpg 0.18598577168619013 0.2500260601945573 10.688844927881444
frame0277.jpg 0.186995171531271 0.25099672522232896 10.50651895389418
frame0278.jpg 0.18811726478026095 0.2520750586663341 10.790607894459225
frame0279.jpg 0.1892162276107947 0.25460612631940593 7.744952668472256
frame0280.jpg 0.1903615634375264 0.2564585187775983 8.309443975893158
frame0281.jpg 0.1907725777452074 0.2463077770541965 11.150987321266538
frame0282.jpg 0.19121932279022866 0.25947000057640873 10.970239034430074
frame0283.jpg 0.19228629216782064 0.2605708616969493 10.759837880575883
frame0284.jpg 0.1930754318919892 0.2641256869558635 10.993609278319523
frame0285.jpg 0.19413599339046886 0.2621859912340976 11.12297060898448
frame0286.jpg 0.1949544477372327 0.26693525168011323 11.237603533617207
frame0287.jpg 0.195944413809981 0.2688512174837906 11.436247264231064
frame0288.jpg 0.19707011092160234 0.26951479671023515 11.44956293676358
frame0289.jpg 0.19803975234065474 0.2724676300729091 11.561442847017126
frame0290.jpg 0.1991691529851972 0.2740031250558149 11.653751487533677
frame0291.jpg 0.20037175747564068 0.2745428915100183 11.985495004273028
frame0292.jpg 0.20132138032603605 0.2779287882689269 11.723393303211072
frame0293.jpg 0.20228292614140148 0.2788969660202147 11.871411116539063
frame0294.jpg 0.2031528180776689 0.2814770876061541 12.212044064163385
frame0295.jpg 0.20414371518607755 0.28276980095338905 12.394776241071384
frame0296.jpg 0.20515696848383608 0.2851467666776233 10.419836435588339
frame0297.jpg 0.20637323075703376 0.28644143399740385 12.614949583370347
frame0298.jpg 0.2085417499574227 0.2899544328648024 12.545449357855587
frame0299.jpg 0.2096127075545099 0.29196536355775393 12.658276814897524
frame0300.jpg 0.2105641780254041 0.2930108808796774 12.941250541951522
frame0301.jpg 0.21120865979383746 0.2966312175591641 12.790825405277063
frame0302.jpg 0.21226623259647648 0.2979670373229193 12.780619774049455
frame0303.jpg 0.2133355073762737 0.29962450632522664 12.966713396210869
frame0304.jpg 0.2145442106309698 0.3004130101695183 10.836957092141118
frame0305.jpg 0.21453144101043675 0.3004980042616478 10.839631971890674
frame0306.jpg 0.21548089354203293 0.3040247476874738 13.027177947117494
frame0307.jpg 0.21671039593417224 0.3048417652070297 13.078724601562982
frame0308.jpg 0.21758734357715706 0.3080668531488853 13.063605330900769
frame0309.jpg 0.21878978252619294 0.3080095819547428 13.214147759333644
frame0310.jpg 0.2195683867473468 0.3118031197483357 13.243038573582444
frame0311.jpg 0.22082137886392156 0.3123057425627083 13.256018357095144
frame0312.jpg 0.2217230754650987 0.3144937749153105 13.464290002754048
frame0313.jpg 0.2225896755998376 0.3169161876051082 13.37246229521659
frame0314.jpg 0.22346313447625127 0.3187507103073807 13.37391723753886
frame0315.jpg 0.22455888907184066 0.3203004260372754 11.605147606095624
frame0316.jpg 0.22555096187996915 0.3233189557687467 13.687105356136572
frame0317.jpg 0.22680632949463625 0.3244463099028464 11.82451259094559
frame0318.jpg 0.22762426141501685 0.3271669203474857 13.881275893795845
frame0319.jpg 0.2285685334311209 0.3285002555577136 12.32488143231558
frame0320.jpg 0.2294337358936438 0.3302512809250092 14.045326509682804
frame0321.jpg 0.2304483320753297 0.3318890515312939 12.480034623056385
frame0322.jpg 0.2314955296031353 0.3339034551273657 14.18644582970575
frame0323.jpg 0.2340685788231465 0.3356625133676478 14.47530424434031
frame0324.jpg 0.2346821869981841 0.3398677357101784 14.327315312659078
frame0325.jpg 0.2355703051310725 0.34182859605931115 14.660138415601342
frame0326.jpg 0.23638262205955585 0.3438031152140916 14.684803425819517
frame0327.jpg 0.2373281261375427 0.3446456139331047 13.412427560002232
frame0328.jpg 0.23803041912179995 0.34771728811926145 14.782302469621206
frame0329.jpg 0.23797914145003315 0.3479156043560082 14.847082986562574
frame0330.jpg 0.23894870860496106 0.3495315408221214 14.843290683497912
frame0331.jpg 0.2403181748219881 0.34929226205429764 15.152430409894585
frame0332.jpg 0.24124561698449465 0.3514734055129915 14.915560918676492
frame0333.jpg 0.24167251511860754 0.35481185875328625 15.270074845768983
frame0334.jpg 0.242440329092704 0.3563526218201837 15.138031142775455
frame0335.jpg 0.24341688085056534 0.3569083402346154 15.500135719586506
frame0336.jpg 0.2442445327629543 0.35882198342848903 15.38807632282084
frame0337.jpg 0.2449949591497415 0.36119715426482907 15.591051682745965
frame0338.jpg 0.2458238707190005 0.3636221615489721 15.774477718574277
frame0339.jpg 0.2467100659419576 0.3653747422579444 15.935869411117787
frame0340.jpg 0.2475352089904429 0.367942115720977 15.671915200030842
frame0341.jpg 0.24858782641904856 0.3691897958693949 14.451463690592186
frame0342.jpg 0.2493531714189803 0.37207896442254185 15.925123106400502
frame0343.jpg 0.2503104806157314 0.3731433532984655 16.073717994830517
frame0344.jpg 0.2510934921969969 0.3747161999039701 14.881181906909475
frame0345.jpg 0.25174276126655515 0.3771011612870587 16.451022060105323
frame0346.jpg 0.2526076680400243 0.3788008463776984 15.209045094199666
frame0347.jpg 0.2544600083002989 0.3828128000762317 15.28320918460317
frame0348.jpg 0.2552507501318958 0.3851929793930796 16.576642198311752
frame0349.jpg 0.2564976712377205 0.3861547986120242 16.80105999488683
frame0350.jpg 0.2569764627397815 0.3899261280891533 16.848682704522936
frame0351.jpg 0.2577977020573496 0.3910916660929742 17.068626524857343
frame0352.jpg 0.2583675761742952 0.3932618244852028 16.843526217923127
frame0353.jpg 0.25836993036698963 0.3932544200044597 16.844614218243805
frame0354.jpg 0.2593918029784179 0.3944472345408217 17.181723125423588
frame0355.jpg 0.2610602163680282 0.3934261939371369 17.689042616867358
frame0356.jpg 0.2611244755326054 0.3987911308614789 17.41205778256225
frame0357.jpg 0.262094711323531 0.4010886577643384 17.141977458585714
frame0358.jpg 0.2634145049021024 0.40179767067284333 16.426811330512287
frame0359.jpg 0.2641650431950517 0.4035545897814876 16.584370279330727
frame0360.jpg 0.26492889075240816 0.4053991046629969 17.54788679255175
frame0361.jpg 0.2656223080428014 0.4077294634270455 16.897207898355447
frame0362.jpg 0.2658659871545785 0.4122692766592499 18.010198462284073
frame0363.jpg 0.26698934640898986 0.4131609596096156 17.712567327233952
frame0364.jpg 0.2677035583489479 0.4151079475377756 18.15755483356627
frame0365.jpg 0.2690066225601399 0.4153614222683271 17.704584744972287
frame0366.jpg 0.26908451363642977 0.4198844584166211 18.103802153580908
frame0367.jpg 0.26991910626841203 0.4215565460104926 17.952358041809653
frame0368.jpg 0.2715618971416548 0.42134292163148745 17.289136450604587
frame0369.jpg 0.2721154521449235 0.4244524334923784 18.49786769480546
frame0370.jpg 0.2742356607226055 0.4222299019959948 18.391973842994076
frame0371.jpg 0.2757393296506493 0.4263968149157126 18.284943481796134
frame0372.jpg 0.27580175246432465 0.4304760369177792 18.04448566007924
frame0373.jpg 0.27743131854662545 0.4308522870797604 19.087379195900873
frame0374.jpg 0.2780793080413277 0.43363833772834937 19.568372417611588
frame0375.jpg 0.2780233294680746 0.438632476917868 19.024710305971734
frame0376.jpg 0.2785401390201944 0.4410336165151588 19.23021067037705
frame0377.jpg 0.2785401390201944 0.4410336165151588 19.23021067037705
frame0378.jpg 0.28100016541390593 0.4389230789267432 19.204995909698745
frame0379.jpg 0.28028949890392124 0.44485802287251536 19.236601205307288
frame0380.jpg 0.2813122470998856 0.44660334242693134 19.197274928788413
frame0381.jpg 0.2821176326475747 0.448721663028596 19.64835761218781
frame0382.jpg 0.2830084730688183 0.4509445466789974 19.383092100923204
frame0383.jpg 0.2839003955752833 0.4522662516918605 18.61713226322939
frame0384.jpg 0.2844351149081652 0.4544954889486051 19.589717937511626
frame0385.jpg 0.2853771623523134 0.4560264775332629 19.74608879825189
frame0386.jpg 0.2868549300387727 0.4566030584013814 19.13677259139452
frame0387.jpg 0.2876800164782708 0.4584821756225262 19.18540343442804
frame0388.jpg 0.2873019182711753 0.463374303254304 20.04610999526872
frame0389.jpg 0.28866956191640664 0.464119108642676 19.41652464487732
frame0390.jpg 0.2893468849493882 0.4666073425568275 19.13136657972768
frame0391.jpg 0.2906753738997513 0.4674079546603691 19.92828714805961
frame0392.jpg 0.29065536803612235 0.4708640593406049 20.300416821325854
frame0393.jpg 0.2920686846507602 0.4718456923836302 19.76512011435385
frame0394.jpg 0.29297280120280256 0.4765615023947355 20.364927125803632
frame0395.jpg 0.2938539491798055 0.4780630229240506 20.719569353455686
frame0396.jpg 0.2939883899416201 0.4815811463925213 20.4836019662253
frame0397.jpg 0.2952349705601407 0.4823935821378814 21.035762246777914
frame0398.jpg 0.29594557279739875 0.4844747840185193 20.45042563529832
frame0399.jpg 0.2971529908765605 0.4856291293226344 20.95774747647431
frame0400.jpg 0.2966673294161229 0.4896589399191098 20.947002265494152
frame0401.jpg 0.29666507578745965 0.4896618441602505 20.950612682649005
frame0402.jpg 0.2979401760390533 0.4902298861562351 21.159186329588607
frame0403.jpg 0.29858399779989275 0.4920615812596002 21.24874184386506
frame0404.jpg 0.29960208101664226 0.4937665443883016 20.946679360396637
frame0405.jpg 0.2997542520851205 0.4969440606151942 21.32073839116931
frame0406.jpg 0.3011463370934906 0.4985562713668765 20.916950537992985
frame0407.jpg 0.3016928930189414 0.5009508504748483 20.88944475873385
frame0408.jpg 0.3020631953074259 0.5037039879884787 21.193602910474443
frame0409.jpg 0.3027408845621362 0.5053585444369851 21.555803592912746
frame0410.jpg 0.30288633728527403 0.5078544399132869 21.703848629613976
frame0411.jpg 0.305494296983161 0.5069446503391722 22.64348667037692
frame0412.jpg 0.3051703312712432 0.5107843314272273 21.879935720802433
frame0413.jpg 0.3058737160555798 0.5133600359515378 21.802308437893558
frame0414.jpg 0.3060773619561004 0.5160263619386586 21.9888163233327
frame0415.jpg 0.3077142899933976 0.5167031307940301 22.012524118506608
frame0416.jpg 0.30778451742234936 0.5195405832494315 22.133769758299362
frame0417.jpg 0.30897224674532753 0.5209619296134418 21.88430666528389
frame0418.jpg 0.3091766631052109 0.5235901479063801 22.149268549660253
frame0419.jpg 0.3107467680640003 0.5275800860069368 22.667649263860913
frame0420.jpg 0.3109022838282273 0.5306352174449971 22.82009959297953
frame0421.jpg 0.3126233542326098 0.5316378105529692 22.398058268244814
frame0422.jpg 0.31217996629628003 0.5353422626411963 22.83151862701633
frame0423.jpg 0.31356292952977377 0.5365940379244717 23.41598234170445
frame0424.jpg 0.3137438680056299 0.5393350513791729 23.08165203682615
frame0425.jpg 0.3151087759629708 0.5406344493599575 22.736304495095876
frame0426.jpg 0.31507457125036603 0.5406616078138576 22.746688277473467
frame0427.jpg 0.3150169122140501 0.5435131779829625 23.509878827737
frame0428.jpg 0.3160320232173109 0.5454766713685966 22.737975022311073
frame0429.jpg 0.3167252286002621 0.5475560283045351 23.400365436888126
frame0430.jpg 0.3175764249852253 0.5496893409334485 23.45177233088125
frame0431.jpg 0.31892745882197804 0.5511241514070442 23.01670226061738
frame0432.jpg 0.3189281231964149 0.5535950455855971 23.45175359667089
frame0433.jpg 0.31918087896558645 0.5560539061138436 23.685614720653554
frame0434.jpg 0.3195105875318033 0.55836774616425 23.471155235069734
frame0435.jpg 0.3225118901094173 0.5580240052021949 24.00635597776495
frame0436.jpg 0.32112208091735545 0.5624409986844112 23.64238074226839
frame0437.jpg 0.3237871075174749 0.5629819150534873 23.86018897372617
frame0438.jpg 0.32240896976212 0.5674847474449226 23.756344854390928
frame0439.jpg 0.32444335756524995 0.5688116619188843 23.884692745426054
frame0440.jpg 0.32364757800389576 0.5720482133553724 23.73801051866732
frame0441.jpg 0.3255603337981701 0.573017688272933 24.54979447175086
frame0442.jpg 0.3266994381940608 0.5775700542814723 23.96897173463089
frame0443.jpg 0.32614137729667125 0.5801148767203894 24.588043884811306
frame0444.jpg 0.32856193520773685 0.5808501381025316 24.24377543367495
frame0445.jpg 0.3284490978051546 0.5838643949746984 24.508940169644518
frame0446.jpg 0.33038326861124445 0.5850898755955026 23.72912953216317
frame0447.jpg 0.33125893542749985 0.5862285356144352 24.43299168702541
frame0448.jpg 0.32887252191170435 0.5906486971652725 24.91598673445316
frame0449.jpg 0.3305486721248657 0.5920056836395398 24.39187857965467
frame0450.jpg 0.33089954830218554 0.5916581450641956 24.10897019957159
frame0451.jpg 0.3314026559451382 0.5930033016034112 25.09457257916285
frame0452.jpg 0.33240328712555234 0.5953026817340723 24.55189858952836
frame0453.jpg 0.3322502060440554 0.5975612562543821 25.06083642172401
frame0454.jpg 0.3330568794357828 0.6005236878583603 24.76330008418644
frame0455.jpg 0.3364257707448761 0.6000668878507959 25.499127411466198
frame0456.jpg 0.33306855427092197 0.6052569475776721 25.32634321805748
frame0457.jpg 0.3355067173786783 0.6057161327465129 25.22175625366744
frame0458.jpg 0.3339866782122373 0.6087544266092091 25.10411243606401
frame0459.jpg 0.3359746098933535 0.6104268822316617 26.11881269366609
frame0460.jpg 0.3357594150285782 0.6125418602377036 25.30064295664082
frame0461.jpg 0.3372214767866579 0.6148352518440168 24.49092812569298
frame0462.jpg 0.33982309311664033 0.6145416121251249 25.206368077084075
frame0463.jpg 0.3389011825667511 0.6180544171811507 25.649350334040182
frame0464.jpg 0.3418350023041429 0.6183249555320702 25.668419254060026
frame0465.jpg 0.33900867189935824 0.6223479510515817 25.452106489894916
frame0466.jpg 0.3397257907959489 0.6264072165016987 25.881441833515893
frame0467.jpg 0.3420142618329464 0.6282733544932628 25.81234274914069
frame0468.jpg 0.3432081301743313 0.6295122168311189 26.571999915779113
frame0469.jpg 0.3427027448607084 0.6324119321476631 25.86033806752072
frame0470.jpg 0.3450747316355417 0.6332123009387497 25.802591757029226
frame0471.jpg 0.3425884099180776 0.6375121335371229 26.019563305698465
frame0472.jpg 0.34644281494640083 0.637539290410122 26.871348007465855
frame0473.jpg 0.34405396024559864 0.6406750676172429 26.51045610334935
frame0474.jpg 0.344053558754011 0.6406765073881677 26.459869728748124
frame0475.jpg 0.3447834497629755 0.643183542881048 26.472287603840567
frame0476.jpg 0.3452258239345409 0.6450546243928386 27.470861725956354
frame0477.jpg 0.3447443445926194 0.6479205462468847 26.81119014708573
frame0478.jpg 0.3492894909090675 0.6479912838042329 26.806392899284933
frame0479.jpg 0.34765557391114554 0.6512734854430949 27.016024247010368
frame0480.jpg 0.3494109421238546 0.6529510221345121 26.970470060920373
frame0481.jpg 0.3474050982937357 0.6560675637457525 27.781719814005733
frame0482.jpg 0.348035216278355 0.657974113527307 27.09364473615974
frame0483.jpg 0.35149657253846994 0.6585124017140191 27.107008150109376
frame0484.jpg 0.349525054611667 0.6619343381301919 27.27193973171189
frame0485.jpg 0.3513201099919614 0.6635732965404031 27.635334614914786
frame0486.jpg 0.3508009817808314 0.6660494074173022 27.277403493047515
frame0487.jpg 0.3512955774661428 0.6679818389829097 27.232100492650105
frame0488.jpg 0.3518138446029495 0.6694324698612147 28.593385673110994
frame0489.jpg 0.3509235193792616 0.670695252966726 27.903318592320836
frame0490.jpg 0.3499978350158006 0.6711013700078692 27.68903670833692
frame0491.jpg 0.3509732593239447 0.670607443411199 27.648067158410782
frame0492.jpg 0.3510816821554804 0.6704771588438051 27.909244052479416
frame0493.jpg 0.35100643695292466 0.67051097930766 27.79124679468412
frame0494.jpg 0.35093690994050664 0.6705430420412313 27.816155878254854
frame0495.jpg 0.3509303995732184 0.6705341117637924 27.717527348381196
frame0496.jpg 0.3509830046720627 0.6705083380026218 27.7113927620571
frame0497.jpg 0.3509882950165681 0.6705194300522321 27.813719674755305
frame0498.jpg 0.3509882950165681 0.6705194300522321 27.813719674755305
frame0499.jpg 0.3510135611743366 0.6705335645754437 27.77288498266836
frame0500.jpg 0.35102321051641616 0.6705282230245811 27.773421697637385
frame0501.jpg 0.35098538084352504 0.6705013484670639 27.772952841397547
frame0502.jpg 0.3510045617605482 0.6704920661948778 27.741965080009688
frame0503.jpg 0.351043804683391 0.6705027997941515 27.795556632838768
frame0504.jpg 0.35100815611878744 0.6705217781253383 27.825461210973
frame0505.jpg 0.3510075625584628 0.6705185320230139 27.83583974059995
frame0506.jpg 0.3510206764939185 0.6705264715806031 27.7024633620114
frame0507.jpg 0.35098255897608616 0.6705697504060348 27.657409515579328
frame0508.jpg 0.3509726381815398 0.6705544757514645 27.89633225424707
frame0509.jpg 0.3509929816250955 0.6705253162247193 27.675216716203483
frame0510.jpg 0.3507676598926497 0.6706187164035732 28.04992636542914
frame0511.jpg 0.3508509878295093 0.6706160354468993 27.4619690123206
frame0512.jpg 0.3508145036284158 0.6705876164077912 27.98685204782751
frame0513.jpg 0.35084412776425483 0.6705804011424366 27.983178515318897
frame0514.jpg 0.35085466701123835 0.6705580820758109 28.03338111269743
frame0515.jpg 0.35086966183223817 0.6705475076418759 28.032591114984516
frame0516.jpg 0.350896134713242 0.670584515824646 27.86734081265509
frame0517.jpg 0.3509045826104722 0.6705595610100926 27.998222981774827
frame0518.jpg 0.35087812225611104 0.6705642831163695 28.026245866624738
frame0519.jpg 0.3509549293382113 0.6705628323012994 27.802188579859948
frame0520.jpg 0.35093971034113514 0.6705769702525097 27.84599251485661
frame0521.jpg 0.35089193509475297 0.6705754627957096 28.02896774920113
frame0522.jpg 0.35089193509475297 0.6705754627957096 28.02896774920113
frame0523.jpg 0.3508983205546158 0.6706006822939807 27.86189920225234
frame0524.jpg 0.3509081531029286 0.6705982616452418 27.859105765526074
frame0525.jpg 0.3509169843459749 0.6705480724483079 27.886838499467345
frame0526.jpg 0.35057998353426856 0.6706574318113029 27.957620931726648
frame0527.jpg 0.3505859128652289 0.6706532196035601 27.94434769320469
frame0528.jpg 0.3505350084091241 0.6706340421060741 28.102242576039163
frame0529.jpg 0.35054386101516544 0.6706492186530421 28.122761279226985
frame0530.jpg 0.3505976036138795 0.6706606888044859 27.82957635726728
frame0531.jpg 0.3506207023016208 0.670611902312092 27.98718608906704
frame0532.jpg 0.3506207023016208 0.670611902312092 27.98718608906704
frame0533.jpg 0.3506481632286592 0.6706522009710121 27.86594959191276
frame0534.jpg 0.35064588657804474 0.670655488786033 27.865404260836627
