frame0000.jpg -0.0 0.0 -0.0
frame0001.jpg 2.575141512027853e-06 -0.0003973939311205275 0.013436323744727864
frame0002.jpg -2.642621905437487e-06 -0.0005976745074870887 -0.03120178972099136
frame0003.jpg -1.3877850061087685e-05 -9.796074063420733e-05 0.09663186347106133
frame0004.jpg -2.8875180233535165e-06 -0.0006556229507996881 0.01319536824717744
frame0005.jpg -1.3526846205395586e-05 -0.000596121728589589 -0.004649843709619185
frame0006.jpg -1.5022902429971875e-05 -0.0004966646461798622 -0.01775489992987941
frame0007.jpg -1.5022902429971875e-05 -0.0004966646461798622 -0.01775489992987941
frame0008.jpg -1.5022902429971875e-05 -0.0004966646461798622 -0.01775489992987941
frame0009.jpg -1.5022902429971875e-05 -0.0004966646461798622 -0.01775489992987941
frame0010.jpg -1.4897241464748361e-05 -0.0005152209997957618 -0.025793109946169145
frame0011.jpg -2.2537986847674648e-05 -0.00027799189215154643 0.0035703180997610404
frame0012.jpg -2.10878199005988e-05 -0.0003010675485143938 0.005806341352820972
frame0013.jpg 1.8544817122792176e-05 -0.001021900512909252 0.015459656565866902
frame0014.jpg -9.14564847923416e-06 -0.0005001951787633795 0.015569252505314612
frame0015.jpg 9.451806424628031e-06 -0.0005317760169999976 0.07624431329283257
frame0016.jpg 1.557518580932115e-05 -0.0008687638187813451 0.04140933114115703
frame0017.jpg 9.662362900082396e-06 -0.0009360921610690816 -0.006275875686653274
frame0018.jpg 3.5499956979356626e-05 -0.0014243570135852467 0.034385280380178275
frame0019.jpg 9.140875120592703e-06 -0.0007269459639644426 0.11104847771103322
frame0020.jpg 5.602364910907296e-06 -0.0007956936641811725 0.03477218426051156
frame0021.jpg -3.7322483902386863e-06 -0.0006547765479205166 0.035660754693311564
frame0022.jpg 2.78695328236896e-05 -0.0009373596039985877 0.0008021134128327762
frame0023.jpg 1.952561740396102e-05 -0.0008935459669890107 0.00803398778990055
frame0024.jpg 2.9959230841912397e-05 -0.0009743435639002957 0.04793360903274131
frame0025.jpg 1.3421663327635879e-05 -0.0007361915938629102 0.0206858920652702
frame0026.jpg 4.264075534465904e-05 -0.0011459340895602962 0.03506122184062027
frame0027.jpg 4.264320864772359e-06 -0.0006295615961994354 -0.0028016444041249573
frame0028.jpg 4.2505284062827426e-05 -0.0010333218917541948 0.03149661096911975
frame0029.jpg 4.345316204071244e-05 -0.0012648947314695975 0.007282821996358157
frame0030.jpg 5.4798242338046006e-05 -0.0009342297721453832 -0.08925581313301492
frame0031.jpg 4.8158383218333553e-05 -0.0012548834052661408 -0.04788069049686758
frame0032.jpg -2.8439196789153224e-05 8.861847101213438e-05 0.036691624648591034
frame0033.jpg -1.2275116298698692e-06 8.380142728521171e-05 -0.0423598023136324
frame0034.jpg -2.465446740159151e-05 0.0006022341153144559 -0.06585740157417556
frame0035.jpg -7.635354468272636e-06 0.0003692289716047439 -0.050190050517383664
frame0036.jpg -1.963317934389517e-07 0.00028697022738169247 -0.06043343186743539
frame0037.jpg 3.6395145131694456e-06 0.00016695102421486 -0.058442849311792236
frame0038.jpg -2.312001549014309e-06 0.00042373490399060047 -0.07104408746042093
frame0039.jpg 1.5534603137540844e-05 1.654603986122453e-05 -0.04547897429113952
frame0040.jpg 1.8638728498072268e-05 -0.0002469203229758057 -0.06622349433851013
frame0041.jpg 8.596257114567618e-07 0.00018141573018670432 -0.049273796073356614
frame0042.jpg 1.9398357523644255e-06 0.00016047451880788917 -0.04751213990572405
frame0043.jpg 5.9724619859856456e-05 -0.0008242737040424217 -0.04987878343390903
frame0044.jpg -1.979303818976753e-05 0.0009522640075301027 -0.09329010732131764
frame0045.jpg 4.141465035366146e-06 0.0003162872986451591 -0.0612164614763048
frame0046.jpg 1.0421076541109213e-05 0.000161246106752153 -0.16392428888895194
frame0047.jpg 1.7503927681597147e-05 -0.0002530480425691198 -0.0854539678191819
frame0048.jpg -1.5238587423586845e-05 0.0004617227024777799 -0.11381252535763844
frame0049.jpg -1.4800400236887976e-05 0.00028777603927324254 -0.09533191162234332
frame0050.jpg 9.226459511322016e-06 3.439304049374817e-05 -0.07210986422947963
frame0051.jpg 3.539749045386735e-05 -0.0010594972777565924 0.01657338659835286
frame0052.jpg 3.258834429606101e-06 -0.00034861585515162696 -0.12144183780385563
frame0053.jpg -2.2400061590069446e-06 -0.0002612240578286377 -0.126271570208818
frame0054.jpg -8.146098217616963e-05 0.0008443956700470225 -0.14571924758235008
frame0055.jpg -9.242316490229496e-05 0.0011569504356005024 -0.17748025932826786
frame0056.jpg -6.513739285481039e-05 0.0006196568163281078 -0.13357337163355082
frame0057.jpg 2.4268879965208323e-07 -0.00031039516285840193 -0.13413006806032002
frame0058.jpg 7.0072623081861676e-06 -0.0002761340146208889 -0.08650039936007367
frame0059.jpg -1.937765433681661e-05 -4.7144281310835637e-05 -0.15916662813661162
frame0060.jpg -9.34224692496673e-05 0.0004227030085822825 -0.17337339582302594
frame0061.jpg -9.34224692496673e-05 0.0004227030085822825 -0.17337339582302594
frame0062.jpg -2.5331629311267928e-05 -0.00024200953737913824 -0.12563414832630534
frame0063.jpg -3.123112243925279e-05 -0.00017095388864612012 -0.12888027760170406
frame0064.jpg -1.1753335253424125e-05 -0.0006346728377637468 -0.08559362843976773
frame0065.jpg -3.4625496899073355e-05 -0.00024880344204390373 -0.13412855842364052
frame0066.jpg -2.925285684616831e-05 -0.0002644675543655374 -0.10419451710943947
frame0067.jpg 6.005156985045034e-06 -0.001061981035472849 -0.05467236261530373
frame0068.jpg -2.507290838361837e-05 -0.00038979792281637805 -0.0808629275210597
frame0069.jpg 1.9013538038447635e-06 -0.0007048892405252239 -0.022581176167769515
frame0070.jpg 7.896240169927342e-06 -0.0007854023043241383 -0.06639150950246885
frame0071.jpg 1.9438411341854983e-05 -0.0011864127244108008 -0.06771794025555025
frame0072.jpg -4.268137897225638e-05 4.811044133079264e-05 -0.0796037390217679
frame0073.jpg -1.5750244216076022e-05 -0.0006018580326530259 -0.03274170699559898
frame0074.jpg -2.740174713426909e-05 -0.00036394854201807165 -0.06779346476632271
frame0075.jpg -8.181339120096354e-06 -0.0005779376477518274 -0.08483215142897382
frame0076.jpg -2.2409787366485875e-05 -0.0003439900478300576 -0.1361529819407302
frame0077.jpg -1.1625946739415837e-05 -0.00056492998776002 -0.07619043328764462
frame0078.jpg 9.352744733459053e-06 -0.0008918145829086701 -0.10789149146380027
frame0079.jpg -2.369909508600045e-05 -0.00043049961907018665 -0.06004249714261405
frame0080.jpg -1.4104785130839084e-05 -0.0005203862832454965 -0.04664930280691297
frame0081.jpg -5.829368813457388e-05 -6.510984807339836e-05 -0.15368264492879025
frame0082.jpg -3.041682415115073e-05 -0.0002064604166536453 -0.02520910006603677
frame0083.jpg -1.6669312904683042e-05 -0.0005372329955558512 -0.05009613041520452
frame0084.jpg -6.720952940616599e-08 -0.00035872552284545807 -0.027077159432343883
frame0085.jpg -7.38548339350754e-06 -0.00032596941400116463 -0.009952070200834405
frame0086.jpg -1.9704071696429528e-05 -0.0006762171729853664 0.035885889449557666
frame0087.jpg -3.852337704560726e-05 -6.088524431456815e-05 -0.004977512218202366
frame0088.jpg -1.475578009451072e-05 -0.000544181673746175 -0.09473397047838232
frame0089.jpg -4.030969145542827e-05 -1.4754648314027901e-06 -0.03166291677898918
frame0090.jpg -5.348405252009235e-05 0.00029911384206990333 -0.06202201952526151
frame0091.jpg -6.51016714836799e-05 0.0003160417560201875 -0.12141296631429455
frame0092.jpg -4.1212615939279355e-05 -0.0001224640833936642 -0.11887861173353295
frame0093.jpg -9.892961928337384e-05 0.0005792292956400091 -0.1347395951723532
frame0094.jpg -8.312249379265422e-05 0.00043645783390031914 -0.12458384585655595
frame0095.jpg -4.505577297716628e-05 0.00028501609416170423 -0.046884201896729885
frame0096.jpg -4.247314428241956e-05 0.00032954642058756603 -0.04863591685749959
frame0097.jpg -2.0426695610397422e-05 -0.00010599344001598612 -0.0746596588609179
frame0098.jpg -3.105089821198496e-05 -4.997747910076091e-05 -0.11993829571270945
frame0099.jpg -3.045323939540832e-05 -0.00016953957894589846 -0.09449937077696374
frame0100.jpg -4.4387470323110516e-06 -6.812645828997932e-05 -0.11050104396380447
frame0101.jpg -2.4507153658049325e-07 -1.0176693125904376e-05 -0.10333637009142058
frame0102.jpg -4.8869375645414e-05 0.0005609140969842287 -0.04368064565798858
frame0103.jpg -0.0001053430932006142 0.00139329492408559 -0.16550873001306118
frame0104.jpg -2.9884112884671917e-05 0.0005002742318149069 -0.17896352782070593
frame0105.jpg -1.1502384617966253e-05 1.873852816713422e-05 -0.10169357767467747
frame0106.jpg -5.040888403872785e-06 -0.00028621614096794044 -0.09228341707118744
frame0107.jpg -3.119476493857025e-05 0.00040207049539045097 -0.13149063493531993
frame0108.jpg -3.119476493857025e-05 0.00040207049539045097 -0.13149063493531993
frame0109.jpg -2.7422206472653054e-05 0.0006365209941386444 -0.12766082383626953
frame0110.jpg -1.607974995882454e-05 0.00030254150890125244 -0.10792668027064643
frame0111.jpg -7.008250520718332e-06 0.00022402126532171328 -0.08140958759646656
frame0112.jpg 2.427421828841385e-05 -0.00027860116023270326 -0.08406472562764374
frame0113.jpg 2.4749642683919958e-05 -0.0006268817365922643 -0.08938284198010482
frame0114.jpg -3.241654480744683e-05 0.0004914434414560453 -0.1541915807770048
frame0115.jpg -2.0005641087793385e-05 5.027931200702039e-05 -0.15369825091943684
frame0116.jpg 4.790555325271583e-05 -0.0009410230560508777 -0.07912299298767896
frame0117.jpg 4.383492318250527e-06 -0.00026070910730135695 -0.11224677159808123
frame0118.jpg 9.788855139133328e-06 -0.0003823826222425978 -0.11771361254613827
frame0119.jpg 2.8800797634475825e-05 -0.0006305337916690947 -0.03405737426173112
frame0120.jpg -5.0335745964166065e-06 0.0006866140469022403 0.02538826900404378
frame0121.jpg -8.444208919041666e-05 0.0012753568878862856 -0.18185072150121004
frame0122.jpg -7.882523869074607e-05 0.0012363190684723903 -0.2077656285438413
frame0123.jpg -2.0008711578121203e-05 0.0003806982808418375 -0.05501189531877857
frame0124.jpg -4.6594053768026084e-06 7.366606713644259e-05 -0.008841592616796822
frame0125.jpg -1.2843029956274656e-05 0.0002079670927350629 -0.0688773635161875
frame0126.jpg -2.572771569479797e-05 0.00038479604111841853 -0.033335132705175435
frame0127.jpg -2.8287204553088117e-05 0.0002698302080114858 -0.04441877994077018
frame0128.jpg -2.309908933885609e-05 0.0005075032307796394 0.03317121716005999
frame0129.jpg -2.270152363192775e-05 -2.5241483436263793e-05 -0.03122403284476464
frame0130.jpg -2.0944745092464616e-05 -1.9571504381027093e-05 -0.02274696168541821
frame0131.jpg -2.2807811617719918e-05 -5.132225807579467e-05 -0.037695608317448295
frame0132.jpg -2.4431629090074132e-05 6.826942049019585e-05 -0.010748837986968508
frame0133.jpg -2.2379112600076632e-05 2.734440571960248e-05 -0.006248166254092318
frame0134.jpg -1.247633550350667e-06 -0.00017544227949485455 0.048178056546960654
frame0135.jpg -9.089886249428527e-06 -0.00020761326405261183 0.00027408143084024035
frame0136.jpg 1.9281028468174687e-05 -0.0004590083431616458 0.06305752251992967
frame0137.jpg -3.829311318472592e-05 0.0007086837756094225 -0.05594210511985758
frame0138.jpg -4.420974435718288e-05 0.0007531634717054767 -0.04934143962709394
frame0139.jpg -3.25407362787815e-05 0.0005906975501718719 -0.08090808391136314
frame0140.jpg -1.3789716464778964e-05 0.0001404602984255064 -0.017601017001239092
frame0141.jpg 1.9634704191898724e-05 -0.00021023899045181276 0.04887399893977864
frame0142.jpg -6.488991580097864e-05 0.0007701715191746043 -0.07526334021947352
frame0143.jpg 0.0001146871831054857 -0.00026384664403419114 0.1205890365540319
frame0144.jpg 0.0003157568749731416 0.0021454280892624802 -0.14366803239902956
frame0145.jpg 0.000651577648033534 0.004363760481795671 -0.06776682098811128
frame0146.jpg 0.0008388155633944982 0.0054585843767849225 0.042182205134453664
frame0147.jpg 0.0006237634827573258 0.009130265986799816 -0.15610125734797195
frame0148.jpg 0.003264529388817871 -0.03770452372134925 1.8492295019830312
frame0149.jpg 0.0013419736158726938 0.015547803426974328 -0.032022268764532937
frame0150.jpg 0.004291915760316326 -0.03344862516987837 2.292974048230836
frame0151.jpg 0.0017269522425995573 0.024268372495253848 -0.09868422207340784
frame0152.jpg 0.0018741391517607398 0.02784914042502124 -0.12441476089823418
frame0153.jpg 0.0018831938122469954 0.03390760365219998 -0.1273000734069122
frame0154.jpg 0.0023134876997169423 0.03788453518072179 -0.2683275174162833
frame0155.jpg 0.002680017383315861 0.04155695095348296 16.080558255265885
frame0156.jpg 0.0029864375933799947 0.04737472640568577 -0.29781980739854697
frame0157.jpg 0.0033231123971551317 0.05315921694723321 -0.27401341950825303
frame0158.jpg 0.003993226040538051 0.054890478127452576 -0.004962436307869918
frame0159.jpg 0.004352378007871702 0.06124493904946729 -0.07663596391176118
frame0160.jpg 0.004671172569163822 0.06677443711447406 0.00637852563214624
frame0161.jpg 0.005050802556116413 0.07176281554360793 -0.15736480782242934
frame0162.jpg 0.005230945871322109 0.0763628999331253 14.915540645366134
frame0163.jpg 0.005637602135459007 0.08150606566535702 -0.1443870375963035
frame0164.jpg 0.005994693848359104 0.08634079072724038 -0.221911626528254
frame0165.jpg 0.006468346267994942 0.08843290318178959 0.07531525807279625
frame0166.jpg 0.0065409828439214395 0.09640021422186386 -0.14179657071546886
frame0167.jpg 0.00721161588472618 0.09707650712202293 -0.004555315613294141
frame0168.jpg 0.007160960521435434 0.10726470780542834 -0.16589267424394755
frame0169.jpg 0.0074356943148661215 0.11183475194497497 13.83448645990814
frame0170.jpg 0.00783268252652158 0.11652977487628427 0.154671133815019
frame0171.jpg 0.008309291494119901 0.12172002196352966 -0.11346768504158172
frame0172.jpg 0.008675121026987255 0.12632193766028113 0.10832231789483676
frame0173.jpg 0.008758577350558502 0.13008664366391995 12.987223559827363
frame0174.jpg 0.009001136998990505 0.13588838667065425 0.03771051791988423
frame0175.jpg 0.00917704327188322 0.1399493288400251 0.2280669812000353
frame0176.jpg 0.009394168000912 0.142617250980323 0.20567984813744927
frame0177.jpg 0.009222045528015041 0.1496651295952621 0.12279116756453165
frame0178.jpg 0.009543202939344473 0.15455068667862387 -0.03750986149185522
frame0179.jpg 0.010124705612695116 0.15702307943531418 0.24504352471137456
frame0180.jpg 0.010098116394320657 0.16355075200464847 0.3066698089000173
frame0181.jpg 0.010094982391766795 0.1699541019915852 0.05150557824545747
frame0182.jpg 0.010608900802190742 0.17092755703961138 0.3055956855087472
frame0183.jpg 0.010866032316747223 0.1777529606375679 0.4251477843932505
frame0184.jpg 0.011353930470745136 0.18056137538105727 0.6182109820620145
frame0185.jpg 0.011669071256944406 0.1867453722086322 0.3131298358958115
frame0186.jpg 0.012201977353456836 0.1929929088407476 0.3837140498717645
frame0187.jpg 0.012990081035686642 0.19387427007846866 0.4687048381526689
frame0188.jpg 0.012884151613062354 0.2035694490815541 0.3297221177516148
frame0189.jpg 0.01311370421591556 0.20830596020181225 10.71476084982743
frame0190.jpg 0.013487500469421355 0.21463333299431586 0.08491584238237729
frame0191.jpg 0.013955656508059735 0.2187603183378193 0.1305880662618711
frame0192.jpg 0.016299629747599645 0.19802960650553106 4.183954756452954
frame0193.jpg 0.014582363862753134 0.2274760312078238 0.4036191979674535
frame0194.jpg 0.01510524524632998 0.22987508303252896 0.4645134864688712
frame0195.jpg 0.015384909566358025 0.23652338493561464 0.5813828898419083
frame0196.jpg 0.015764369238039706 0.24215316358696096 0.5058407070944106
frame0197.jpg 0.01601085871324065 0.2454478984313051 0.5753852372024457
frame0198.jpg 0.015722792066627432 0.2529087829404349 0.35978007190758154
frame0199.jpg 0.016549772211385157 0.2533929643254363 0.6992830125503
frame0200.jpg 0.016691799025068118 0.2628769444401513 0.5449189016232321
frame0201.jpg 0.018173256653269677 0.2543774434014013 1.3737840706923106
frame0202.jpg 0.017503029993977022 0.26828011113922257 0.7813917935458932
frame0203.jpg 0.017364129788325425 0.2770565198333317 0.33571742705979696
frame0204.jpg 0.017721067744285973 0.2818293373189832 9.139319944158798
frame0205.jpg 0.01859876568691607 0.2835974540290709 0.4095384706959793
frame0206.jpg 0.0196552197892048 0.28179178170889185 0.8775067792069741
frame0207.jpg 0.01900895181321929 0.2959512324607488 0.5149589510138568
frame0208.jpg 0.01925248961606356 0.3006484320206681 8.86805507270766
frame0209.jpg 0.01993278340286482 0.3028910731584379 1.2755923256195238
frame0210.jpg 0.020144323412779042 0.3088839129861307 0.7975294660041995
frame0211.jpg 0.021050447953692663 0.30408558244482203 1.877006210121822
frame0212.jpg 0.02007774171191344 0.3204433369840227 8.708245810944195
frame0213.jpg 0.02076064372205416 0.3233985656765913 0.6767430777776329
frame0214.jpg 0.02185123704096104 0.3184062154972884 2.4502686600247165
frame0215.jpg 0.021140544520298232 0.3326355394301723 1.0882745304438672
frame0216.jpg 0.02096849962081014 0.33986350398564513 8.178852450542964
frame0217.jpg 0.02211031695598134 0.33224130107623945 2.0332411123777803
frame0218.jpg 0.02195290813318126 0.3384626395372092 2.456453302117513
frame0219.jpg 0.020900431594472163 0.3537386135227185 7.808294283552347
frame0220.jpg 0.020991680029306056 0.35880508255649385 7.564798366648875
frame0221.jpg 0.02139155581407857 0.3621520905561221 1.278671125830996
frame0222.jpg 0.02156867216129127 0.3660833188845142 1.1363711394347864
frame0223.jpg 0.021668123725324825 0.37289497331821375 1.1936164957784392
frame0224.jpg 0.022135350623353714 0.3768815091595173 6.601878372316652
frame0225.jpg 0.022167473766173982 0.3832089586034727 7.123945631865777
frame0226.jpg 0.0223611350289398 0.3881846157756125 7.097423266381383
frame0227.jpg 0.022842637135497987 0.39112212678755615 1.335588795563748
frame0228.jpg 0.02279700566394545 0.391460525764108 1.3250512038618554
frame0229.jpg 0.023229753136344917 0.3971432891340938 0.6425481704793821
frame0230.jpg 0.023089106014714908 0.4088574622509602 0.7550832076225907
frame0231.jpg 0.023975045634916745 0.4087032431932173 0.7984273011611022
frame0232.jpg 0.023801584924092872 0.41633871326587857 6.074467055378007
frame0233.jpg 0.024746525953534826 0.4140571111094726 2.5707322724893777
frame0234.jpg 0.023961477087311 0.42589178048259824 5.873170729054105
frame0235.jpg 0.024066656476054767 0.4313194563582316 5.708618514187091
frame0236.jpg 0.02420862820640976 0.43771180090635936 6.517107858307768
frame0237.jpg 0.024652874286491905 0.4422996312336409 6.395949882917753
frame0238.jpg 0.024995348303748933 0.4459936766456296 1.0000834323400738
frame0239.jpg 0.024946130561829927 0.4523272219840077 0.8892977315906301
frame0240.jpg 0.02618424164798946 0.4488817531859213 3.8220980139165737
frame0241.jpg 0.02567313356153239 0.4600196848214302 1.1922049803010502
frame0242.jpg 0.025662206489125542 0.4663610556925801 1.2890405884407232
frame0243.jpg 0.02691856454120338 0.4639935864139618 2.959768306329252
frame0244.jpg 0.02704736814325684 0.4717644375173511 5.063652639067584
frame0245.jpg 0.027723057403307327 0.4746451679806714 2.1028821600236483
frame0246.jpg 0.02705054453048428 0.4847631296372895 1.4112010531108532
frame0247.jpg 0.027208451484199897 0.4881545976884197 1.8927910096332663
frame0248.jpg 0.02689578321835348 0.4956558562237148 5.9864179005077505
frame0249.jpg 0.027134622882643816 0.4999541278360895 5.909551953788995
frame0250.jpg 0.028139664186631608 0.4996511821019905 2.2120311961636414
frame0251.jpg 0.02764213269927511 0.5081211239999389 5.211649418938719
frame0252.jpg 0.027675577444259872 0.507947764740748 5.022357100562179
frame0253.jpg 0.02787359211689662 0.5135380663012871 5.479465908318199
frame0254.jpg 0.029232428885848764 0.5177294447004495 3.3511734494696164
frame0255.jpg 0.028464715145839037 0.5279857545327149 5.365525215825048
frame0256.jpg 0.028827218424343992 0.5292796341748454 4.468317406968435
frame0257.jpg 0.028842419782496107 0.5356238992028604 1.6415616470997416
frame0258.jpg 0.029257068499619787 0.5382118970368194 1.802067277707723
frame0259.jpg 0.028472812540626637 0.5470887898338802 5.222905937368271
frame0260.jpg 0.02914825782290412 0.5482997486757363 3.4632580468199485
frame0261.jpg 0.029014234015327905 0.554305509776925 3.4273372576876446
frame0262.jpg 0.028475229131123412 0.5627879165614723 5.115151274204282
frame0263.jpg 0.02935987620336733 0.5639331219402539 1.7870828460889343
frame0264.jpg 0.028825356382960108 0.57208778411936 4.689320313566799
frame0265.jpg 0.028973639665818143 0.5761929754812383 1.5275865211975372
frame0266.jpg 0.02887540728790572 0.5815135805681844 4.786632397430687
frame0267.jpg 0.029041495533705525 0.5863836336590057 4.6289256686570965
frame0268.jpg 0.029333381038231108 0.5910267231524959 4.069540118560534
frame0269.jpg 0.02977408790047745 0.5941781190884603 2.4175726104431545
frame0270.jpg 0.02934028168448638 0.6020504426208758 4.827986470724375
frame0271.jpg 0.02961365129474328 0.6065854127608757 2.016028133108384
frame0272.jpg 0.02981883440237465 0.6104815671955754 2.1424593575738826
frame0273.jpg 0.03012354466821368 0.6147569438122169 4.293689664491719
frame0274.jpg 0.029999070260223918 0.6206524060314991 2.3905558429064646
frame0275.jpg 0.0303255079376748 0.6241763835058395 4.454895689885994
frame0276.jpg 0.030184750312152425 0.6249044994606024 4.713485497983315
frame0277.jpg 0.030665552118924994 0.6290131116352332 2.81408792975975
frame0278.jpg 0.031162549779536117 0.6394584373077512 2.148810688780676
frame0279.jpg 0.03183056900344605 0.6423983728772695 3.055310294904165
frame0280.jpg 0.031397434358685215 0.6494563759219937 1.9683115978711712
frame0281.jpg 0.0316457243734794 0.6538253102540671 2.3957398928623834
frame0282.jpg 0.0317928614900008 0.6588252235935881 2.224374033490014
frame0283.jpg 0.03192635403076408 0.6629789474704865 2.6725092065763234
frame0284.jpg 0.03190314758403978 0.6675467671837425 3.719686214145783
frame0285.jpg 0.031945318774459615 0.6731063861564804 4.055354636480342
frame0286.jpg 0.032357793011888625 0.6777101773558004 2.427071531050419
frame0287.jpg 0.03279859810873531 0.6813082136575568 3.22196508848812
frame0288.jpg 0.032812496725780266 0.6872841300600095 3.0833337442740665
frame0289.jpg 0.03307777311621585 0.6919667053031943 1.9006310567249616
frame0290.jpg 0.03336772381605005 0.6966411307817866 2.444849412153694
frame0291.jpg 0.03376519552844512 0.7006348690343596 2.459359971970536
frame0292.jpg 0.033597985671892816 0.7063510044435909 2.77451975534759
frame0293.jpg 0.033806713837753244 0.7113656980842081 2.560054941936272
frame0294.jpg 0.033732555238226485 0.7176017267339649 1.9896807874073372
frame0295.jpg 0.034050741152203134 0.7220898380845915 2.540307473175229
frame0296.jpg 0.03414258144358809 0.7268298005899297 3.736243218160239
frame0297.jpg 0.03424974529350447 0.7314173989992455 3.934783000192695
frame0298.jpg 0.034588696622014165 0.7361802367756888 2.9963405611344207
frame0299.jpg 0.0344664627940367 0.7421326964723246 3.683036432938536
frame0300.jpg 0.03502148605527597 0.7403118976860804 2.9850482812198145
frame0301.jpg 0.03425654665760613 0.7478678988654545 2.132123516649282
frame0302.jpg 0.03464290659150848 0.7573108565204965 2.341751680543562
frame0303.jpg 0.03492219069565372 0.7612082157238645 2.453046246235893
frame0304.jpg 0.0347603628721288 0.7664393780578772 2.4951872276967992
frame0305.jpg 0.035000247223445 0.7708910522408501 2.4681427348346854
frame0306.jpg 0.03490056194990604 0.7765523063894421 2.4421777843867503
frame0307.jpg 0.03492562997802268 0.7812094968001118 2.324904023234293
frame0308.jpg 0.03454394906052513 0.7864132285179154 2.6108472218006438
frame0309.jpg 0.03447937212188173 0.791355586516991 2.8045345707241194
frame0310.jpg 0.03469417736084249 0.796459994927111 2.4526096687666823
frame0311.jpg 0.03547103876769181 0.800698887200727 2.3317930918487817
frame0312.jpg 0.035476022457732286 0.8057984339179967 3.129134304574261
frame0313.jpg 0.03541018479612895 0.8109943655659047 2.679626366396218
frame0314.jpg 0.03521621467762706 0.8163497410850459 2.6580917450577672
frame0315.jpg 0.03590048228535705 0.8203741965445631 2.5000476799478006
frame0316.jpg 0.036228708624716784 0.8257454170954577 2.6939224063298144
frame0317.jpg 0.03662616886069428 0.8303976038575427 2.8192520603555256
frame0318.jpg 0.036506611448753216 0.8356997230306662 2.696931113172049
frame0319.jpg 0.03683519417063613 0.8401987968622044 2.48794944511334
frame0320.jpg 0.03683894863459622 0.8457731460074056 2.460219261340568
frame0321.jpg 0.03735702950456385 0.8503925981973063 3.017670466228492
frame0322.jpg 0.03727134907817154 0.8553548277374907 2.6625233894485154
frame0323.jpg 0.03728236163887591 0.8604378647623799 2.6213923593613293
frame0324.jpg 0.03753977979218856 0.8654045679346523 2.4899971993185037
frame0325.jpg 0.03798339803788362 0.8697704350093481 2.6031570680842187
frame0326.jpg 0.03836880758380906 0.8744972049381671 2.5240332399686665
frame0327.jpg 0.03832040753100524 0.8803077974635051 2.1250603484142347
frame0328.jpg 0.038361876892336916 0.8856302127978867 2.125205949897353
frame0329.jpg 0.038210495235780066 0.8905349747032104 2.605135519198201
frame0330.jpg 0.03886825198484248 0.8945473992349193 2.1918623180110166
frame0331.jpg 0.03907336924439364 0.8994691122258374 2.4447395347175487
frame0332.jpg 0.038751601311202144 0.9052640012438576 2.6846402273713914
frame0333.jpg 0.039093787072887576 0.9096867330066506 2.415825107860136
frame0334.jpg 0.03906641375681347 0.91457973992122 2.4165549097115515
frame0335.jpg 0.03883652272314081 0.9197548535732004 2.534230267739186
frame0336.jpg 0.039010677549122574 0.9250769693771675 3.0070180664413484
frame0337.jpg 0.03874346144153426 0.9305357933888168 2.487956875282765
frame0338.jpg 0.038782108173516905 0.9356238927983828 2.1310827060371467
frame0339.jpg 0.03893298714553475 0.9405100981524118 2.687272606187884
frame0340.jpg 0.03922200926753528 0.945436451349229 2.431731404657432
frame0341.jpg 0.039184619944577385 0.950666094845912 2.32654794165594
frame0342.jpg 0.03897465741497549 0.9555220151145104 2.2773142477647523
frame0343.jpg 0.039403815011525865 0.9600820434716564 2.443873760563456
frame0344.jpg 0.03985320132957093 0.9648376911251464 2.3198358868578444
frame0345.jpg 0.03943757439924847 0.9703551658483092 1.9439099706993783
frame0346.jpg 0.03922647530099704 0.9752657232858926 2.196655058621829
frame0347.jpg 0.03933096601213404 0.9798926530771744 2.4675009773856105
frame0348.jpg 0.03943612148433676 0.9800390542403772 2.4376748229938303
frame0349.jpg 0.0396931282632291 0.9844742289682972 2.4749606662091423
frame0350.jpg 0.039804359908481135 0.9945532528158454 2.187211651925029
frame0351.jpg 0.04002074771976194 0.9991213838792676 2.229948547805176
frame0352.jpg 0.04016001309498824 1.0038488574684064 2.1362061280802167
frame0353.jpg 0.04081933231864082 1.0085861485612484 2.336088118982257
frame0354.jpg 0.040121832454251605 1.0138151229401566 2.6216422750521104
frame0355.jpg 0.041004490998716336 1.0184989551204586 2.4040493573420827
frame0356.jpg 0.04101955065226548 1.0233059113091256 2.2863618364438576
frame0357.jpg 0.04110038256435728 1.028175037629367 2.4510892181556767
frame0358.jpg 0.04155158182371715 1.0331631457859043 2.2916518811763
frame0359.jpg 0.041545666434347095 1.0380506490494037 2.3718335138775903
frame0360.jpg 0.04189380112070251 1.0426143774417074 2.2563184371950338
frame0361.jpg 0.04199032848804046 1.0473215465820942 2.342104778518612
frame0362.jpg 0.042244383994169854 1.0526193204157095 2.2979348205425705
frame0363.jpg 0.04202374081502591 1.0576202656356035 2.422025405367286
frame0364.jpg 0.04203251324723095 1.0625272099130676 2.2275120745265258
frame0365.jpg 0.042309652004711984 1.0675692440232074 2.2223078606522595
frame0366.jpg 0.04246279835247674 1.0726614074685754 2.4340324095181605
frame0367.jpg 0.04249502526994869 1.0777457622185245 2.574600205894354
frame0368.jpg 0.04244013175841 1.082336774856662 2.4544328779700266
frame0369.jpg 0.04392644507057425 1.0878115307292662 2.4979414197375576
frame0370.jpg 0.0436975678231441 1.0922512202508958 2.310273399413364
frame0371.jpg 0.04323285304569452 1.0970757381401413 2.604561943706423
frame0372.jpg 0.04302069123447089 1.102049859031631 2.4500864883985307
frame0373.jpg 0.0430741553069916 1.1020793312794115 2.4716512819617584
frame0374.jpg 0.04347431439590621 1.107013035790408 2.579331629762797
frame0375.jpg 0.043898167343661136 1.1174726687464875 2.6854796889290684
frame0376.jpg 0.04361132360088815 1.1222083212942258 2.6125269846408163
frame0377.jpg 0.04420849542805644 1.1274906939493252 2.5065799313095707
frame0378.jpg 0.044289308799189415 1.1325752382298528 2.7862150552967546
frame0379.jpg 0.044191229007450095 1.1373917867501764 2.4126723813763893
frame0380.jpg 0.04409334229384981 1.1418707646389177 2.5855349602647157
frame0381.jpg 0.04459487512232152 1.1470445917980807 2.9196038569738607
frame0382.jpg 0.04427905124109771 1.1517393538427243 2.82235036589673
frame0383.jpg 0.04446013902635493 1.1569550080168716 2.9103034379638166
frame0384.jpg 0.04441065637950914 1.1617806027971194 2.887640635994813
frame0385.jpg 0.045627516113712414 1.1682691204592237 3.01248415183672
frame0386.jpg 0.04470713124111042 1.1718783984992571 2.810364060466497
frame0387.jpg 0.044592228944470236 1.1766353715913525 2.8320996935834644
frame0388.jpg 0.04486336222342502 1.1819825972833065 2.565367610189905
frame0389.jpg 0.04454375470022515 1.1865206852851309 2.7797150877307266
frame0390.jpg 0.04467773180760315 1.1916489136099182 2.4272801224427902
frame0391.jpg 0.04454834497051418 1.1965524414635549 2.840534121696025
frame0392.jpg 0.044395054086746655 1.2009301159262522 2.6146304126548614
frame0393.jpg 0.04471593744833141 1.206154837814292 2.6914800027733268
frame0394.jpg 0.044689105652104655 1.2109155875794484 2.456003483723599
frame0395.jpg 0.0447208765006068 1.2158034378521505 2.375191578297329
frame0396.jpg 0.04472165865564226 1.2158226476462013 2.391091605127848
frame0397.jpg 0.04456945384196692 1.219836237142763 2.5955903243754297
frame0398.jpg 0.04511006738276363 1.2252229389303737 2.716106600195648
frame0399.jpg 0.04514268485441692 1.2354301287612566 2.565369026643445
frame0400.jpg 0.04518349957661544 1.240491473030972 2.5450000319203845
frame0401.jpg 0.045107808576099306 1.2446867670470183 2.598827171153048
frame0402.jpg 0.04532834430970945 1.2494871723238703 2.5049235925366733
frame0403.jpg 0.04541241361024928 1.2544910255202948 2.5633155291995524
frame0404.jpg 0.04586975220279715 1.2596931706251362 2.533609073878589
frame0405.jpg 0.04712988831377191 1.2673437095631337 2.458642756182396
frame0406.jpg 0.046241569538627736 1.2700290478063196 2.568634780155216
frame0407.jpg 0.04737633449300599 1.277704853833976 2.4984078476234295
frame0408.jpg 0.04666880745542135 1.2797182888323972 2.424573174162358
frame0409.jpg 0.046858819234080695 1.2838443056876838 2.500723894811573
frame0410.jpg 0.047276113940963316 1.2893763519691368 2.5440431995494266
frame0411.jpg 0.04682637951674229 1.2941367197844464 2.3889424843740192
frame0412.jpg 0.04719984375762015 1.3003552777061247 2.617666353517301
frame0413.jpg 0.046927072568864914 1.304205374287211 2.1842268089232935
frame0414.jpg 0.04710928381992685 1.3090940640395163 2.302547432886461
frame0415.jpg 0.04711556357388552 1.314072370728051 2.6787764393179256
frame0416.jpg 0.047724553170539086 1.3209914444667643 2.725312752901281
frame0417.jpg 0.04763177920794892 1.3247412084180985 2.7708858542156483
frame0418.jpg 0.04774676926821725 1.3290707975825329 2.640947791912029
frame0419.jpg 0.04789699841391026 1.333645967734648 2.8228751598830963
frame0420.jpg 0.048123129025340335 1.3343866267563869 2.114931581025742
frame0421.jpg 0.04789715238863584 1.3387781907647345 2.8527080120379504
frame0422.jpg 0.04829436753896327 1.3489062295569063 2.714723337021442
frame0423.jpg 0.04854326036883644 1.3542169109474012 2.7618968907770687
frame0424.jpg 0.04867753574737893 1.3592807269757556 2.737723033602037
frame0425.jpg 0.048686870041605816 1.3645256093584082 2.7447323828837384
frame0426.jpg 0.05031305440894862 1.374739286719688 2.620124052553765
frame0427.jpg 0.04836373652561038 1.3730425120823941 2.590084907546005
frame0428.jpg 0.04852309824159684 1.3785534181947272 2.0613105951532806
frame0429.jpg 0.04836651112067575 1.3832349467827785 2.5750520978338565
frame0430.jpg 0.048523917930792304 1.388353478540303 2.5621611957758006
frame0431.jpg 0.04825399477025544 1.3925543124503477 2.4162451993504392
frame0432.jpg 0.04852342143521793 1.398788616208856 2.4457322326841204
frame0433.jpg 0.04878708329353987 1.4046590946676796 2.4590661324235223
frame0434.jpg 0.04853143128340148 1.408470658030349 2.6356056518621007
frame0435.jpg 0.04829883011992076 1.4128310808508255 2.5581681500411677
frame0436.jpg 0.04821116825075017 1.4173918788030184 2.5353711392898206
frame0437.jpg 0.04851105582028742 1.4228647856603265 2.4648178315135563
frame0438.jpg 0.048509233449843266 1.4270090345922657 2.5291950617672936
frame0439.jpg 0.04896387868755425 1.4323794691864338 2.6188164654776536
frame0440.jpg 0.04936009859187923 1.438121940067639 2.662449911149392
frame0441.jpg 0.04889343149549519 1.4406299683970265 2.611648073063415
frame0442.jpg 0.049523873037413235 1.447444525288098 2.60372002461942
frame0443.jpg 0.049583220615075814 1.4519354712561812 2.4982239176255776
frame0444.jpg 0.04973086388499398 1.456500707378117 2.7383867955345855
frame0445.jpg 0.04981742629198843 1.4568458838020706 2.7129057984878404
frame0446.jpg 0.050151772756303836 1.4621869326945796 2.8515240781006037
frame0447.jpg 0.05021336761351775 1.4714952239032535 2.2470880947043868
frame0448.jpg 0.05050757188425586 1.4768401261566753 2.595269175206859
frame0449.jpg 0.0508236744396563 1.4820458874860016 3.045749829864016
frame0450.jpg 0.05066708412047166 1.4854040504114014 2.99505125482925
frame0451.jpg 0.05050043918419361 1.4904225793734398 3.0879287056653024
frame0452.jpg 0.05059995546466206 1.49578835771648 2.9792723663068514
frame0453.jpg 0.05043233166341593 1.4993551820573483 3.0017573067131447
frame0454.jpg 0.0508671779417228 1.5050037266695142 3.0148451109695413
frame0455.jpg 0.051150088501898734 1.5117505947749237 3.1344757628319133
frame0456.jpg 0.05088338864821251 1.515501310753167 3.356552986774379
frame0457.jpg 0.05124824191729743 1.521644264253978 3.2655599319456856
frame0458.jpg 0.05131793459637896 1.5256521208930516 3.1839324088900045
frame0459.jpg 0.051541934357925916 1.531842110222115 3.121456937927297
frame0460.jpg 0.050697843561331835 1.5344188838671915 3.2835707850576537
frame0461.jpg 0.05107778877251101 1.5409606263130633 3.3369902954228343
frame0462.jpg 0.0510872589949653 1.545551628962925 3.2110950796654216
frame0463.jpg 0.05118748958499248 1.5510313301861989 3.2313811977258537
frame0464.jpg 0.050534986696122934 1.5551965838457067 3.228628054894005
frame0465.jpg 0.05038403357541832 1.5605397045746097 3.426044261841578
frame0466.jpg 0.05010445338554348 1.5634542351815257 3.4227221206705027
frame0467.jpg 0.05045035910242302 1.5696598788611529 2.8134270125752687
frame0468.jpg 0.050442320650662835 1.5757359534912925 3.4375224077216404
frame0469.jpg 0.05048462207482346 1.5759002713997794 3.504581234597861
frame0470.jpg 0.04997242039260802 1.5801185738425347 3.3358281170158897
frame0471.jpg 0.05007367290101911 1.5900816612954518 3.3544355159467307
frame0472.jpg 0.0501573600369214 1.595611609658084 3.498294641318314
frame0473.jpg 0.04961494264074079 1.59832239145899 3.41184964379625
frame0474.jpg 0.0500221006943235 1.6061009864203832 3.3214888554710345
frame0475.jpg 0.050010713510935945 1.609341783842564 3.4028880726618325
frame0476.jpg 0.05010683991062215 1.6140155917380223 3.3619605103111785
frame0477.jpg 0.05013219402359542 1.619433978042785 3.4571661839543815
frame0478.jpg 0.0501699684879795 1.6251723409191976 3.488880972735995
frame0479.jpg 0.04993375478995665 1.6282655478935244 3.3554485515524664
frame0480.jpg 0.04987943117832494 1.6341562911009035 3.538947954744037
frame0481.jpg 0.049961933437920825 1.6386767765517778 3.72993991613352
frame0482.jpg 0.049919718721460386 1.6427885837176606 3.7934460822149134
frame0483.jpg 0.05032050073568445 1.6497109312244436 3.7385008186502278
frame0484.jpg 0.050034438295743285 1.653208635081568 3.739752302121496
frame0485.jpg 0.05005611704845947 1.6582384963584709 3.751863675681956
frame0486.jpg 0.050203006429627765 1.6638079768418403 3.744155393358053
frame0487.jpg 0.05046304553285957 1.6690485139277005 3.8397554359954498
frame0488.jpg 0.05023197770515453 1.673109382814159 3.8538180477326303
frame0489.jpg 0.05001398277216934 1.6770100754415602 4.015915096931178
frame0490.jpg 0.05039711468258395 1.6845903962636826 4.066514267207033
frame0491.jpg 0.05040011769565656 1.6885939386600914 3.7742432442620486
frame0492.jpg 0.05035409529957041 1.6882350730787696 3.7911373109029327
frame0493.jpg 0.050490532785120334 1.6928834798762118 3.949595758501858
frame0494.jpg 0.05044334145472945 1.698239158194601 3.965296426379545
frame0495.jpg 0.05032297439797123 1.7090064929277475 4.068651316743029
frame0496.jpg 0.050067244701126064 1.7133097655875158 3.929021338810973
frame0497.jpg 0.04999523336620276 1.717871428628266 4.047545183427629
frame0498.jpg 0.05000268232025473 1.7221131506262548 4.0979693259277585
frame0499.jpg 0.05021150126708307 1.728037479072832 4.122906691372196
frame0500.jpg 0.050133639426895193 1.7333322647359557 4.022839757384312
frame0501.jpg 0.050072092339456975 1.7381940966183735 3.8789196120829534
frame0502.jpg 0.04990347616468616 1.7409924283189062 4.236060853791136
frame0503.jpg 0.050345409993721064 1.7452403233805087 4.742918348553932
frame0504.jpg 0.050930005223573986 1.7482101664586331 5.230181699763678
frame0505.jpg 0.05163337890129999 1.7492400808958068 5.607137117738674
frame0506.jpg 0.052767157723622886 1.751035166513789 5.8788721604242085
frame0507.jpg 0.053388836930932604 1.7507486023027494 5.962472372287285
frame0508.jpg 0.053667965288472334 1.7520267252083197 5.834277400652626
frame0509.jpg 0.053829438155521936 1.7520289613515307 5.91107296591712
frame0510.jpg 0.05351503168980881 1.7512260853928312 5.977202128864361
frame0511.jpg 0.053529085550903466 1.7510543950287594 5.895128098275933
frame0512.jpg 0.053507567917942984 1.750976492938661 5.918951745679174
frame0513.jpg 0.05347470492321022 1.7507667198331582 5.905036818800665
frame0514.jpg 0.053558942637738687 1.7513939867506307 5.915094984621531
frame0515.jpg 0.05351783666335674 1.7511534214071216 5.89875460483196
frame0516.jpg 0.05351783666335674 1.7511534214071216 5.89875460483196
frame0517.jpg 0.053542358883759966 1.7511284246747068 5.8478812584956215
frame0518.jpg 0.05355118408331922 1.7512009733273013 5.852472179641948
frame0519.jpg 0.05339321256752716 1.7500095413802743 5.848910675594159
frame0520.jpg 0.05362364349768151 1.7513326280649255 5.799075240696303
frame0521.jpg 0.05342116032978594 1.7501964324573462 5.862959459311727
frame0522.jpg 0.05351816616154503 1.7510423403944535 5.876895706680387
frame0523.jpg 0.05345703658923462 1.750733444900539 5.838125650801889
frame0524.jpg 0.0535624724900019 1.7513891136092352 5.801883790026831
frame0525.jpg 0.05355240564305647 1.7514201056507035 5.778033555573202
frame0526.jpg 0.05357033675814571 1.7515099513461214 5.838194506717158
frame0527.jpg 0.053555381484651936 1.7509860370208177 5.858873221320452
frame0528.jpg 0.053631840548665766 1.7516721633640644 5.855545142462856
frame0529.jpg 0.05363745328863684 1.751871332877915 5.8041539884799125
frame0530.jpg 0.053485821394094635 1.7504644605815225 5.8941498946348005
frame0531.jpg 0.05350396017275605 1.7506043751905551 5.8952750225590345
frame0532.jpg 0.05356169224565965 1.7508778575375286 5.80603655409669
frame0533.jpg 0.053581015578257285 1.7510385033893765 5.798701802798513
frame0534.jpg 0.053533690163410697 1.7510403475018417 5.776024537472765
frame0535.jpg 0.05349442141157623 1.7507511638070463 5.904862892378789
frame0536.jpg 0.053501731563923405 1.7507876910895417 5.910794352868254
frame0537.jpg 0.0534883156660525 1.750676255780902 5.892764119032416
frame0538.jpg 0.05357145332080615 1.7514324586942545 5.855289573395425
frame0539.jpg 0.053573686391472974 1.7514486379009635 5.859767239499901
frame0540.jpg 0.053663552749121435 1.7519204585497044 5.825404605263056
frame0541.jpg 0.05370855796685409 1.7520738306372712 5.794526782354192
frame0542.jpg 0.05365565454285737 1.7516124817718661 5.838715915768077
frame0543.jpg 0.053697657510853584 1.7518367846679472 5.825213995936268
frame0544.jpg 0.05364910985099258 1.7516465490204942 5.8455712568966565
frame0545.jpg 0.05371401267521941 1.7520572623263304 5.845678131955707
frame0546.jpg 0.05356032276721962 1.7512160372796988 5.917826433324207
frame0547.jpg 0.053676376155000316 1.7518730558763511 5.902392769516523
frame0548.jpg 0.05379051323592837 1.7526703311470817 5.8131652605276845
frame0549.jpg 0.053816769663559534 1.752754545231488 5.784267424379858
