frame0000.jpg 0.0 -0.0 -0.0
frame0001.jpg 0.0001991271099072732 0.0003526511501968085 -0.10588255341351986
frame0002.jpg 0.0006360609408273409 0.0008063381977303996 -0.07776322376298025
frame0003.jpg 0.0007565875375443282 0.0009332528975656686 -0.0936624222193552
frame0004.jpg 0.0007594247877178523 0.0009370031816045732 -0.09357912750297802
frame0005.jpg 0.0007594247877178523 0.0009370031816045732 -0.09357912750297802
frame0006.jpg 0.0007594247877178523 0.0009370031816045732 -0.09357912750297802
frame0007.jpg 0.0007594247877178523 0.0009370031816045732 -0.09357912750297802
frame0008.jpg 0.0002005506154712509 0.0004072999857271882 -0.03535377814404485
frame0009.jpg -2.896487721049315e-05 8.761406002625158e-05 -0.0007541824198911305
frame0010.jpg 8.166158500463396e-05 6.544211904961653e-05 -0.032984168703709967
frame0011.jpg -0.00012852868611042882 -0.00015421286644799932 0.024318404434879443
frame0012.jpg -0.00010687485823056628 3.27468119621893e-05 0.05119721897373177
frame0013.jpg -0.000307541324707155 -0.00039517294029806056 0.039282256396874465
frame0014.jpg -0.00043618084065502594 -0.000636428839774935 0.015298577820993897
frame0015.jpg -0.0002737700453929876 -0.0002707220471046385 -0.07954984999871513
frame0016.jpg -0.00048547091835726924 -0.0005781982369933112 0.034672961518102494
frame0017.jpg -0.0006777777020793326 -0.0008700459151228361 0.0397725500850991
frame0018.jpg -0.0006348491503839204 -0.0008202015340495796 0.03130197108493503
frame0019.jpg -0.0005988865391119478 -0.0007641850108896577 0.0431278346313082
frame0020.jpg -0.0003597006581992398 -0.00044355907669927844 0.0059929658708238395
frame0021.jpg -0.0007074935050066908 -0.0008828652687341916 0.0325902685249676
frame0022.jpg -0.0005698289877049278 -0.0007801830058605843 -0.038511518802601966
frame0023.jpg -0.0005644087113937068 -0.0007719617475028834 -0.04182010093677873
frame0024.jpg -0.0004154670801746021 -0.0004203340066642896 -0.014761637463176425
frame0025.jpg -0.00039430908380669 -0.00043549080658699036 -0.0031222063996699558
frame0026.jpg -0.0004005833112237784 -0.0004361920766098152 -0.01639191581547001
frame0027.jpg -0.00011132178092300354 1.889000291612707e-05 -0.0015743759489192275
frame0028.jpg 0.0007891429054308072 0.0010505785104954902 0.010071433168749623
frame0029.jpg 0.0002889500326987707 0.00039619906965411003 -0.0026985526513052444
frame0030.jpg -0.0002077069071900318 -3.0963400197014635e-05 0.005012060286417902
frame0031.jpg 0.0005695096421768482 0.0009011762951749953 0.07015878458553604
frame0032.jpg 0.0005986814735149232 0.0009390700778528963 0.07069198751947453
frame0033.jpg 0.0005657463780551008 0.0007629787037538509 0.028392842120158718
frame0034.jpg 0.00055245427416706 0.0008683074798828509 0.01659803839253379
frame0035.jpg 0.0003926467254465488 0.0006568677811173982 -0.11158493155512574
frame0036.jpg 0.0006546425566645598 0.0008999526169377819 -0.035442670501500566
frame0037.jpg 0.0006966228810694773 0.0009538168051258232 -0.032617347977989236
frame0038.jpg 0.0005144211676977645 0.0007191171443915603 -0.1264110187596484
frame0039.jpg 0.0005929480233691647 0.0008255308746301384 -0.10461214090164987
frame0040.jpg 0.0003550430709583489 0.0005663361295857822 -0.07224607179590384
frame0041.jpg 0.0007159061824067742 0.0009439058377695832 0.10005463284007032
frame0042.jpg 0.0007246057653102981 0.000961672091291574 0.038858359907813125
frame0043.jpg 0.0004423138812458752 0.0006722967816674444 0.0023349276721472555
frame0044.jpg 0.00037440263374537386 0.0005955756440556089 -0.027054331115821197
frame0045.jpg -0.00011406146124603668 -0.00022919193931474082 -0.08877388473008947
frame0046.jpg 0.00039241009014442507 0.0005220257713964225 -0.023181383034995957
frame0047.jpg 0.0004777921848751762 0.0007336714742511631 -0.07414468185801952
frame0048.jpg 0.0006077362801215169 0.0008403143908950517 -0.03610545332990713
frame0049.jpg 0.0003394648125116748 0.0005384168390384886 -0.04585533356472437
frame0050.jpg 0.0004939342497026145 0.000732707934058212 -0.043453378869632624
frame0051.jpg 0.0001882329006283128 0.0002204389611312797 -0.06321366473028346
frame0052.jpg 0.0005824538861260909 0.0007544412327181025 -0.01793759648316805
frame0053.jpg 0.00035850551328022427 0.0005293414724946887 -0.05115787883339365
frame0054.jpg 0.0004073351283926067 0.0005882586057213664 -0.0330758366454121
frame0055.jpg 0.00030275763749507817 0.00041806568122333394 -0.006758310303710272
frame0056.jpg 0.00030275763749507817 0.00041806568122333394 -0.006758310303710272
frame0057.jpg -9.520610770148779e-05 -8.164741553855421e-05 0.042941344434083525
frame0058.jpg -7.274502330706515e-05 -5.287315731107776e-05 0.0441390223789576
frame0059.jpg -9.152070977542674e-06 6.112226893399708e-05 0.0021542111098570745
frame0060.jpg 0.0006916250611526808 0.0009835571277142744 0.01865541011936991
frame0061.jpg 0.00035825511209204835 0.0004936709787527713 -0.0003001833094655458
frame0062.jpg 0.0005161678211903437 0.0007546333899248928 -0.00584697129293962
frame0063.jpg -9.379960779124443e-07 0.00012600535940337107 0.0359270949315796
frame0064.jpg 0.00043873069605398997 0.0006333638097382508 0.038888235274258
frame0065.jpg 0.0004436961695491736 0.0006405220320394924 0.03693649638454497
frame0066.jpg -0.00012409047423419124 -0.0002421682290844899 -0.062199920281870824
frame0067.jpg 0.0010122384942385235 -5.462681207733349e-05 -0.16661343037191598
frame0068.jpg 0.0014002976413715858 -0.001543039518906857 -0.4392065663939673
frame0069.jpg 0.001864345951943928 -0.0030774900848192905 -0.7157428324887906
frame0070.jpg 0.0026170279872634573 -0.0052097478907880855 -1.042753499384864
frame0071.jpg 0.002443293180670393 -0.009333326995101351 -1.4415559778298743
frame0072.jpg 0.00304271723898529 -0.012409502050795277 -1.853485838789596
frame0073.jpg 0.0035014068619799977 -0.015870750599511773 -2.4442629641386358
frame0074.jpg 0.002436312293562589 -0.02617231688190424 -3.665056898609144
frame0075.jpg 0.0015816928952388086 -0.03145282149981335 -4.119294782356345
frame0076.jpg 0.0016035426268189608 -0.03609406499757744 -4.91727493040599
frame0077.jpg 0.0010732512516294782 -0.04137790102917623 -5.318952292439589
frame0078.jpg 0.0016214116080466429 -0.04540656365185943 -5.9399884193484525
frame0079.jpg 5.665513741412789e-05 -0.052395149915748535 -6.796062708594644
frame0080.jpg -0.0009530933737738127 -0.05826258021571409 -7.205746027977643
frame0081.jpg -0.0010817178690160547 -0.058422264626744574 -7.202687347752128
frame0082.jpg -0.0010468478655637856 -0.06280158621417267 -7.755805743659169
frame0083.jpg -0.0011205022423904313 -0.06816258816752556 -8.501025793098256
frame0084.jpg -0.00292713156606032 -0.07511321020847192 -9.110816560000009
frame0085.jpg -0.003042701410557156 -0.0795958072311702 -9.777395414133071
frame0086.jpg -0.003884647653494014 -0.08554577733051003 -10.676316261285544
frame0087.jpg -0.005581031859540075 -0.09239894609432713 -11.110820945713478
frame0088.jpg -0.005373002319509146 -0.09653268476847 -11.802741171941655
frame0089.jpg -0.007187939837493568 -0.10311039664622287 -12.594931999754248
frame0090.jpg -0.007821335820330014 -0.10873100875624507 -13.149641277887303
frame0091.jpg -0.008564635658705275 -0.11385360002920568 -13.667931651038911
frame0092.jpg -0.010633330162620958 -0.12043004999450392 -14.471191352574632
frame0093.jpg -0.012493551611822177 -0.12657038343351645 -15.081985786063571
frame0094.jpg -0.012848475825906187 -0.13087581193245934 -15.628242835706073
frame0095.jpg -0.015701553007650738 -0.142983579317897 -16.855641465333914
frame0096.jpg -0.018074872157490436 -0.14938875345845634 -17.485753261043193
frame0097.jpg -0.020019468195110114 -0.15555230174278767 -18.19710285798847
frame0098.jpg -0.02037072353018337 -0.15966148811502204 -18.71546222428086
frame0099.jpg -0.023033625429480918 -0.1659769336582109 -19.45723440317583
frame0100.jpg -0.024252416704344776 -0.17115243144377335 -19.9266688096628
frame0101.jpg -0.025416529466222054 -0.17653868589723276 -20.60449795878738
frame0102.jpg -0.02820188985604348 -0.18316260292839048 -21.237628097087892
frame0103.jpg -0.02979817587477155 -0.18868134939350895 -21.76080850657082
frame0104.jpg -0.03167280493525208 -0.1943985093280944 -22.41924503103089
frame0105.jpg -0.031777765339346384 -0.1944960637358966 -22.42975073478664
frame0106.jpg -0.03201739957306109 -0.1986867705171413 -22.69416593390769
frame0107.jpg -0.03499047777048925 -0.2050833146091881 -23.14074658660042
frame0108.jpg -0.03702792868652335 -0.21027677134827805 -23.795099345842218
frame0109.jpg -0.03888691381918808 -0.215442984421976 -24.479230644794914
frame0110.jpg -0.04094833835765392 -0.22111563317591645 -28.193354937577173
frame0111.jpg -0.043485487845516514 -0.2261378661474644 -25.788739361062394
frame0112.jpg -0.04520311532010077 -0.2307145476333456 -26.31470914053101
frame0113.jpg -0.04855803418865847 -0.23659804028476755 -26.876820766379872
frame0114.jpg -0.05145732423485104 -0.2422932828390223 -30.20694607634595
frame0115.jpg -0.052801581438334036 -0.24683905536724846 -27.899649304682317
frame0116.jpg -0.05671133868111493 -0.2530261944282585 -28.60006658948793
frame0117.jpg -0.05952285149692469 -0.2583412028085664 -29.312993611089702
frame0118.jpg -0.06123206848400496 -0.2632795226452849 -32.3400244000969
frame0119.jpg -0.064020832888873 -0.268145359870526 -30.379274834840487
frame0120.jpg -0.06599558389045565 -0.27249114313007994 -30.94750047655782
frame0121.jpg -0.07347993799252643 -0.2838513777856689 -34.485813839446955
frame0122.jpg -0.07521756102701263 -0.28761087471321817 -32.70431568890292
frame0123.jpg -0.07891126148003574 -0.29321206575526365 -35.646539389182976
frame0124.jpg -0.07570691026278684 -0.2936880826870282 -33.778726305152226
frame0125.jpg -0.08521661548534971 -0.3030210046186947 -34.73175287528385
frame0126.jpg -0.08943807754526997 -0.3084624788910631 -35.158434349261896
frame0127.jpg -0.09239291368199662 -0.3127172971296409 -36.05016544523594
frame0128.jpg -0.0964852390869422 -0.3179579306899701 -38.628169613537494
frame0129.jpg -0.09622080909577613 -0.31777057445190016 -38.617792264219815
frame0130.jpg -0.09853601929399887 -0.32142189149830713 -36.98926839859417
frame0131.jpg -0.10364877928178436 -0.3273348933518496 -39.73639083852841
frame0132.jpg -0.10698369333212776 -0.3319468910172787 -38.60894332500893
frame0133.jpg -0.1104813082444136 -0.3364969678228082 -39.13137297303787
frame0134.jpg -0.1088639654267048 -0.33784534952393386 -39.24613429066289
frame0135.jpg -0.11801655329239405 -0.34583858085204144 -40.24933615888185
frame0136.jpg -0.12192080251470228 -0.3502295415170359 -41.14121782008548
frame0137.jpg -0.12580168658241486 -0.3549229560958357 -41.85396092400389
frame0138.jpg -0.1301014292267114 -0.35974952865984244 -43.69570852723764
frame0139.jpg -0.1333865532090644 -0.3635167779356404 -43.17709567992787
frame0140.jpg -0.13366475096813848 -0.3659809202700522 -43.896882304915906
frame0141.jpg -0.14202004152586825 -0.3731503272788557 -44.7354730431481
frame0142.jpg -0.14821148444630403 -0.3808931487856443 -45.621385801191146
frame0143.jpg -0.1537505219127091 -0.3860880273543442 -47.562708533489676
frame0144.jpg -0.15208424152503436 -0.3868479924330176 -46.22030605656213
frame0145.jpg -0.16119009450094884 -0.3935888966119984 -47.6984232555484
frame0146.jpg -0.1662552086282107 -0.3982761934669041 -49.31327246976343
frame0147.jpg -0.16950037878324942 -0.4018892741453597 -48.61584956422025
frame0148.jpg -0.17443018865707036 -0.4066344638074118 -50.32900735887022
frame0149.jpg -0.1752591194799141 -0.4088156057793931 -49.490743716929046
frame0150.jpg -0.1827799104262024 -0.4146600265915655 -51.68448819327117
frame0151.jpg -0.1862697633302663 -0.4178164968505558 -51.26775747530617
frame0152.jpg -0.19068479664517335 -0.4216897095341138 -52.55155202761565
frame0153.jpg -0.19115153490427766 -0.4219083472756995 -52.66431304399632
frame0154.jpg -0.19625337299333886 -0.42612931720232894 -53.53108417142632
frame0155.jpg -0.19732951911972352 -0.42818935441549344 -52.721011200009535
frame0156.jpg -0.2019430557486317 -0.4320630135177593 -53.17185870363596
frame0157.jpg -0.2091659490692882 -0.4371082183849928 -54.41453053445733
frame0158.jpg -0.21194639582976826 -0.4396728968565531 -54.65078592455537
frame0159.jpg -0.2173372770965912 -0.4431135560746091 -55.521027979115544
frame0160.jpg -0.22436069752036766 -0.4475104971158543 -57.06421946693719
frame0161.jpg -0.2290427093776186 -0.4505410936048682 -57.74657181258501
frame0162.jpg -0.2342839171361197 -0.4537758946636896 -58.454022821565545
frame0163.jpg -0.2367881622739987 -0.456062778444246 -58.158397503144855
frame0164.jpg -0.24213219081243564 -0.4594280267276857 -58.7178216342268
frame0165.jpg -0.2492613300498956 -0.463362938501783 -60.24115104038614
frame0166.jpg -0.2593004766379676 -0.4690717525598593 -61.32012236860828
frame0167.jpg -0.2645880688348782 -0.471891355653701 -61.809453341257104
frame0168.jpg -0.2699771658992051 -0.4748012701834176 -62.36997578063684
frame0169.jpg -0.2750835880926049 -0.4775017629263182 -62.96224464408474
frame0170.jpg -0.28060763912702363 -0.4803438260600983 -63.955185070703344
frame0171.jpg -0.28566996612901085 -0.4831585247529069 -64.56738694449963
frame0172.jpg -0.2906129453756489 -0.4857087371931296 -65.26393443032377
frame0173.jpg -0.2966849991369171 -0.4881282494014293 -65.87460357233
frame0174.jpg -0.30185080932964936 -0.4900952596492988 -66.73294077460693
frame0175.jpg -0.3064379101013279 -0.4923375540071248 -66.87724458739525
frame0176.jpg -0.31334385570799994 -0.4951353653928454 -68.01691282388921
frame0177.jpg -0.31333842316161475 -0.4951327906058587 -68.01866752061994
frame0178.jpg -0.31863305442185924 -0.4971468116164974 -68.35013235164661
frame0179.jpg -0.32331320591867674 -0.4993712619090101 -68.75417040850316
frame0180.jpg -0.32867349958020065 -0.5013689026844663 -69.38768644320152
frame0181.jpg -0.3347452921149455 -0.5035627019725868 -70.22022713770025
frame0182.jpg -0.3394731747781841 -0.5055168666832202 -71.1087047146032
frame0183.jpg -0.3451891338307833 -0.5076504943848462 -71.53738193514997
frame0184.jpg -0.3508505460829933 -0.5095819046457875 -72.18958281086344
frame0185.jpg -0.35682597595757104 -0.5116288186694222 -72.90243917800295
frame0186.jpg -0.36182299254544 -0.5132281977903355 -73.34476672496537
frame0187.jpg -0.3673389088255997 -0.5148889624590547 -74.06193849887455
frame0188.jpg -0.3731567266463201 -0.5167835081477578 -74.67617818207904
frame0189.jpg -0.3787230113495182 -0.5184245252894608 -75.88473709756417
frame0190.jpg -0.3846711851740523 -0.5199579696897592 -76.19848184190913
frame0191.jpg -0.3907969467851837 -0.5217041132765606 -77.35601150766227
frame0192.jpg -0.39631711869396696 -0.5231587038051195 -77.99699303167456
frame0193.jpg -0.407998787732252 -0.5260433594294112 -78.88104529995245
frame0194.jpg -0.4137655761762379 -0.5275025240931088 -79.40228993197283
frame0195.jpg -0.4201285612093335 -0.5289354036687217 -79.69574213770134
frame0196.jpg -0.4254150854289502 -0.5301410981425559 -80.31512134947648
frame0197.jpg -0.43123345864412577 -0.5312189996468065 -80.95576867779131
frame0198.jpg -0.4368889302628752 -0.5325493788731388 -81.35963985767064
frame0199.jpg -0.4429278408074253 -0.5336375532817473 -82.23257179267424
frame0200.jpg -0.4486828102981204 -0.5347074027811719 -83.05585153205688
frame0201.jpg -0.44863012382687495 -0.5346918994971951 -83.03720945756784
frame0202.jpg -0.4550188924670429 -0.5356545557163326 -83.58494460363333
frame0203.jpg -0.4607601665664997 -0.5363553886779397 -84.28809442868581
frame0204.jpg -0.4667785758797038 -0.5371145220485507 -84.90758767147757
frame0205.jpg -0.471998685385516 -0.537577477742389 -85.38406188489344
frame0206.jpg -0.4782719139112879 -0.5382108641675241 -86.1209345383773
frame0207.jpg -0.4841218826670615 -0.5387357302716231 -86.58330339057241
frame0208.jpg -0.4906836055683242 -0.5393825682325214 -87.44263878562971
frame0209.jpg -0.4957432616419653 -0.5396896890987722 -88.0119748711969
frame0210.jpg -0.5016652376521842 -0.5400074560141764 -88.48529977514467
frame0211.jpg -0.5080258461392156 -0.5402683297544474 -89.61098586226095
frame0212.jpg -0.513173624109473 -0.5402628113500434 -89.7154808353177
frame0213.jpg -0.5196344883998583 -0.5401728790969135 -90.47417756204142
frame0214.jpg -0.5267484334926518 -0.5403416073786467 -91.61731426735136
frame0215.jpg -0.5373202274747948 -0.5397069683581257 -92.66795070323698
frame0216.jpg -0.5451692297430808 -0.5397455927208306 -93.49717068176132
frame0217.jpg -0.5499698364601042 -0.5395085336048122 -94.00173736865524
frame0218.jpg -0.5553425636600585 -0.5389964713470147 -94.12544011976877
frame0219.jpg -0.562773358001405 -0.538694471911516 -95.33549054174186
frame0220.jpg -0.5678434759338872 -0.5380115503383028 -95.66032386526884
frame0221.jpg -0.5749093443740607 -0.5373858039218524 -96.72995745556598
frame0222.jpg -0.5796368775060831 -0.5367094626538423 -97.24810189186466
frame0223.jpg -0.5851059067870883 -0.5359861436272834 -97.31906093125592
frame0224.jpg -0.5909114482398317 -0.5349510809158003 -97.92620543295601
frame0225.jpg -0.5911778359680921 -0.5348963606420234 -98.32376623914116
frame0226.jpg -0.5988007832425071 -0.5340389077804903 -99.28789479128969
frame0227.jpg -0.6025820427842943 -0.5328897894989711 -99.62180768954441
frame0228.jpg -0.6089308194701141 -0.5319025238047812 -99.95182644845491
frame0229.jpg -0.6148637185925061 -0.5308063086099779 -101.00708865031162
frame0230.jpg -0.6199041114071481 -0.5298057252119563 -101.20427492353964
frame0231.jpg -0.6282044367056011 -0.5286213131701987 -102.63130320510128
frame0232.jpg -0.6340796475114951 -0.5271916771227076 -103.3342429260476
frame0233.jpg -0.6372902638735303 -0.5259339048009646 -103.18532225078516
frame0234.jpg -0.6429972195806197 -0.5246953235887433 -103.77828929187605
frame0235.jpg -0.6515319760758248 -0.5231575134208702 -105.1997565454862
frame0236.jpg -0.657563249523043 -0.5215892321395978 -105.91751823017007
frame0237.jpg -0.6613624865943749 -0.5202875112314255 -106.134334811977
frame0238.jpg -0.6729175804956282 -0.5171808223086245 -107.79601312942127
frame0239.jpg -0.6773473696250566 -0.5157022369114631 -107.49140866346531
frame0240.jpg -0.6829289689886174 -0.5136114967583445 -108.66454529444422
frame0241.jpg -0.689453640234875 -0.5118263352753787 -109.30042185877562
frame0242.jpg -0.6951085275559056 -0.5099333705380674 -109.04740845071063
frame0243.jpg -0.6993846626229829 -0.5077956582267222 -110.54027820858656
frame0244.jpg -0.7070744370047459 -0.505818969671944 -111.1805691338834
frame0245.jpg -0.7110834601716914 -0.5040856116084849 -111.64472395995493
frame0246.jpg -0.7204962245269435 -0.501478463656368 -112.4916181962282
frame0247.jpg -0.7223124626452213 -0.4996820235562144 -111.93172715360636
frame0248.jpg -0.7277023490542542 -0.4975635636685666 -112.74010522244421
frame0249.jpg -0.7274754705376667 -0.4975921938418741 -112.68779006526165
frame0250.jpg -0.7329646209296203 -0.4951604737242346 -113.31308432022414
frame0251.jpg -0.7397436958002498 -0.4926463005270654 -115.16699913625429
frame0252.jpg -0.7441899454228339 -0.4907091401207169 -114.5660776733013
frame0253.jpg -0.7489639498129936 -0.4884666120938946 -114.99296750129344
frame0254.jpg -0.7550419545606696 -0.4856987063891196 -116.69524930515713
frame0255.jpg -0.7602724191558885 -0.4830405911407413 -116.27919049421386
frame0256.jpg -0.7643255353884656 -0.48033528856854 -118.0496910856909
frame0257.jpg -0.7706253360478859 -0.4773724184970751 -118.73732557005646
frame0258.jpg -0.776249630364805 -0.4742610507980531 -119.64683072592965
frame0259.jpg -0.7824634105190531 -0.4713717578493648 -119.93506037538572
frame0260.jpg -0.7868491047504172 -0.4683301556837226 -120.4792067711246
frame0261.jpg -0.7977016447883358 -0.4644100850653087 -121.86164762824728
frame0262.jpg -0.8012906905569949 -0.459378082936325 -120.77780623075044
frame0263.jpg -0.81361409533721 -0.4548560493736912 -123.52029553544338
frame0264.jpg -0.8113142187944442 -0.4529690209094933 -123.4821901287572
frame0265.jpg -0.817301965440619 -0.4493456015213878 -124.15400012447365
frame0266.jpg -0.8229826583347915 -0.4456843338123757 -124.89830418712229
frame0267.jpg -0.8266851251810347 -0.4425906781331992 -125.52010033512873
frame0268.jpg -0.8323732358013264 -0.43897521291232655 -126.30397566407144
frame0269.jpg -0.8366721999926162 -0.4354879339420595 -126.69438782029249
frame0270.jpg -0.8405715477374129 -0.4322584971189332 -127.2436837190548
frame0271.jpg -0.8441307602804662 -0.42888335322669396 -128.07228324381762
frame0272.jpg -0.8509776251484215 -0.42461406106547306 -128.75548278022885
frame0273.jpg -0.8506027155670756 -0.4247003472167786 -128.7079931786191
frame0274.jpg -0.8543523671500699 -0.421337262049156 -129.13573544087265
frame0275.jpg -0.859929395833858 -0.41748871560463896 -129.8886782768655
frame0276.jpg -0.8632710359687839 -0.41417018428406704 -130.3912119764148
frame0277.jpg -0.8682546723211297 -0.4103960552467704 -131.11833872661023
frame0278.jpg -0.8732490521565602 -0.4063234742894122 -131.89249714779314
frame0279.jpg -0.876927140346673 -0.4024590108195661 -132.38525584798614
frame0280.jpg -0.8814868890417322 -0.3985183731818969 -133.13051737177088
frame0281.jpg -0.8855263480172788 -0.3947977417693667 -133.78249538577444
frame0282.jpg -0.8902062030158091 -0.39094881881593546 -134.3646149221384
frame0283.jpg -0.8927615640705892 -0.3875920140278646 -132.42432406956564
frame0284.jpg -0.8989651488117323 -0.3833827302901379 -133.13523473828548
frame0285.jpg -0.9037878604975648 -0.37914084434545137 -136.38588546807838
frame0286.jpg -0.9128873025172164 -0.3704725320608242 -137.41495264134065
frame0287.jpg -0.9159370457406102 -0.3668723645571276 -137.927805301198
frame0288.jpg -0.9222402498345028 -0.3618760274195133 -138.66201989846346
frame0289.jpg -0.9234969031056804 -0.3586769148543098 -135.85644895757994
frame0290.jpg -0.9289903811437172 -0.35402145338172675 -139.85382487593844
frame0291.jpg -0.9332906887186344 -0.3491738126239016 -140.4655102267913
frame0292.jpg -0.937170447346038 -0.3448088981655561 -141.12782678000167
frame0293.jpg -0.9399059757998296 -0.3409760362822868 -138.3944159630659
frame0294.jpg -0.9450046744893096 -0.3355513254644392 -142.33486309752814
frame0295.jpg -0.9479171881169812 -0.33146245592626405 -139.4165039358753
frame0296.jpg -0.9688534240657036 -0.3208121423727986 -144.08291885133482
frame0297.jpg -0.9687680814890308 -0.32083755714475226 -144.12575578431267
frame0298.jpg -0.9563624953559676 -0.3218230642787041 -144.51061607745922
frame0299.jpg -0.9593414491167751 -0.3176806087495166 -145.04144706842936
frame0300.jpg -0.9629259419868716 -0.3132741537906117 -141.77804075465997
frame0301.jpg -0.9666209997683328 -0.3078944826402167 -146.22895895557198
frame0302.jpg -0.9725704252465008 -0.3018045154390473 -146.83829558864426
frame0303.jpg -0.9743676077586336 -0.2974539881758666 -147.6790536075907
frame0304.jpg -0.9767174475308116 -0.29271706442178835 -148.19314912020164
frame0305.jpg -0.9805359994448721 -0.28738871642037656 -148.74706080709575
frame0306.jpg -0.9838092800144921 -0.2822994727620025 -145.54011651940775
frame0307.jpg -0.9869888513413474 -0.2772083818350082 -150.15272370188325
frame0308.jpg -0.9903945922921592 -0.271817393450016 -150.85279549831887
frame0309.jpg -0.9933074675582878 -0.2664887520674996 -151.38254270761678
frame0310.jpg -0.9963885416237896 -0.261231577315739 -152.16148729972124
frame0311.jpg -1.0014947568685817 -0.2549944811213027 -152.86522014887169
frame0312.jpg -1.005882554730684 -0.2449295361050201 -154.16883447372783
frame0313.jpg -1.007781623336654 -0.23977883733211214 -154.79168664086717
frame0314.jpg -1.0120225600005663 -0.2334733683942833 -155.5341733710396
frame0315.jpg -1.0129096064870418 -0.2290553658800808 -156.1625176770505
frame0316.jpg -1.015972616774867 -0.22338653965742025 -156.75983887584067
frame0317.jpg -1.0198035860871346 -0.21729739687582172 -157.4875466788684
frame0318.jpg -1.020692496199051 -0.2129538189839679 -158.1645725346385
frame0319.jpg -1.0247097004674808 -0.20656464117214274 -158.63237656288211
frame0320.jpg -1.0265831686078368 -0.20128792258763709 -159.37626259631162
frame0321.jpg -1.0265423221988603 -0.20130237890549946 -159.3772170672537
frame0322.jpg -1.0289555478956964 -0.1956617032001527 -159.98366223739006
frame0323.jpg -1.03154019396257 -0.18973490562746256 -160.58525826668654
frame0324.jpg -1.0335706717042523 -0.18421963823952214 -161.6207838145489
frame0325.jpg -1.031846238838823 -0.18062564000725448 -162.20440456244168
frame0326.jpg -1.037066531898884 -0.17317477036932188 -162.97381468287338
frame0327.jpg -1.038891306879349 -0.16778955271129442 -163.55065893138755
frame0328.jpg -1.0415880736124783 -0.16168894573449274 -164.09136244607168
frame0329.jpg -1.046343329599859 -0.1547195082992605 -164.37718084089667
frame0330.jpg -1.0498781123327512 -0.1481230061801584 -164.9439706503839
frame0331.jpg -1.0651969533264158 -0.1347319838472947 -166.1932590652345
frame0332.jpg -1.0472146851234643 -0.1407964538731905 -166.2931908376155
frame0333.jpg -1.0457610596983022 -0.13675225093476862 -166.65127287064252
frame0334.jpg -1.0552049586136474 -0.12206828681152668 -162.8472189852356
frame0335.jpg -1.0567609359304018 -0.11643823893265748 -163.0800355170897
frame0336.jpg -1.0616483603302265 -0.108480795385995 -164.245068099795
frame0337.jpg -1.059717284465301 -0.10478351722693537 -170.28292340951347
frame0338.jpg -1.0618394670216489 -0.09837826876576032 -170.9247997342448
frame0339.jpg -1.062432682540422 -0.09260899073541516 -171.60171936623067
frame0340.jpg -1.0623583101813407 -0.08749234330134714 -172.2656021335846
frame0341.jpg -1.064094116101178 -0.08095162027438113 -172.6965991432499
frame0342.jpg -1.0634225912319817 -0.07619146001237231 -166.7009688070403
frame0343.jpg -1.0675475085138133 -0.06796361651586916 -174.00785048868116
frame0344.jpg -1.0672076354608468 -0.06286114646323834 -174.7205594992076
frame0345.jpg -1.0680382536944135 -0.06228581191804891 -174.75689803210946
frame0346.jpg -1.0682908631757762 -0.05687876261279179 -175.2867300321695
frame0347.jpg -1.0695415532086294 -0.050296048056554216 -176.07976562155818
frame0348.jpg -1.069813174642941 -0.0447690993642019 -176.86192875291462
frame0349.jpg -1.0708265715755758 -0.03859918966360665 -177.4828283066981
frame0350.jpg -1.0710565076042915 -0.032575453896919015 -178.0547917880185
frame0351.jpg -1.0716368256431767 -0.02638263895035736 -178.69084202065284
frame0352.jpg -1.0710996830090105 -0.020643280169554662 -179.25777514037952
frame0353.jpg -1.07093550844706 -0.014475366727757009 -180.21410128265097
frame0354.jpg -1.073868673391429 -0.006367989149417802 -180.90358280676742
frame0355.jpg -1.0735739049222242 -0.00021378370682884065 -181.56115017795648
frame0356.jpg -1.0740064515588634 0.006351574801645693 -182.24993383147893
frame0357.jpg -1.0698775942342305 0.009298784722181486 -182.7452124101477
frame0358.jpg -1.0725759329845144 0.023928857904672973 -184.2770056067477
frame0359.jpg -1.0723729240200075 0.029925097503511244 -185.04969554882263
frame0360.jpg -1.0723790499815309 0.03630166716987624 -185.6387827737741
frame0361.jpg -1.0704660201470395 0.04119555730897365 -186.2776763029215
frame0362.jpg -1.0716554372545994 0.04856805798529526 -187.0124072301872
frame0363.jpg -1.0686966578903885 0.052552789000305584 -187.5377588838189
frame0364.jpg -1.0702319971883598 0.06035959146692418 -188.2464632585696
frame0365.jpg -1.068425721712852 0.06515544552469116 -188.8417823455888
frame0366.jpg -1.068336643534772 0.07145247651670858 -189.5434604941357
frame0367.jpg -1.0665160169328565 0.07605760688953711 -190.14647238926486
frame0368.jpg -1.0685068012125358 0.08446392143264972 -191.01264900215438
frame0369.jpg -1.0686020967947802 0.08454748273319515 -190.99918399187843
frame0370.jpg -1.0648881581745515 0.08809951307133343 -191.70834601399864
frame0371.jpg -1.065773662640814 0.0956464845396858 -192.26835456899468
frame0372.jpg -1.0637676827360183 0.10070917578962346 -192.8328020913008
frame0373.jpg -1.061424863604083 0.10530931031353293 -193.5744940009697
frame0374.jpg -1.0610312373086883 0.11154222465604646 -194.28861753211763
frame0375.jpg -1.061590596342875 0.11938089019227155 -194.68858240203144
frame0376.jpg -1.0596480224371578 0.12471321445552055 -195.39924035414765
frame0377.jpg -1.0586558123309204 0.13065732942236807 -196.02479900517181
frame0378.jpg -1.0587147083217687 0.13844071789285473 -196.6125213418248
frame0379.jpg -1.0551677929139378 0.1424144729372018 -197.3024412084279
frame0380.jpg -1.054603876932196 0.14878989003632145 -197.97928508056071
frame0381.jpg -1.0514941272997924 0.15287997501052372 -198.5030998266423
frame0382.jpg -1.0514075367354254 0.16009544668665088 -199.2691416828826
frame0383.jpg -1.0493691727576122 0.1651809986097948 -199.87096480136083
frame0384.jpg -1.0451251167421094 0.17581393826909672 -201.08762775505173
frame0385.jpg -1.0447950418405134 0.18332645304801995 -201.75405254514405
frame0386.jpg -1.0421446465661384 0.1883715142645428 -202.47413793122925
frame0387.jpg -1.0406149728878833 0.1942525367404904 -203.12050790215267
frame0388.jpg -1.0395063418789388 0.20095153556814524 -203.67036155752038
frame0389.jpg -1.0532889565685482 0.22442811407453056 -198.6776480827856
frame0390.jpg -1.0327467735680491 0.2093210810962404 -204.89387110054955
frame0391.jpg -1.0334761946823932 0.21891128991836076 -205.54233100241944
frame0392.jpg -1.0283246137190387 0.22162135610065936 -206.30242851527416
frame0393.jpg -1.029011553933358 0.2224149033156762 -206.20872599752957
frame0394.jpg -1.026672099621306 0.2279427675927773 -206.9264940186761
frame0395.jpg -1.0246283764688178 0.23435544800254446 -207.52134177483453
frame0396.jpg -1.019945791650232 0.2370421818248719 -208.0147707945445
frame0397.jpg -1.017591758940123 0.24273606961614205 -208.84555195578903
frame0398.jpg -1.017770364200755 0.2519379155838562 -209.554093025152
frame0399.jpg -1.0116334639585471 0.2526355539099754 -210.2206912689361
frame0400.jpg -1.0107091791064082 0.2601774694614992 -210.92247480353626
frame0401.jpg -1.0080339219776508 0.2660050160386763 -203.38308000925187
frame0402.jpg -1.0052975131008155 0.27171572912587605 -212.29010061644288
frame0403.jpg -1.0033476306586235 0.27864745077629044 -212.8007595527559
frame0404.jpg -0.9976921374221702 0.2807334042627251 -213.46533574978082
frame0405.jpg -0.9960659542182516 0.2878314453007286 -214.24827500353237
frame0406.jpg -0.992763254045518 0.29309201895385645 -214.92423904292102
frame0407.jpg -0.9880364063861344 0.29583516050286185 -215.53698851977288
frame0408.jpg -0.9828600913848152 0.30797978287500005 -216.77061713594483
frame0409.jpg -0.9791970068255508 0.31283174248063805 -217.51618029844215
frame0410.jpg -0.9769493276914314 0.3192869678700984 -218.30992521307368
frame0411.jpg -0.9713348245663967 0.32096928069477804 -218.85903130312298
frame0412.jpg -0.9666927620779696 0.3236237771921553 -219.39351864067487
frame0413.jpg -0.9655983101290659 0.33204929363959423 -220.1227420157358
frame0414.jpg -0.9626397272517532 0.3382401809104271 -220.70842935135457
frame0415.jpg -0.9573171587526966 0.3407340481525639 -221.39980394686063
frame0416.jpg -0.9532351784095044 0.34476303148953114 -222.1808635323121
frame0417.jpg -0.9529384887286898 0.34429250641494513 -222.1333171528967
frame0418.jpg -0.9493270308955759 0.3490476406963391 -222.75106091370716
frame0419.jpg -0.9446776384282792 0.3520312727019944 -223.36238317534168
frame0420.jpg -0.9434050092624356 0.3610960223491356 -224.00819031815675
frame0421.jpg -0.937115648361782 0.3618542012167898 -224.43374967989755
frame0422.jpg -0.9329575212034488 0.3665896922918581 -225.2256505156699
frame0423.jpg -0.9297918583951508 0.3726561273613331 -225.87771311612187
frame0424.jpg -0.9250452396250454 0.3763275062777396 -226.4568020136024
frame0425.jpg -0.9208017289188196 0.3804886808280541 -226.952749228802
frame0426.jpg -0.9161191782288944 0.3831115981825877 -227.75605515948706
frame0427.jpg -0.908628094893078 0.3784372803112703 -228.39098542837002
frame0428.jpg -0.9040912155131456 0.3765499728548657 -228.4794074064851
frame0429.jpg -0.9001278207138156 0.3740785791777326 -228.690009364003
frame0430.jpg -0.897732318051135 0.3739408813227576 -229.0777050545282
frame0431.jpg -0.8976995286678842 0.3748669321764081 -229.17031579207335
frame0432.jpg -0.8974726718388951 0.3748230382433088 -229.372882652215
frame0433.jpg -0.8970763390031931 0.3741752285379312 -229.40176772638358
frame0434.jpg -0.8978554304522357 0.3755425009256923 -229.40714213175832
frame0435.jpg -0.8973700669097691 0.3746312475004877 -229.37855140972675
frame0436.jpg -0.8973823852479046 0.3746466269123532 -229.39510413955662
frame0437.jpg -0.8982213685350149 0.3761385093387027 -229.5181273126851
frame0438.jpg -0.8974211191917708 0.37463220754966975 -229.30144022488852
frame0439.jpg -0.8973892545993268 0.3746808927042938 -229.35174401938613
frame0440.jpg -0.8976836343665511 0.37515878315389056 -229.3073072571381
frame0441.jpg -0.8976836343665511 0.37515878315389056 -229.3073072571381
frame0442.jpg -0.8975050339128697 0.3748503506726783 -229.27764889353247
frame0443.jpg -0.8975288953849809 0.3748784910377964 -229.28351734113036
frame0444.jpg -0.8972481764837459 0.37441105382133094 -229.40620027972815
frame0445.jpg -0.8978017957118413 0.3754201090257346 -229.48518488478905
frame0446.jpg -0.8983917351604009 0.37634042894778813 -229.3345985882425
frame0447.jpg -0.8987403399004641 0.3769850538001096 -229.35112311827086
frame0448.jpg -0.8979660599314464 0.3756400497464072 -229.2994430433177
frame0449.jpg -0.8979302691852332 0.3755833451813214 -229.3849458519289
frame0450.jpg -0.8980652864414553 0.3757399224756011 -229.39550164872554
frame0451.jpg -0.8979373002067675 0.3755403316788518 -229.4470062212547
frame0452.jpg -0.8978004266841403 0.37529881026401707 -229.33319537970328
frame0453.jpg -0.8979003259873071 0.3754861342480674 -229.4200421586532
frame0454.jpg -0.8983652102145485 0.3762984991594449 -229.46308142877623
frame0455.jpg -0.8986832248396064 0.3768731941277083 -229.4824357875156
frame0456.jpg -0.8985661874684996 0.37660084299903457 -229.49161931075196
frame0457.jpg -0.8986548004740671 0.3767861656716625 -229.4672099745651
frame0458.jpg -0.8984707307093944 0.37647678325718376 -229.5250865086441
frame0459.jpg -0.8984256890186376 0.3763869577600609 -229.3414002334873
frame0460.jpg -0.8978516089893267 0.3753955293343899 -229.39753718979168
frame0461.jpg -0.8981907620766054 0.3759654733424032 -229.39272646796826
frame0462.jpg -0.898517372995367 0.3765731383622639 -229.41699742329376
frame0463.jpg -0.8986018021686488 0.37675010235195217 -229.43517401272985
frame0464.jpg -0.8978989160552258 0.3754586659255732 -229.36198409687802
frame0465.jpg -0.8978989160552258 0.3754586659255732 -229.36198409687802
frame0466.jpg -0.8976775426333973 0.3750902450082695 -229.3208298464909
frame0467.jpg -0.8976549057750199 0.3750681887875252 -229.35503868364964
frame0468.jpg -0.8984305511321076 0.3763991015395166 -229.37017383075454
frame0469.jpg -0.8981061990842475 0.3758458012630014 -229.35259849854648
frame0470.jpg -0.8981683616362717 0.3759497004110398 -229.3459032386874
frame0471.jpg -0.8983515803491712 0.3762460994058602 -229.35336848580974
frame0472.jpg -0.8984354895822864 0.37640603864777344 -229.3693409967448
frame0473.jpg -0.8984530482438834 0.3764656041787631 -229.38153287397742
frame0474.jpg -0.8977707159738948 0.375241483187118 -229.32267002579914
frame0475.jpg -0.8978091188056856 0.3752888054479281 -229.33780742991289
frame0476.jpg -0.8977273727117451 0.3751548476600432 -229.3392619656131
frame0477.jpg -0.8978113621784395 0.375312027225364 -229.33242632359833
frame0478.jpg -0.8979802549418986 0.3756224003555483 -229.3362307972987
frame0479.jpg -0.8979802549418986 0.3756224003555483 -229.3362307972987
frame0480.jpg -0.8979722027344198 0.3755613213402839 -229.42723275946054
frame0481.jpg -0.8989797000650634 0.3774861660692181 -229.3397212132012
frame0482.jpg -0.8988169194568192 0.3771816659037007 -229.29690752990916
frame0483.jpg -0.8976300151217427 0.37502561748470425 -229.39573112909022
frame0484.jpg -0.8980964180435084 0.37584630696333865 -229.40235304321016
frame0485.jpg -0.8981886173148276 0.3759477296348792 -229.32443584080218
frame0486.jpg -0.8979230092911844 0.3755469793114384 -229.3711082158412
