frame0000.jpg 0.0 0.0 -0.0
frame0001.jpg 8.933578997769145e-05 -1.4343738157599218e-05 -0.08692528076585458
frame0002.jpg -0.00022779419685499614 -2.4408555315579447e-05 -0.10899103926425123
frame0003.jpg -0.0007182518331171651 -6.846969781188188e-05 -0.17039898621610164
frame0004.jpg -0.00010516947539114196 -7.0524981554286055e-06 -0.043847510809135286
frame0005.jpg -4.466909227003705e-05 -2.325301603177417e-05 -0.02603282236287775
frame0006.jpg -0.00022479892078664088 -1.4500174333342841e-05 -0.10134057516591052
frame0007.jpg -0.0004678201864747182 -3.3120460003450744e-05 -0.10994695460087683
frame0008.jpg 5.120388910795452e-05 -1.3371616509983763e-05 -0.04217960882871108
frame0009.jpg 4.839044494514272e-05 -1.1878999864470833e-05 -0.041928987860806566
frame0010.jpg -9.17436945145278e-06 -4.583938940315066e-06 -0.0321101987608978
frame0011.jpg 6.4922973589730245e-06 -1.133135941553522e-05 -0.02695886306341564
frame0012.jpg 0.0001067027878852843 -1.3027073783075592e-05 -0.04311202463264538
frame0013.jpg -0.0005438292829507803 -5.516182896145267e-05 -0.106407785083064
frame0014.jpg -0.00028296377603119385 -8.168901097265429e-06 -0.027563206318058742
frame0015.jpg -1.2596011872133328e-05 1.2777816468158609e-07 -0.02444840321790257
frame0016.jpg 0.00034459627716873834 -3.52139550864876e-05 -0.11995245572133105
frame0017.jpg -0.0006315133591900272 -2.8099372189969697e-05 -0.0780938041936195
frame0018.jpg 0.0005592093643021521 -1.0620045699073244e-05 -0.09557499873159787
frame0019.jpg 0.0009591752344705529 -4.8447323457675485e-06 -0.07297595415480525
frame0020.jpg 0.0006762264052975746 4.4468957261025745e-06 -0.06561577519357507
frame0021.jpg 0.00035862283014434433 -7.863669157129625e-06 -0.03601535903242791
frame0022.jpg 2.077783785661601e-05 -4.500569805547189e-06 -0.02751429539263208
frame0023.jpg 0.00025415813005100945 -5.733023402864738e-06 -0.029487727229558537
frame0024.jpg 0.0004710849206405288 7.176107291801595e-07 -0.02716679381926255
frame0025.jpg 0.00045328728666338533 -3.206953999516349e-05 -0.13734631659735513
frame0026.jpg -6.9097234294747665e-06 -2.792178630147846e-05 -0.16353438143231475
frame0027.jpg 0.0008744398964003759 -2.0266261448773888e-05 -0.12763629921725453
frame0028.jpg 0.0007377999070107824 -2.7262054104635574e-05 -0.1003502320891499
frame0029.jpg 0.000939982969491327 -2.2663537554146398e-05 -0.09717714697834434
frame0030.jpg -0.0005285933977690347 -7.161183085902437e-05 -0.13863531870642692
frame0031.jpg 0.00023501829081975825 -5.998195209820333e-05 -0.06840555251249839
frame0032.jpg -0.0003162746617352828 -4.3057765269622267e-05 -0.08127918138788735
frame0033.jpg -0.0005743001200087673 -5.050231825032994e-05 -0.06307664810185279
frame0034.jpg -0.00011929245408543689 -3.866616534801904e-05 -0.03247613835737767
frame0035.jpg -0.0005615109388095943 -4.02393932506317e-05 -0.06669349097558337
frame0036.jpg -0.0003945122467694899 -5.493779114189819e-05 -0.18879691043813968
frame0037.jpg -0.0008831246821151558 -8.427933381754726e-05 -0.1520407568187024
frame0038.jpg -0.00013605776377038703 -3.8151883477336185e-05 -0.036128780292635054
frame0039.jpg -0.00026848420495541 -4.556093186186514e-05 -0.038171552130391896
frame0040.jpg -0.0013908265518109756 -9.568455046885412e-05 -0.2045674150743502
frame0041.jpg -0.0006787936560582527 -9.011489063980332e-05 -0.14236936462926655
frame0042.jpg -0.0004894527824141929 -7.554184222405425e-05 -0.14927727829620088
frame0043.jpg -0.0005487882933600737 -4.871143949517757e-05 -0.0817062350063742
frame0044.jpg -0.0005041424708791155 -4.478472387697302e-05 -0.059316380110216164
frame0045.jpg -0.00035705767427613675 -4.66879394511003e-05 -0.04349211373776897
frame0046.jpg -0.00031982114675239976 -4.493691934418388e-05 -0.042534160293255914
frame0047.jpg -0.00028831805854512223 -4.251158042020906e-05 -0.0582595813666008
frame0048.jpg 0.00039777081486145466 -4.940953017857738e-05 -0.05428739331461984
frame0049.jpg 4.8895558787167625e-05 -6.132493641095054e-05 -0.07050641525175512
frame0050.jpg 0.0003994353096177866 -3.7366595066022215e-05 -0.1228270190349586
frame0051.jpg 0.00010587929819222198 -6.215159470915888e-05 -0.056885656030973925
frame0052.jpg 0.00027081154152013817 -5.697445766610879e-05 -0.04056048856563882
frame0053.jpg 0.0007646395493437865 -2.802005748336767e-05 -0.12218962263759453
frame0054.jpg 0.0007939350667579402 -2.8999089549408366e-05 -0.10762861797366108
frame0055.jpg -0.0003420564428566494 -0.00010645617710271833 -0.12848815294737154
frame0056.jpg 0.0002881102613229375 -6.145781388939634e-05 -0.038601686334909915
frame0057.jpg -0.000335015703408384 -4.959621319334033e-05 -0.021956001403945404
frame0058.jpg 0.0006452616437626268 -3.645538282751549e-05 -0.04869628509449552
frame0059.jpg 0.0006712141145913404 -2.1136541590864735e-05 -0.06568198951459725
frame0060.jpg 9.520371205261016e-05 -3.1033312188037654e-05 -0.17167914447785404
frame0061.jpg 6.816203203539112e-05 -2.6235137640088636e-05 -0.02290298218479901
frame0062.jpg 6.577102656887947e-05 -2.6009803218614787e-05 -0.03115809811906557
frame0063.jpg -0.00042695077329821935 -4.4392950081859775e-05 -0.0350990558021016
frame0064.jpg -0.0010261568911917377 -6.025795244858374e-05 -0.0006003200037547914
frame0065.jpg -0.0003365567592234545 -2.795217059863051e-05 -0.12318908465713616
frame0066.jpg -0.0007141563131061574 -5.080119545503245e-05 -0.032101443129188605
frame0067.jpg -0.0007394912256584857 -5.212499237230731e-05 -0.026526833337210343
frame0068.jpg -0.00023191616350399282 -4.29865615474451e-05 -0.17999313856286134
frame0069.jpg -0.00023092461882640153 -4.310783418204915e-05 -0.17827326522722303
frame0070.jpg -0.00023092461882640153 -4.310783418204915e-05 -0.17827326522722303
frame0071.jpg -0.0007631764458556151 -3.3055785181689104e-05 0.017089647185540898
frame0072.jpg -0.0002985842229367748 -4.008330491178323e-05 -0.14082125995546765
frame0073.jpg -0.0002696879708287348 -4.3809484933164005e-05 -0.12975720284414746
frame0074.jpg -0.0006586353095161463 -2.4717230697331193e-05 -0.04003451372856565
frame0075.jpg -0.000499106999583299 -1.7738556782583606e-05 -0.055251167141376664
frame0076.jpg -4.36669528192856e-05 -4.852508504405594e-05 -0.1260098521312712
frame0077.jpg -2.319780946270646e-06 -2.8039820713116113e-05 -0.08888181651537913
frame0078.jpg 1.806040879683388e-05 -2.8826731658623168e-05 -0.09258557818213216
frame0079.jpg -8.302680915907312e-05 -3.7650067675417855e-05 -0.027248506152257608
frame0080.jpg -0.00027991449406788245 -5.230196716800235e-05 -0.026631105431784558
frame0081.jpg 0.0006127322450106233 -1.4121003967890045e-05 -0.024681062203109574
frame0082.jpg 0.000672441473059311 4.564601746112607e-06 -0.0242441706451161
frame0083.jpg 0.00028836695765578147 4.1724813523675526e-06 -0.07249147235152725
frame0084.jpg 0.0002913294765038105 -3.741139082662612e-06 -0.0585841843017653
frame0085.jpg 0.0002981502294725075 -3.389375440594755e-06 -0.0592440960857623
frame0086.jpg 0.0004307035006538958 4.062527810858499e-06 -0.11171989311463598
frame0087.jpg 0.0006136083738324444 7.456340219930032e-06 -0.11879284299311765
frame0088.jpg 0.0006171731749135202 5.502755492881663e-06 -0.10767609749951157
frame0089.jpg 0.00041574897214373733 4.665552419349328e-06 -0.09651278820803126
frame0090.jpg -0.0005732094135771957 -6.543823480792265e-05 -0.11102408251584904
frame0091.jpg -0.00028976722938244334 -7.261265364924945e-05 -0.123484902237949
frame0092.jpg -3.3470083802520086e-06 -1.861531649001604e-05 -0.00687951707028016
frame0093.jpg 0.00037664102084818623 -2.4526223881002677e-05 -0.05969898216597035
frame0094.jpg 0.0007208656801443447 -1.2577371383140032e-05 -0.0837868141989239
frame0095.jpg -0.00034266969565719036 -6.278866403132493e-05 -0.14598273301142625
frame0096.jpg -0.0002579234012310593 -6.1007844124877135e-05 -0.1462366700453611
frame0097.jpg 0.0004266196600501437 -2.848441246426135e-05 -0.1026120777644005
frame0098.jpg -0.00021706838521986057 -7.387534890240941e-05 -0.15993266732568978
frame0099.jpg -0.0006571172584130963 -4.81254028967146e-05 -0.14499478089423087
frame0100.jpg -0.00031083305743976404 -4.9424025053475157e-05 -0.12395702933406792
frame0101.jpg -0.00021875638300991853 -5.3853002700388396e-05 -0.040582257662901036
frame0102.jpg -0.0004325300455088935 -6.111738429274325e-05 -0.05731600505628723
frame0103.jpg -0.0006189573057938058 -7.88252480674369e-05 -0.14193735583159453
frame0104.jpg -0.0011914021204632401 0.0004557480902633749 0.3126259644121965
frame0105.jpg -0.00039223837669380955 0.0019896426075166913 0.6312907531488583
frame0106.jpg 0.0008407049204474505 0.004534492156299219 1.115490529321966
frame0107.jpg 0.0014446955590437132 0.010980355844084298 2.0836389732604004
frame0108.jpg -0.0007897854922389027 0.014641803713864603 3.0173111888546136
frame0109.jpg 0.020966024074288842 0.019121519254408744 3.701870350746292
frame0110.jpg 0.00042924801722478336 0.021857722594547508 4.411795151350082
frame0111.jpg -0.0017403376077497288 0.025787069782289115 5.169776265929651
frame0112.jpg -0.0020790903115374907 0.029998008614309117 5.81862545761559
frame0113.jpg -0.002594475628461885 0.034436557252214665 6.419806642088981
frame0114.jpg -0.002344199699329285 0.038928838594255916 7.1487025321151645
frame0115.jpg -0.004898577665341342 0.04316436678207343 7.884246332776541
frame0116.jpg -0.006831677527736694 0.04749021271554812 8.671866669143027
frame0117.jpg -0.007874014928772427 0.05191528086564532 9.333615308223763
frame0118.jpg -0.007933757789168388 0.05191456665101829 9.332799607746447
frame0119.jpg -0.009189875909638295 0.056098961196300895 9.913885461017012
frame0120.jpg -0.014414117662407 0.05971566770331373 10.825234971913538
frame0121.jpg -0.0139686369177915 0.06422475816068067 11.562441221967578
frame0122.jpg -0.014418656009922913 0.06892609569402483 12.259335841529039
frame0123.jpg -0.015169362183003762 0.07361512483201686 13.03608056667701
frame0124.jpg -0.018107453601497698 0.07820030540898429 13.746502544790035
frame0125.jpg -0.022027306232938908 0.08233708970035207 14.508939360738859
frame0126.jpg -0.021911517910495358 0.08696615470734605 15.186760381530313
frame0127.jpg -0.024380628911445008 0.0911970482405864 16.247439615417594
frame0128.jpg -0.026594320727861224 0.09533596115364032 17.159082694769968
frame0129.jpg -0.027448561328835414 0.09984963931986317 17.943442617080073
frame0130.jpg -0.029122722820505008 0.10446460265414896 18.79291970817876
frame0131.jpg -0.03206813303346198 0.10860640336973447 19.6085926171082
frame0132.jpg -0.03401151955948338 0.11295360858541945 20.355967975147365
frame0133.jpg -0.04037472059391045 0.12061011060499174 22.176649495418182
frame0134.jpg -0.04529655001448762 0.12408614778461202 23.10899677594124
frame0135.jpg -0.048255418011094266 0.1279701107078866 24.142355780355764
frame0136.jpg -0.04875887854180179 0.1321819028273104 25.11263915132084
frame0137.jpg -0.05195195157562125 0.13581006939264012 25.72667960549265
frame0138.jpg -0.05540023305896178 0.139494896488806 26.655649811567297
frame0139.jpg -0.05739234671340791 0.14331476086539136 27.617868808149485
frame0140.jpg -0.06059442694962022 0.14671442402539178 28.76317030354861
frame0141.jpg -0.06209402575057193 0.15061070245731836 29.526464710967947
frame0142.jpg -0.062298998947893675 0.15056014795203354 29.53064764282556
frame0143.jpg -0.06871889600660737 0.1531201645005306 30.556741861609105
frame0144.jpg -0.07052802700583424 0.1567795986006612 31.564779944798946
frame0145.jpg -0.07345592555000602 0.16067052343067767 34.96589984702077
frame0146.jpg -0.07761339369747419 0.1638860399118655 33.368419837263
frame0147.jpg -0.08096876482542575 0.166838911003404 34.43517139983237
frame0148.jpg -0.08694645615460075 0.1694197198373316 35.52713850372672
frame0149.jpg -0.08817110761965885 0.1731462340116746 36.493166496798615
frame0150.jpg -0.09253410320537027 0.17569896814943053 37.694411714299996
frame0151.jpg -0.09428517409963756 0.17926940870589927 38.652505496132655
frame0152.jpg -0.09962402421834153 0.18163058166285664 39.74886420860829
frame0153.jpg -0.10115904942387946 0.1850909652072806 40.92817417659481
frame0154.jpg -0.10510801563198782 0.18805982000795024 42.149224069254295
frame0155.jpg -0.11136639959578512 0.18987874679407485 43.12029349785223
frame0156.jpg -0.11312358983370252 0.19270990886524114 44.3459136658869
frame0157.jpg -0.11988958139616893 0.19799707554376314 46.514479291659825
frame0158.jpg -0.1232425206689816 0.2002633481097814 47.59057930244968
frame0159.jpg -0.12510268777043004 0.20326980780036286 48.77825824305399
frame0160.jpg -0.12928649083599722 0.2055874917557436 49.81467366995632
frame0161.jpg -0.13471825205169408 0.2071919588899175 50.90656518489857
frame0162.jpg -0.13925895267037067 0.20874599388482354 51.69494958728446
frame0163.jpg -0.1420106235999795 0.2110654825362693 52.5066089538661
frame0164.jpg -0.14696978292327104 0.2126844224262168 53.485153172317524
frame0165.jpg -0.15005922292561638 0.2151116724790117 54.5524346518275
frame0166.jpg -0.15002978759138194 0.21512513147785373 54.544547558795
frame0167.jpg -0.1555717189288897 0.21678423928167892 55.29536225701006
frame0168.jpg -0.16001587974284753 0.21837714011730944 56.141313867444964
frame0169.jpg -0.16409695097955124 0.22017530611364475 57.10152992376782
frame0170.jpg -0.16782041733628095 0.22197545467909105 57.941611125741346
frame0171.jpg -0.17295260422075862 0.22309476154369487 58.853996260104644
frame0172.jpg -0.1755930727036807 0.22543668678157125 59.60900919617489
frame0173.jpg -0.1809626733735732 0.2265890738943448 60.417459451833246
frame0174.jpg -0.16788242363237674 0.2354548910166849 60.99459758447112
frame0175.jpg -0.19235051099090128 0.2288090327681407 64.6855425432709
frame0176.jpg -0.19414834231299444 0.2311641899494568 62.900758251541134
frame0177.jpg -0.19920757238550832 0.2319968573660668 63.77776595689443
frame0178.jpg -0.20443770511544052 0.2327624784921204 64.5913620669277
frame0179.jpg -0.21005948864735696 0.2333165966276999 65.4890602564202
frame0180.jpg -0.2137070176920601 0.234914438778379 66.38720267908934
frame0181.jpg -0.22436469640808487 0.2365714865373373 67.93775878604245
frame0182.jpg -0.2292659883804187 0.23767741523166325 68.47614032612286
frame0183.jpg -0.23459371076470645 0.2384672302646605 69.22984494595151
frame0184.jpg -0.2393914026340801 0.23918157936206316 69.89910024353829
frame0185.jpg -0.24316926369616426 0.24076927976226464 70.60955973881234
frame0186.jpg -0.23731697733362794 0.24687204223035494 72.0893833281276
frame0187.jpg -0.25091540621977554 0.24322014884820636 71.63383867140502
frame0188.jpg -0.24261458894898205 0.2509663683213153 72.00606021597734
frame0189.jpg -0.2637472078025881 0.24354426916595304 73.04303989931577
frame0190.jpg -0.26366760629308106 0.2435757977639743 73.02460402886814
frame0191.jpg -0.26885772582980244 0.2441834083976257 75.88813707009149
frame0192.jpg -0.27364191063465165 0.2448808736595405 76.167956368826
frame0193.jpg -0.2634041682818869 0.2534731803051813 74.45397344368126
frame0194.jpg -0.2843114222477555 0.2452349856741909 75.49504911911126
frame0195.jpg -0.2876659936518021 0.2465420783900719 76.22173731868216
frame0196.jpg -0.2892373379909198 0.248888683663852 79.9277383761895
frame0197.jpg -0.29793557970817064 0.2463420390279271 78.04141026911874
frame0198.jpg -0.3069213256559789 0.24427542192277055 78.86810969968043
frame0199.jpg -0.3060843189369892 0.2478035437684679 81.66732870323922
frame0200.jpg -0.3141621769769329 0.2456796296128804 80.94250373062144
frame0201.jpg -0.316235256717302 0.2467082990398458 81.93482658736247
frame0202.jpg -0.32099174684274484 0.2463284940107462 82.85182634081573
frame0203.jpg -0.33213930842451017 0.2444929226175811 87.42111850610655
frame0204.jpg -0.3360158782820007 0.24404589659065 85.86610427530901
frame0205.jpg -0.3401533489052008 0.24377669693272175 86.73536595965142
frame0206.jpg -0.3439225877114737 0.2434360932585669 87.7218979326525
frame0207.jpg -0.3491483421236079 0.2420820573372512 88.81140385252861
frame0208.jpg -0.3521324976099935 0.24221327495151196 89.71258257596581
frame0209.jpg -0.35598407556158795 0.2417160478091562 90.80907582611788
frame0210.jpg -0.3604538193635741 0.2405049005870604 91.73427703766916
frame0211.jpg -0.3663554281388172 0.2383782513902441 92.67946139477476
frame0212.jpg -0.3623072164057596 0.2425558633738241 93.21550872902081
frame0213.jpg -0.3751691132262514 0.2357502983024547 94.47523041235607
frame0214.jpg -0.3798071797232432 0.23412581452946302 95.34487639513917
frame0215.jpg -0.3796615584041701 0.2342197688749728 95.33382558896727
frame0216.jpg -0.38391235845038896 0.23276803580964384 96.58353675705152
frame0217.jpg -0.3884938055427172 0.23116442743665386 97.37681170476101
frame0218.jpg -0.3934781990262482 0.2294671721471945 100.61886470933996
frame0219.jpg -0.39742001444908814 0.2280505264424439 101.43781828818243
frame0220.jpg -0.4021784671177547 0.22611764879058996 99.966936230196
frame0221.jpg -0.4067461271427091 0.22425908901136696 103.28406878190184
frame0222.jpg -0.4105315343336049 0.222623629473872 101.8789418732697
frame0223.jpg -0.4148907677452214 0.22096123066609388 105.17883051260736
frame0224.jpg -0.4195030566296477 0.2186835307527708 106.02036848511236
frame0225.jpg -0.42315533182774107 0.21719678543928195 104.54168814433376
frame0226.jpg -0.42791802055343175 0.21502819308562893 105.4167286280638
frame0227.jpg -0.4306971282319885 0.21392145280483887 106.32139543831607
frame0228.jpg -0.4400820260654745 0.20877181578645554 107.94058633654636
frame0229.jpg -0.4447440195772491 0.2061959107919988 110.92471530701741
frame0230.jpg -0.4485486948118311 0.2037303248170066 109.70895969659544
frame0231.jpg -0.4528371313629119 0.20127974113964053 112.51518395395287
frame0232.jpg -0.4575745267295844 0.19826604072777787 111.32631824321544
frame0233.jpg -0.4610068453966342 0.1962487198578572 112.0023288942562
frame0234.jpg -0.4650114461751945 0.1940454413234272 114.5575662524095
frame0235.jpg -0.4680209506021501 0.1920173880368116 115.43631031061892
frame0236.jpg -0.473125411382462 0.18892821834502446 116.21538187318113
frame0237.jpg -0.4772449436033849 0.1862606478384017 116.96762375904021
frame0238.jpg -0.4812143506965317 0.18369872172116394 117.76176475044464
frame0239.jpg -0.481194846999377 0.18371606498659004 117.76102182461236
frame0240.jpg -0.4858668510724442 0.18046514193612095 116.66021616795831
frame0241.jpg -0.4886417234828484 0.178626788174792 117.21273088770495
frame0242.jpg -0.4905140589728802 0.17712340200225238 117.89272344118885
frame0243.jpg -0.4973511982281344 0.17212147068864514 118.99657087734863
frame0244.jpg -0.4982757691774714 0.17085431254366934 120.08207674780418
frame0245.jpg -0.5047155274624144 0.16585094426785818 121.0871979986156
frame0246.jpg -0.5079531940407336 0.16301835958925032 123.42741279060684
frame0247.jpg -0.5110011805429091 0.15991234626982653 124.47451781353769
frame0248.jpg -0.5147210270793283 0.15656024962375115 124.06496664234925
frame0249.jpg -0.518268949929658 0.15341333155826284 126.44641596930755
frame0250.jpg -0.5200086977163922 0.15115556441095476 126.05583372693226
frame0251.jpg -0.5240195107537147 0.14742421897349275 127.32186398042677
frame0252.jpg -0.5284631562803636 0.14176118265106566 129.51209104949524
frame0253.jpg -0.531608390306174 0.13797995067988464 130.30692651731587
frame0254.jpg -0.5354278892930245 0.13349143656792697 131.63937915396042
frame0255.jpg -0.5376993373978014 0.1300080742940038 134.1121013554242
frame0256.jpg -0.540656445725328 0.12586188050797187 133.62068692353208
frame0257.jpg -0.5411584108674992 0.12343244048840975 134.93237976109054
frame0258.jpg -0.5438800634392488 0.1193810315791721 135.52311273072996
frame0259.jpg -0.5462187215657258 0.1153608422163701 137.1986511720236
frame0260.jpg -0.5486764293267505 0.11109524832271103 138.44236557492434
frame0261.jpg -0.5511449021205441 0.10710784327205107 138.3025356279336
frame0262.jpg -0.5530361613712349 0.10327226085336012 140.12140365340142
frame0263.jpg -0.5534148030599277 0.10307013491469434 140.26002073197415
frame0264.jpg -0.5544086755067978 0.09966431249323997 140.12520525243082
frame0265.jpg -0.5567985321926248 0.09552629620486801 141.40917547600182
frame0266.jpg -0.5597012907789186 0.090836756152386 142.9966710259589
frame0267.jpg -0.560807754201161 0.08701828964324708 144.0301907352173
frame0268.jpg -0.5635715320873567 0.08264282641230711 144.0153953476926
frame0269.jpg -0.5642368641882893 0.07896955125495403 145.4347225050462
frame0270.jpg -0.5672744331440858 0.07427721320798371 146.1580061123303
frame0271.jpg -0.5686960555446107 0.07035245429211681 147.11032127697314
frame0272.jpg -0.5709300680229976 0.06618243091541913 148.20802523507226
frame0273.jpg -0.5715893021377821 0.06216769936936412 149.99945197126414
frame0274.jpg -0.5731578303209622 0.058046724471540766 150.0817962835427
frame0275.jpg -0.5746475345781389 0.0539274363493621 151.44749063851287
frame0276.jpg -0.5754974472814604 0.04949911991858015 153.00532160566377
frame0277.jpg -0.5778305608783632 0.0407152825396266 154.12316277307912
frame0278.jpg -0.5787639898108875 0.03615373687900912 155.62304345765506
frame0279.jpg -0.5801722003161696 0.03153756820326187 156.8923845792257
frame0280.jpg -0.5808048968396861 0.027439148607133257 157.27186444785661
frame0281.jpg -0.5820085248040238 0.022400304092481088 158.74515657198347
frame0282.jpg -0.5828346564752747 0.017613449425211827 159.70561951339397
frame0283.jpg -0.5839923043071182 0.012999324479869262 159.49310706579175
frame0284.jpg -0.5846302757308969 0.00827707166587287 160.44110527321132
frame0285.jpg -0.5846288430011897 0.003533068176975434 161.65463467178373
frame0286.jpg -0.5853724470139684 -0.0009146238463118572 162.4809933536619
frame0287.jpg -0.5859026524370802 -0.0009517698888841797 162.1270111633235
frame0288.jpg -0.5862033703043205 -0.005471174217340391 163.89704510116428
frame0289.jpg -0.5874788414326593 -0.010380712535001307 163.48235267528057
frame0290.jpg -0.5858574273047512 -0.014893713658480356 165.07762476060938
frame0291.jpg -0.5861689028141054 -0.020001466940349818 166.0277788376789
frame0292.jpg -0.5862665211462579 -0.024891764022241556 167.1391173006989
frame0293.jpg -0.5869777251265546 -0.029864435341360074 167.17993895966308
frame0294.jpg -0.587187884944224 -0.03435697671516888 168.62320553632978
frame0295.jpg -0.5881122521829116 -0.03876015243156708 168.28866272465658
frame0296.jpg -0.5865861705437427 -0.04349476531439614 170.6720952845916
frame0297.jpg -0.586381046106984 -0.04812383737140824 171.3606709802168
frame0298.jpg -0.5862574418749562 -0.052934963751331186 171.330762300448
frame0299.jpg -0.5862017928077123 -0.05783723310441219 173.4934940180606
frame0300.jpg -0.5860601557678418 -0.06755361556833961 173.3527659188247
frame0301.jpg -0.5850531351221956 -0.07263607861391239 175.83609677383754
frame0302.jpg -0.5843211239635191 -0.07739692215107644 175.68936874592274
frame0303.jpg -0.5848975065950487 -0.08193011568163433 175.42162699129295
frame0304.jpg -0.5848914528802862 -0.08642115188417482 176.47523608859476
frame0305.jpg -0.582592347422448 -0.09194988333808707 178.7074742448734
frame0306.jpg -0.5836992089259792 -0.09610942409915478 177.64621593971438
frame0307.jpg -0.5806169260657691 -0.10228552068194137 180.25981157918187
frame0308.jpg -0.5816891265816014 -0.10604559443692704 179.6131653803883
frame0309.jpg -0.5787670049843862 -0.11151339255737013 181.93062401710046
frame0310.jpg -0.5787273843307668 -0.11563029688293275 182.9157846380157
frame0311.jpg -0.5792911316012059 -0.11521825830650385 181.22491720663064
frame0312.jpg -0.5760302090398141 -0.1207975947485838 183.48478967199156
frame0313.jpg -0.5767768779444628 -0.12454514369989793 182.31297970321458
frame0314.jpg -0.5756393813489493 -0.12914966613321802 183.2814161274849
frame0315.jpg -0.5723032208002029 -0.13499227879173947 186.21809536006126
frame0316.jpg -0.5707554224741619 -0.13954267191092876 186.5058308435249
frame0317.jpg -0.571589371572228 -0.14231470493643894 185.88175795100196
frame0318.jpg -0.5699490408103967 -0.14656702110573974 186.59113382777042
frame0319.jpg -0.5683438718805855 -0.15102125318925858 187.2044219215915
frame0320.jpg -0.5667518498406823 -0.15516712501645474 188.17777833801637
frame0321.jpg -0.5642407603591458 -0.15996079778636602 188.8940735674847
frame0322.jpg -0.5630807899586436 -0.16427205998231628 189.7110895470393
frame0323.jpg -0.5612687906850347 -0.16863965357358662 190.78454471091584
frame0324.jpg -0.5578117287168011 -0.17681861767138154 192.04256956972526
frame0325.jpg -0.5549248858508279 -0.18172393359491928 195.47745290982755
frame0326.jpg -0.54954880565806 -0.18824434906996 196.63381461865202
frame0327.jpg -0.5509300127467173 -0.1898680327642311 194.4861868730149
frame0328.jpg -0.5448585903535559 -0.19707865629840327 197.3357681564576
frame0329.jpg -0.5464933829875466 -0.1980823081905095 196.2180139148391
frame0330.jpg -0.5418772969972048 -0.20421672184717435 200.03582732839686
frame0331.jpg -0.5402767300874439 -0.20739425902605324 200.90920411131958
frame0332.jpg -0.5392527916243428 -0.2102853545778468 201.935449544184
frame0333.jpg -0.5328965212638936 -0.2172113377693569 201.8507288710784
frame0334.jpg -0.529808523114996 -0.22142403248742087 203.15448646647042
frame0335.jpg -0.5316766880572059 -0.2198577344154992 203.06371826959025
frame0336.jpg -0.5311407070917525 -0.22214859293805045 204.10715930451923
frame0337.jpg -0.524413399474594 -0.2292427631233617 204.644576575762
frame0338.jpg -0.5260610844145406 -0.22913541452131786 202.3914291066014
frame0339.jpg -0.5235045570363641 -0.2328589404346733 206.14029584699506
frame0340.jpg -0.5207485762316975 -0.23631670050724646 203.3734428162651
frame0341.jpg -0.5179789895232426 -0.23975712588412446 204.17688890017655
frame0342.jpg -0.5101898467797883 -0.2477571099569556 207.22540139436302
frame0343.jpg -0.5116913154360223 -0.24743038425450956 208.77149102030722
frame0344.jpg -0.5081350652462759 -0.25160158297528484 209.74016757681855
frame0345.jpg -0.5058132217256552 -0.25466596604612635 206.83885811426742
frame0346.jpg -0.5020599336570216 -0.25872237249252433 211.38467615233918
frame0347.jpg -0.4970598595590786 -0.264838311705613 209.10080081680942
frame0348.jpg -0.4938132238431059 -0.2681511999590763 209.81206843788414
frame0349.jpg -0.4891882203515801 -0.2729417302587213 214.52904020942543
frame0350.jpg -0.4867987883063984 -0.2756367445781395 211.3094821449136
frame0351.jpg -0.4827447607359191 -0.27961367959114075 216.23056689329292
frame0352.jpg -0.4801661946523478 -0.28198803538580963 212.96619864543567
frame0353.jpg -0.4757457866990568 -0.286444173260106 217.7353582507849
frame0354.jpg -0.4734589986956436 -0.2885454133275012 214.1369232789052
frame0355.jpg -0.4701782642993175 -0.2914149971458616 215.4225634003233
frame0356.jpg -0.4657063615917351 -0.2955974903897598 220.25435450424237
frame0357.jpg -0.4614890992750935 -0.2990254146947968 220.9428741679796
frame0358.jpg -0.4579202300888386 -0.3018789818661189 221.51229538339126
frame0359.jpg -0.45806469144034495 -0.3017273254443395 221.4939892078289
frame0360.jpg -0.4479541833125137 -0.31033677352468125 222.83008872799817
frame0361.jpg -0.4503932394775064 -0.3075775721550116 218.96345974960042
frame0362.jpg -0.4458530151370392 -0.3114075254372468 224.4304256324699
frame0363.jpg -0.44384687324675975 -0.3124620318155108 220.3099343626533
frame0364.jpg -0.43810259408525 -0.3166569655664285 225.79913604722745
frame0365.jpg -0.4341008488179033 -0.319303420445317 226.7346879133569
frame0366.jpg -0.4307788489220066 -0.3209635966926617 227.46920369715212
frame0367.jpg -0.42549050998017096 -0.32416852609764113 228.3620113177536
frame0368.jpg -0.4226120833668021 -0.32530931736291496 229.0205072642101
frame0369.jpg -0.4175697306118621 -0.3280142434833957 225.28649773185225
frame0370.jpg -0.4139560892552944 -0.3296990308583725 226.63844557185124
frame0371.jpg -0.4100301113298789 -0.3317576042221846 231.96192251285785
frame0372.jpg -0.4056220326539559 -0.3336815120908449 228.2522050810604
frame0373.jpg -0.39735969515793773 -0.3376151667601769 234.71862915688519
frame0374.jpg -0.3926917968669236 -0.3395274340954688 235.74823879378502
frame0375.jpg -0.3876728247659861 -0.34167743971424736 236.56413066887737
frame0376.jpg -0.3832485543460316 -0.3433160311587033 237.5513980009325
frame0377.jpg -0.3789263140421255 -0.3447891801366788 238.64801409800882
frame0378.jpg -0.3744422402226065 -0.3463829748099441 234.66745060932564
frame0379.jpg -0.3701185265674185 -0.34779631074609585 240.69429114120985
frame0380.jpg -0.364401729387232 -0.3504231931323292 241.4840417442414
frame0381.jpg -0.36065873534626414 -0.3511824203604503 242.24853249601426
frame0382.jpg -0.3562568825611975 -0.3520516384650253 243.0826596581376
frame0383.jpg -0.35626995442760423 -0.3520353342617897 243.13160385362
frame0384.jpg -0.3519686187789784 -0.35294732589996003 243.93974695511216
frame0385.jpg -0.3478964580272858 -0.35356004518989753 244.88494780012383
frame0386.jpg -0.3430107367558461 -0.3545889404443088 245.97669800035968
frame0387.jpg -0.3381301739656545 -0.3559938657594144 246.82848619232516
frame0388.jpg -0.3330182322625952 -0.3573638362366644 247.84453977460785
frame0389.jpg -0.3298836939122046 -0.3569820303467471 248.73610142232815
frame0390.jpg -0.32328424982815673 -0.3594394095025233 249.93920011051748
frame0391.jpg -0.31930479899092706 -0.35952089996212233 250.7293710049065
frame0392.jpg -0.313606712503166 -0.3608035461679585 251.49126869252092
frame0393.jpg -0.311897729986878 -0.35900886408461674 252.2543363174205
frame0394.jpg -0.2944512504361685 -0.36868303129189256 251.51794657699452
frame0395.jpg -0.2973562442886667 -0.3635567344516848 253.68264130465028
frame0396.jpg -0.2948294638389816 -0.3621351210502027 254.81643413295646
frame0397.jpg -0.2883922592578135 -0.3610368799659547 256.62137146857344
frame0398.jpg -0.28131959747128904 -0.3626575830228399 258.530166628819
frame0399.jpg -0.27463264248510066 -0.3640518773412367 255.38900043723592
frame0400.jpg -0.2717797054507482 -0.3625721444327201 259.3758173493261
frame0401.jpg -0.26913720419052084 -0.3611070114217226 260.5179368916084
frame0402.jpg -0.2632140090839836 -0.3620606106647513 261.57437176435525
frame0403.jpg -0.2558379123556487 -0.3634175441292298 262.46714766930353
frame0404.jpg -0.2528885265509224 -0.36191462598350005 263.50218889416504
frame0405.jpg -0.2489652713709728 -0.3611743564315261 264.15922740348805
frame0406.jpg -0.2431706571693391 -0.3614008562333916 265.0748586316811
frame0407.jpg -0.24309225304996315 -0.3614505778668201 265.0798460784805
frame0408.jpg -0.2399774632410461 -0.3595536664821871 265.7575318031481
frame0409.jpg -0.2341350778875223 -0.3597442150858604 266.56056556609343
frame0410.jpg -0.22829041954249416 -0.35963380018262386 267.4327167854211
frame0411.jpg -0.2253136138933024 -0.35754211029336924 268.3125164488427
frame0412.jpg -0.21955221243972575 -0.3574930730265786 269.1914686596433
frame0413.jpg -0.2152357391556799 -0.3563527478895208 270.0626972160464
frame0414.jpg -0.2089910343036672 -0.3565991339104657 270.75744242251983
frame0415.jpg -0.206323662241834 -0.3545444784981055 271.7268413147869
frame0416.jpg -0.19966237758258665 -0.3542823582035895 272.57641384111855
frame0417.jpg -0.194428151538935 -0.35329907133296623 273.37848474400244
frame0418.jpg -0.191175932092388 -0.3512643634621985 274.1651840885833
frame0419.jpg -0.18418781358120345 -0.3510845006979532 275.0232681276287
frame0420.jpg -0.18091742187751145 -0.3489792813392122 275.9401590049249
frame0421.jpg -0.17598749377040107 -0.34789269189520416 277.08752808096335
frame0422.jpg -0.1667147817290186 -0.3450772310682428 278.6673609239833
frame0423.jpg -0.16232945706034788 -0.3432513110294842 279.65175290198556
frame0424.jpg -0.1573689932369069 -0.3415036450397371 280.4579818291268
frame0425.jpg -0.1522529142316113 -0.33982501331114084 281.3472158922484
frame0426.jpg -0.15002093658011614 -0.3368682121819302 282.4365794189564
frame0427.jpg -0.14621765645105814 -0.334759405522185 283.17958744318145
frame0428.jpg -0.1403293573033713 -0.3334143483321657 284.31822481898683
frame0429.jpg -0.13732767697047002 -0.3308297354624693 285.19178956173715
frame0430.jpg -0.13100760986423649 -0.3297014971267337 286.09569132221884
frame0431.jpg -0.13121545822005012 -0.3295905327154939 286.1235489420252
frame0432.jpg -0.12771529167226825 -0.3268355240732094 287.0519514529985
frame0433.jpg -0.12232047003868556 -0.3252368495115913 287.88718642459565
frame0434.jpg -0.11973680837488244 -0.32216702966757504 288.819170924029
frame0435.jpg -0.11453115270829906 -0.3202085873402195 289.80464297905837
frame0436.jpg -0.11237810818082464 -0.3171312774976526 290.7963096980312
frame0437.jpg -0.10594882411666036 -0.3157636347679093 291.40631776051987
frame0438.jpg -0.10140543726006497 -0.3129287143016827 292.3740468821445
frame0439.jpg -0.09812347133393444 -0.3101828992442584 293.2642553713982
frame0440.jpg -0.09512862137500494 -0.3072085261715421 294.55719923717595
frame0441.jpg -0.09084243988398262 -0.3045627478651153 295.3307811578032
frame0442.jpg -0.08656523728174424 -0.3021330316759939 296.44107319084964
frame0443.jpg -0.08222320322978703 -0.29959942634213743 297.4623655504801
frame0444.jpg -0.08231237172934773 -0.2953580867326919 298.53864033429903
frame0445.jpg -0.07159706484505649 -0.29140688684593824 300.7093168276572
frame0446.jpg -0.06921780875213714 -0.2880402998219808 301.8199907023677
frame0447.jpg -0.0662634772245662 -0.2848530830683762 302.7968851874768
frame0448.jpg -0.06323383174602336 -0.2816871546263667 303.9103186908481
frame0449.jpg -0.06127659515239627 -0.2779752478641192 304.7780750106307
frame0450.jpg -0.0572830419890948 -0.27483766279897626 306.0197621703182
frame0451.jpg -0.0549313205416966 -0.27138444677680623 307.0947029069864
frame0452.jpg -0.05038081144425198 -0.2688410937117708 307.95815774828657
frame0453.jpg -0.04606144234539024 -0.26562717072186104 309.01319505841394
frame0454.jpg -0.043321725223272906 -0.2620575031810292 309.8705358162962
frame0455.jpg -0.043087160439446485 -0.2621481869812758 309.92397008528536
frame0456.jpg -0.04199515036821888 -0.2579134969832271 310.52298157662267
frame0457.jpg -0.038097245231289996 -0.25409036632400883 311.4081994140951
frame0458.jpg -0.034339929050545434 -0.2508727391269199 312.22577243058544
frame0459.jpg -0.02895957293595497 -0.24779025663397175 312.93947216502806
frame0460.jpg -0.028901369980553187 -0.2426842764664424 313.92063549984954
frame0461.jpg -0.0283486021063284 -0.23819946845927345 314.7003169502544
frame0462.jpg -0.02380455627284636 -0.2350404043657403 315.7224854808349
frame0463.jpg -0.0203165708180904 -0.2313043176733458 316.6874566636877
frame0464.jpg -0.01961825341093032 -0.22732179868006755 317.5615168209505
frame0465.jpg -0.021018639068346542 -0.2239979201662185 318.48370905008625
frame0466.jpg -0.019475326582730813 -0.2223506860823333 319.2094537914965
frame0467.jpg -0.020721751107729183 -0.2204784117855908 319.6302407265328
frame0468.jpg -0.020113371109938438 -0.22001804352679707 320.04497411512835
frame0469.jpg -0.019076968284572192 -0.21995631715875166 320.43993881095366
frame0470.jpg -0.01821352781855403 -0.220248682887632 320.5426041824907
frame0471.jpg -0.01753292900978802 -0.2204266391812718 320.5272934554874
frame0472.jpg -0.01770509832246479 -0.22038851275209756 320.5239830724716
frame0473.jpg -0.01743486972532621 -0.2204733497436376 320.5234257096415
frame0474.jpg -0.017511863579022326 -0.22044215975965814 320.5035360450783
frame0475.jpg -0.017523576278898667 -0.2204508121831336 320.45601203094617
frame0476.jpg -0.01758212502940979 -0.22043045153323731 320.4569963418432
frame0477.jpg -0.01805738000195228 -0.2203127078587305 320.54857402958726
frame0478.jpg -0.017522245218566674 -0.2204259321581536 320.5117002181472
frame0479.jpg -0.017522245218566674 -0.2204259321581536 320.5117002181472
frame0480.jpg -0.017888685633405996 -0.2203745868249152 320.4612711862355
frame0481.jpg -0.017435538935380072 -0.22048636981442046 320.5060570976866
frame0482.jpg -0.01850730232211601 -0.22018883520927987 320.507721711244
frame0483.jpg -0.017499963431994385 -0.22048678722004453 320.54374870175087
frame0484.jpg -0.01741274082520479 -0.2204866645887668 320.52704796372797
frame0485.jpg -0.01828321493109643 -0.22024692012608307 320.5178714054942
frame0486.jpg -0.01760697247552423 -0.2204242809116842 320.5315510856804
frame0487.jpg -0.017894969130401756 -0.22036977184230594 320.5664103080666
frame0488.jpg -0.01774995320544509 -0.2204057622245555 320.58452649402045
frame0489.jpg -0.017596606692052506 -0.22044202265943075 320.56439138690985
frame0490.jpg -0.017815856898990002 -0.22037348070694546 320.5115151552699
frame0491.jpg -0.017598043754904282 -0.22043913074449945 320.55659335157134
frame0492.jpg -0.017711903693901597 -0.2204131204133992 320.5554597562648
frame0493.jpg -0.01772389295755321 -0.22041802536203764 320.53288703418787
frame0494.jpg -0.01773943813003856 -0.22040996391083312 320.5334252642622
frame0495.jpg -0.01777188813171853 -0.22040971766455733 320.5640592185598
frame0496.jpg -0.017976902551895015 -0.220351415971744 320.5609835262043
frame0497.jpg -0.017391952014273196 -0.2204858191378201 320.53301145262816
frame0498.jpg -0.01785108202628679 -0.22037740262555355 320.5523146741171
frame0499.jpg -0.01791654851477931 -0.2203562213291124 320.5498983694908
frame0500.jpg -0.01801656564574469 -0.22028915918929012 320.50794661539385
frame0501.jpg -0.01809742208618349 -0.2202913373701324 320.53135053907846
frame0502.jpg -0.018015928347099384 -0.2203226442681175 320.5113640272635
frame0503.jpg -0.018356420219579374 -0.22021631958881388 320.49147678324346
frame0504.jpg -0.018256698941541718 -0.2202322781572219 320.50657467490083
frame0505.jpg -0.017761557045574264 -0.22038320345015305 320.5262956696169
frame0506.jpg -0.017956871261497462 -0.2203486783651499 320.58568053094865
frame0507.jpg -0.017895996877379215 -0.22034749136133985 320.5420463083041
frame0508.jpg -0.017739788943605075 -0.22036738461441252 320.53501124194986
frame0509.jpg -0.017819235262456164 -0.2203661683447416 320.52369057045877
frame0510.jpg -0.017948037142529516 -0.22031068619707148 320.414631175333
frame0511.jpg -0.017555023196228398 -0.2204022373394568 320.4561621891145
frame0512.jpg -0.017482645514714013 -0.2204192883514246 320.4314417274706
frame0513.jpg -0.017417647896884318 -0.22044326720795165 320.42938238902724
frame0514.jpg -0.017263989507532333 -0.2204785040985976 320.42832354604883
frame0515.jpg -0.017420827809773234 -0.2204314051686717 320.439502471699
frame0516.jpg -0.017342880868226176 -0.2204864546296286 320.5138261856061
frame0517.jpg -0.017469137709647385 -0.2204212346308538 320.4557682952423
frame0518.jpg -0.01733488967372751 -0.22046219499234992 320.45158474469736
frame0519.jpg -0.017099045148455838 -0.2205370874570324 320.4612910155648
frame0520.jpg -0.017197924849006584 -0.2205137002029948 320.4750707908803
frame0521.jpg -0.017135217428941606 -0.2205347209470053 320.45193691720044
frame0522.jpg -0.017357760604990002 -0.22045000192253567 320.49544704635554
