frame0000.jpg -0.0 0.0 -0.0
frame0001.jpg -0.0 0.0 -0.0
frame0002.jpg -0.0005061675327035744 -0.000621472248356897 -0.18559939716684568
frame0003.jpg -0.00046564074592896434 -0.0005723949776068259 -0.1897315119935743
frame0004.jpg -0.00046564074592896434 -0.0005723949776068259 -0.1897315119935743
frame0005.jpg -0.00046564074592896434 -0.0005723949776068259 -0.1897315119935743
frame0006.jpg -0.00046564074592896434 -0.0005723949776068259 -0.1897315119935743
frame0007.jpg -0.00046564074592896434 -0.0005723949776068259 -0.1897315119935743
frame0008.jpg -0.0003529082120327884 -0.00041509412525222566 0.0021297832589129285
frame0009.jpg -0.000311638440785345 -0.0003718737666914783 -0.013999146741236337
frame0010.jpg 6.5494836020233e-05 8.913909403619158e-05 -0.07472748590202524
frame0011.jpg 0.00011247799456489842 0.00011744240283069536 -0.04487432973940905
frame0012.jpg 2.0960586038661466e-05 -1.1517978014741852e-05 0.022941185467760847
frame0013.jpg -6.207734148617065e-05 -6.59428038878456e-05 -0.0763805788031999
frame0014.jpg 7.893764229936577e-05 9.605066978132252e-05 -0.07816230590982505
frame0015.jpg 0.00022177977333901432 0.00021912858093267837 0.004701833745706753
frame0016.jpg -2.5575686537219352e-05 -7.014803988569985e-05 -0.03503651941390442
frame0017.jpg 0.00019155604827509703 0.0001959987480017252 -0.027756205843748775
frame0018.jpg 4.024652802765691e-05 1.4878846651405872e-05 -0.005683504765455664
frame0019.jpg -0.0001412236026956189 -0.00020389948849581835 -0.0978241144108522
frame0020.jpg -0.00020125123973294744 -0.0003039749943444722 -0.008617838612935963
frame0021.jpg -0.00015911020350945708 -0.00024616350653585887 -0.12299062063123635
frame0022.jpg 0.00015089157763345718 0.00013318985792439507 -0.052039991340440885
frame0023.jpg 0.00018193984427051856 0.00014469467721068603 0.00500007131012209
frame0024.jpg 0.00014079573551922743 9.589013545720871e-05 0.0038243360384322064
frame0025.jpg 0.00011085763380266078 6.596917889063048e-05 0.02256850476550369
frame0026.jpg 0.00013031657226537582 9.168172832010196e-05 -0.02780485172879573
frame0027.jpg 0.00012434505376543635 8.691190015149944e-05 -0.007831891910097801
frame0028.jpg 2.7514804650169203e-05 -1.631229992645802e-05 -0.017099173324432778
frame0029.jpg 0.0005330543718694956 0.0006024396412366111 -0.004198069478208372
frame0030.jpg 0.0006516458474395549 0.0007056867819047924 -0.02706485604340914
frame0031.jpg 0.0006263691854980734 0.0006951913233864519 -0.060024574218883686
frame0032.jpg 0.0005798108135779432 0.0006890512508674557 0.025703641998147675
frame0033.jpg 0.00010788039055192216 0.00011981318781314538 -0.061231519041821225
frame0034.jpg 7.480328341923483e-05 7.874842463808878e-05 -0.03704759499939215
frame0035.jpg 0.0004131745650751248 0.0004833754818904568 -0.03803145815638094
frame0036.jpg 0.0005994891829099483 0.0006664930595781094 0.014207419248777876
frame0037.jpg 9.316130082462944e-06 -5.478117936742266e-06 0.0205972394647946
frame0038.jpg -8.738346151419008e-05 -0.00012787306290676975 -0.04452762865185842
frame0039.jpg 7.022741379786651e-06 -8.221742372718108e-06 -0.08329805417874668
frame0040.jpg 0.00016879443675005848 0.00014958129991835396 -0.06437215147023366
frame0041.jpg 0.00044653145302619074 0.0005142646451811166 -0.07919896552182877
frame0042.jpg 0.0006265758920410475 0.0007349194808893907 -0.008844855404795906
frame0043.jpg 0.0006677395064103717 0.0007795934220331584 -0.07670905522950232
frame0044.jpg 0.0006521062135587776 0.000765985639632469 -0.11651195675416795
frame0045.jpg -0.00014272470953788466 -0.00023409163772186793 -0.115760069913091
frame0046.jpg -2.4556900366901166e-05 -7.574970658208686e-05 -0.15406032480825765
frame0047.jpg 3.805175376902037e-06 -9.030514480918314e-06 -0.2527079182452975
frame0048.jpg 0.0005519305156033712 0.0006290195681723598 -0.16218456921127627
frame0049.jpg 0.0005184929813083722 0.0005974562029920055 -0.13255719274217434
frame0050.jpg 0.00019972084916444267 0.00018952913698978827 -0.1432541526756911
frame0051.jpg 0.00038887698251281456 0.00042651692375647886 -0.1305585756392637
frame0052.jpg 0.0004075617881323367 0.0004477937061315426 -0.1370289978392831
frame0053.jpg 0.00039402409836109936 0.00043411281179406367 -0.11723118734239085
frame0054.jpg 0.0006564656067125624 0.0007539807657771264 -0.12115803826404875
frame0055.jpg 0.0006149143392628809 0.0007142577091687415 -0.1302295687447594
frame0056.jpg 0.0004184649128964068 0.00043863656954645265 -0.13942723735834864
frame0057.jpg 0.000239128169531556 0.00024147651907417607 -0.11377463917842102
frame0058.jpg -7.392080055415495e-06 -1.934769667844349e-05 -0.06307257060248238
frame0059.jpg 0.00023174707986680835 0.0002152538670138296 -0.1893973286824604
frame0060.jpg 0.00037285217049707166 0.00042605511482828186 -0.052501127697070216
frame0061.jpg 0.0010644557454331349 0.0012845583835480404 -0.07499644661786978
frame0062.jpg 0.001178886212809904 0.0013726384046378595 -0.17137859485394435
frame0063.jpg 0.0008677915406042298 0.0010091045577379104 -0.11367491778815285
frame0064.jpg 0.0009418095170875564 0.00110100980923735 -0.11121262801085416
frame0065.jpg 0.0006621418874032307 0.0007541032446424972 -0.11732765661419957
frame0066.jpg 0.0006634795953561253 0.0007455714367703415 -0.11035760148696533
frame0067.jpg 0.0007989190979031676 0.0009216203804642741 -0.1072940464321602
frame0068.jpg 0.00043534278076546966 0.0005083741549755049 -0.08418530253393239
frame0069.jpg 0.0001016281220321814 0.00013429349753400245 -0.0625233768614541
frame0070.jpg 0.0001896679543537465 0.00022064302235821166 -0.05101500449571675
frame0071.jpg 0.00020392739720904751 0.0002455432917687372 -0.05836975651165816
frame0072.jpg 0.0010478520006525962 0.0011997032278478874 -0.05641260317787743
frame0073.jpg 0.0010478520006525962 0.0011997032278478874 -0.05641260317787743
frame0074.jpg 0.0010531033786225336 0.0012284980493723007 -0.0064437836922923855
frame0075.jpg 9.182834623499722e-05 8.895840360230342e-05 -0.043476448762425415
frame0076.jpg 0.00040547098066097956 0.0004367907290034938 -0.16276784898534902
frame0077.jpg 0.000651894761989642 0.0007885044352006463 -0.05729178984009225
frame0078.jpg 0.000738565873122892 0.0008538019047939942 -0.15977405703412612
frame0079.jpg 0.0007568168087914597 0.0008778427499785457 -0.07684916821921006
frame0080.jpg 0.0007648243830209404 0.0008827901609043739 -0.056969321626998075
frame0081.jpg 0.000612824091310052 0.0006854626867288102 -0.0956882767943786
frame0082.jpg 0.0006682014141338255 0.0007442126403012725 0.0055301765769495605
frame0083.jpg 0.0005688528895155425 0.0006367733616600923 -0.01113817763008133
frame0084.jpg 0.0002473239661042977 0.0002661764739505748 -0.027978801649054936
frame0085.jpg 0.0001327222483711352 0.0001447882130394529 -0.10536851830033933
frame0086.jpg 0.0001952173818506845 0.00022001703296357803 -0.09607269009854558
frame0087.jpg 0.00010258679632709924 0.0001195820032789742 -0.09985507517885303
frame0088.jpg 0.00021867703053551291 0.00024854202850651023 -0.045572100593763584
frame0089.jpg 0.0011395842020200213 0.0012999125851858196 -0.02657450859187694
frame0090.jpg -0.00027749529725214136 -0.00035822121537182577 -0.12709552670362745
frame0091.jpg -0.0009067589270453052 -0.0011843312452542991 -0.1821675005163665
frame0092.jpg -0.0019084228112507405 -0.0022489929470415567 -0.05386112302214693
frame0093.jpg -0.000999271578032817 -0.0012073726678063677 -0.2532928022999044
frame0094.jpg -0.00012552064938917018 -0.00016348956581034135 -0.14078067375462958
frame0095.jpg -0.0002933506085792961 -0.0003649232473060377 -0.08710461778386137
frame0096.jpg -0.0005478084269722906 -0.0006617213937078237 0.001663196573913042
frame0097.jpg -0.0005550228380332971 -0.00067044630514895 0.0013370893180099572
frame0098.jpg 0.0006031035682925893 0.0006686979560421342 0.03070684667753964
frame0099.jpg 7.072618777614657e-05 2.3616266946234895e-05 -0.03301774307133026
frame0100.jpg -1.9438642727959636e-05 -8.658203336005241e-05 -0.08509160363680975
frame0101.jpg 2.2942190113241415e-05 -1.2996847376418305e-05 -0.03254340797578194
frame0102.jpg 0.0003120784343995314 0.00033384119913366825 -0.014077145231137497
frame0103.jpg 0.0004069229531275751 0.0004528967757661122 -0.012457772254574022
frame0104.jpg 0.0004794296100495275 0.0005445041120006217 0.032956339862910335
frame0105.jpg 0.0008288010135449663 0.0009657878918785656 0.01679173053967814
frame0106.jpg 0.000803186441454534 0.00094353533596432 -0.00010263604632906336
frame0107.jpg 0.0002573470370022205 0.00027665159390425373 0.013903876935144966
frame0108.jpg 0.0002683823802390956 0.0002883168726374471 0.0023402658992218504
frame0109.jpg 0.0002759423226182204 0.0003150236698071443 -0.10422800768421442
frame0110.jpg 0.00012786243446862684 8.587823843971992e-05 -0.0686152417180237
frame0111.jpg 0.0004457830687767486 0.0004935953060862235 -0.09078967111127112
frame0112.jpg 0.0007795447231317037 0.0009062748122519662 -0.09107438422120052
frame0113.jpg 0.0007463174719061115 0.0008480478156282574 -0.0937460776337241
frame0114.jpg 0.0006574697929671731 0.0007574896322366066 -0.08615836458924114
frame0115.jpg 0.0006019969624982731 0.0006848965356769643 -0.0903933741706776
frame0116.jpg 0.0004864158216148845 0.0005502972554909491 -0.060564750617685716
frame0117.jpg 0.0009187610146977631 0.0010910042745712089 -0.059803362436221835
frame0118.jpg 0.00038728822375287117 0.0004373248081692933 -0.06441630614062913
frame0119.jpg 0.0008713736272148279 0.0009830060537524585 -0.009957998993556698
frame0120.jpg -0.0003061675219014297 -0.00038127985537623083 -0.16989369765331971
frame0121.jpg -0.0003061675219014297 -0.00038127985537623083 -0.16989369765331971
frame0122.jpg 0.00042792897610707294 0.0008505687285639894 -0.4890763120772776
frame0123.jpg 0.00022575068393618008 0.0016144829387535564 -0.7565124122261992
frame0124.jpg 0.0012307186923649948 0.0041047896709862815 -1.0701616702584758
frame0125.jpg 0.0007855467979942012 0.005171214440630394 -1.9304818303781737
frame0126.jpg 0.0014298364388842177 0.00787365423276706 -2.5879613608039755
frame0127.jpg 0.0024899149516657768 0.011281075394241369 -2.94261116375876
frame0128.jpg 0.0018106231151695485 0.013095644805546584 -3.5402021987985792
frame0129.jpg 0.0015140839354811973 0.015089535327684797 -4.378807595936737
frame0130.jpg 0.002805747963309291 0.01950869477573956 -5.127851916374938
frame0131.jpg 0.0034096408779835715 0.02313013181823608 -5.499258774419143
frame0132.jpg 0.003994934057101057 0.026510542089899683 -6.086443490173815
frame0133.jpg 0.003262708023772525 0.028378381560105293 -6.753719165810468
frame0134.jpg 0.005605880630555093 0.03409177338629005 -7.400075265781767
frame0135.jpg 0.0054720978105558685 0.03708624468354102 -7.978653594668745
frame0136.jpg 0.005726546532073888 0.04063212593086117 -8.228115142381805
frame0137.jpg 0.005413628415249623 0.04373274173700155 -8.464629307941957
frame0138.jpg 0.006070551968958858 0.051719284300307575 -9.181106172270557
frame0139.jpg 0.006067812428069561 0.05171654697404954 -9.181868578859142
frame0140.jpg 0.00795072781491283 0.06057128675483148 -9.910228747971637
frame0141.jpg 0.008273072282899974 0.0645250272838847 -10.436732421591088
frame0142.jpg 0.008010912573247955 0.06808540962365632 -10.562126921602651
frame0143.jpg 0.00870081993869121 0.07245633683210773 -10.843813488201228
frame0144.jpg 0.009924012937832415 0.07710023276298944 -11.006780719770992
frame0145.jpg 0.009886307712798036 0.07706320225598025 -11.014158956646707
frame0146.jpg 0.009681113522970013 0.08029612761046293 -11.700766285983402
frame0147.jpg 0.009254161988091631 0.08373475018067347 -12.288082258441946
frame0148.jpg 0.010650544582352879 0.08884578221581273 -12.772262228096311
frame0149.jpg 0.01043628050117519 0.09213676622796922 -13.056550920736994
frame0150.jpg 0.011921089520610946 0.09683759830156266 -13.32871440764868
frame0151.jpg 0.012030129885428205 0.100550910898906 -13.713336763976484
frame0152.jpg 0.01259390904514862 0.1045376421031888 -14.107562517891212
frame0153.jpg 0.013363914556803991 0.10853908634056543 -14.356719731881563
frame0154.jpg 0.013931117188814457 0.11248168485904893 -14.674390663177213
frame0155.jpg 0.015187890635875943 0.11714620968849447 -14.861963949852905
frame0156.jpg 0.015479433514250927 0.12100148899944635 -15.5714876370021
frame0157.jpg 0.016076269331826806 0.12485770506953107 -15.749836394059784
frame0158.jpg 0.01614931551691718 0.12776352454964424 -15.857525541642651
frame0159.jpg 0.01724868124654116 0.13201545101192486 -15.96579015052575
frame0160.jpg 0.01865421782377879 0.13645270031500356 -16.50144535609659
frame0161.jpg 0.02015061057819819 0.14079482951819636 -16.733651474094287
frame0162.jpg 0.021369259630602447 0.14490645604781954 -17.226541110161115
frame0163.jpg 0.02226824311749161 0.14886359930833393 -17.01692103190099
frame0164.jpg 0.025138717346112387 0.15761589157413158 -17.839100951628797
frame0165.jpg 0.025660623905530672 0.16125687478674988 -17.7674819884751
frame0166.jpg 0.02782245141130106 0.16629563621018453 -18.303536197063774
frame0167.jpg 0.02609910117901157 0.1679899398730727 -17.908480551607163
frame0168.jpg 0.02927804297005991 0.1740453024567607 -18.23585722277472
frame0169.jpg 0.030053042843410743 0.17476666893836065 -18.3736275818552
frame0170.jpg 0.03148345648809765 0.17882127039949747 -18.722766147727558
frame0171.jpg 0.03227696730559912 0.1822138031726088 -18.953783031161002
frame0172.jpg 0.034226809080977035 0.1869359375772673 -19.010499712213953
frame0173.jpg 0.033351468285298155 0.18911958590855985 -19.183872732392658
frame0174.jpg 0.036163173279931335 0.1945992253318839 -19.287777443275896
frame0175.jpg 0.03714976294643295 0.19825118698806948 -19.36325939200525
frame0176.jpg 0.03978106862722401 0.2033796880434968 -19.95785406124939
frame0177.jpg 0.04123398208808261 0.2072539192827676 -19.895018120976545
frame0178.jpg 0.04306161891136494 0.21160663869792729 -19.96466283914833
frame0179.jpg 0.04531753121868147 0.216751592611204 -20.011608438510834
frame0180.jpg 0.04597444003491069 0.2206575941652519 -19.970842869773566
frame0181.jpg 0.04671977991004789 0.22414209098217208 -19.99467966462268
frame0182.jpg 0.049478142069006116 0.2291859076625989 -20.022075844810857
frame0183.jpg 0.050840245312560206 0.23328686047140715 -20.333662313536237
frame0184.jpg 0.05162105203849153 0.237087115885031 -20.039505554474626
frame0185.jpg 0.05589142667880338 0.24660538153786976 -20.288620145034336
frame0186.jpg 0.05782839161691392 0.25134343294060657 -12.457652571100875
frame0187.jpg 0.059439448875668925 0.2552473212058042 -20.142961879312587
frame0188.jpg 0.06227621496126845 0.2604675612979816 -20.805662527592983
frame0189.jpg 0.06324006295180556 0.2644279348672417 -20.62700304090356
frame0190.jpg 0.06541271966480812 0.2691207816421847 -20.591099474217934
frame0191.jpg 0.06677672608035459 0.2733888359784488 -21.12693100537151
frame0192.jpg 0.06841303923131405 0.2776700612751867 -21.15454027797236
frame0193.jpg 0.0690106106926576 0.2781251075869907 -21.31142136255076
frame0194.jpg 0.06895940262791136 0.2814200806616212 -21.104657239001106
frame0195.jpg 0.07231088941513314 0.2873667390699588 -20.955970952237774
frame0196.jpg 0.07261683877156343 0.2904755990256938 -21.32232635658932
frame0197.jpg 0.0750328304137108 0.29545516041092285 -14.406485836211807
frame0198.jpg 0.07695674878663375 0.2996906735509035 -21.74747776745708
frame0199.jpg 0.07859941881828818 0.3041805821226933 -21.802850736297327
frame0200.jpg 0.0807395759903792 0.3088446633567386 -22.088941387975574
frame0201.jpg 0.0823131771522751 0.3128578073608988 -22.228156979201547
frame0202.jpg 0.0838897532215905 0.3174021665676052 -15.365336206685054
frame0203.jpg 0.08598925213503927 0.3218777221689525 -22.334322482007874
frame0204.jpg 0.0875199973062202 0.3260953570386459 -16.13626169291965
frame0205.jpg 0.089200385988237 0.33028752431045555 -15.96230056767976
frame0206.jpg 0.08872098100276105 0.3324244715950048 -22.785950794282765
frame0207.jpg 0.08581503219054247 0.3332791032150615 -21.675695899912604
frame0208.jpg 0.09458747311465968 0.3424713213719674 -16.949093916936473
frame0209.jpg 0.09620825446464272 0.3465647981044788 -17.393090874162265
frame0210.jpg 0.09264807824392267 0.3501047603945056 -21.859612630087103
frame0211.jpg 0.09264807824392267 0.3501047603945056 -21.859612630087103
frame0212.jpg 0.1014687915287747 0.36204711566829584 -18.82353970553051
frame0213.jpg 0.10655492635543484 0.3685108781536822 -17.863734306638307
frame0214.jpg 0.10875436160575687 0.37310156898689417 -18.09955164959908
frame0215.jpg 0.1109706971740285 0.37749893892872 -18.323594303739018
frame0216.jpg 0.11094467128734116 0.38033478540376137 -19.115967934332406
frame0217.jpg 0.11109120073281116 0.3804473322937351 -19.07489666389024
frame0218.jpg 0.11396242823082316 0.3852379709636837 -19.01257422909206
frame0219.jpg 0.11619074687057497 0.3895427568539488 -19.367751845814734
frame0220.jpg 0.11831766290236816 0.3936351164282144 -24.574864592137857
frame0221.jpg 0.12004309667424475 0.3980102585069433 -24.24932183132532
frame0222.jpg 0.12241459698883847 0.4026226970535085 -24.53693736389593
frame0223.jpg 0.12358089292180653 0.40625077113622776 -24.68573484323229
frame0224.jpg 0.12379221060659765 0.4095362829410208 -21.132204938220852
frame0225.jpg 0.12728157864477746 0.4149116368147721 -20.624256937729832
frame0226.jpg 0.12956872910839692 0.4192036568040364 -25.478309875904554
frame0227.jpg 0.1246628746143045 0.41911333474726603 -23.946346695139226
frame0228.jpg 0.127421025363916 0.4240441628631612 -23.101036038951424
frame0229.jpg 0.13543918094557866 0.4323786653487442 -21.018109367655907
frame0230.jpg 0.1376356016178704 0.43661313989812056 -21.58949822182794
frame0231.jpg 0.1403520928465747 0.4410324939493639 -21.380014949019607
frame0232.jpg 0.13616943436612236 0.4414021673328824 -24.615935395000292
frame0233.jpg 0.14303503493570907 0.44867908811957596 -22.354538683106238
frame0234.jpg 0.14979913249144652 0.4585102682744848 -26.714986031010906
frame0235.jpg 0.1495262811447594 0.4615458387560994 -23.217847075373182
frame0236.jpg 0.14648428657639898 0.4628307307321746 -26.425463201927982
frame0237.jpg 0.1533611045385172 0.4696727853450255 -26.876673825751208
frame0238.jpg 0.1570617792206661 0.4744701418704746 -27.13267214646019
frame0239.jpg 0.15508129900234635 0.4765936073764249 -25.286521775108067
frame0240.jpg 0.16271572400268805 0.4835864595057842 -27.648827533659954
frame0241.jpg 0.16271572400268805 0.4835864595057842 -27.648827533659954
frame0242.jpg 0.16490003744214493 0.4878276250261282 -27.750654478908377
frame0243.jpg 0.16563026095528605 0.4912469614790137 -27.665205466136044
frame0244.jpg 0.1672292010127939 0.4953354548205698 -23.982444467978983
frame0245.jpg 0.17020574107656308 0.4998644048907826 -24.26890149124229
frame0246.jpg 0.17406320007924098 0.5046750811160924 -23.63666638535697
frame0247.jpg 0.17561246980961182 0.5083446453905661 -27.90607566860241
frame0248.jpg 0.17309631361936112 0.5104726444640638 -26.750948762133593
frame0249.jpg 0.17856930161252624 0.5161189958071128 -25.06867968009781
frame0250.jpg 0.1820722351600664 0.5204287903311338 -25.41292881175714
frame0251.jpg 0.1809245033306372 0.5228727669849558 -26.644657775707408
frame0252.jpg 0.1852825585882465 0.528157197160791 -25.43707040885706
frame0253.jpg 0.18838676821736947 0.5325107755766755 -28.930364359976192
frame0254.jpg 0.1910717529247238 0.536589772024723 -28.755761132145434
frame0255.jpg 0.19381644377505655 0.541281937961154 -25.5759468083889
frame0256.jpg 0.19578620105675554 0.5451097569587797 -25.723459232554035
frame0257.jpg 0.19946896349859736 0.5527208196268494 -26.40304022448116
frame0258.jpg 0.1973126275321662 0.5552225241558211 -29.039897786285657
frame0259.jpg 0.19980419369980132 0.5561550244406044 -29.28785853828373
frame0260.jpg 0.20299237474033754 0.5639577312077525 -27.654402570865148
frame0261.jpg 0.20918895575560434 0.5695762324671274 -29.937902703201452
frame0262.jpg 0.20729867385526166 0.5723820354309436 -28.685033694920946
frame0263.jpg 0.21538445943143236 0.5785555895611438 -29.870013329257073
frame0264.jpg 0.21658489527016545 0.582148824270064 -27.150757293368567
frame0265.jpg 0.2166821065129335 0.5821834652025305 -27.111125375847077
frame0266.jpg 0.21512627327934886 0.5848601762730752 -28.562335028587032
frame0267.jpg 0.21988211340966832 0.589841285192239 -27.42623151011579
frame0268.jpg 0.223933783920929 0.5943361710559838 -29.821168234878588
frame0269.jpg 0.2255617699851003 0.5985739540550103 -26.97339559811457
frame0270.jpg 0.22394380174200215 0.6014600931309292 -29.08908411657777
frame0271.jpg 0.23105306716480414 0.6070366751446045 -27.840122961485267
frame0272.jpg 0.23312019243266266 0.6108985613440894 -27.80858335746709
frame0273.jpg 0.23288289045627775 0.6141337915070029 -30.422594770509445
frame0274.jpg 0.2376016919054923 0.6191337222937747 -28.348304011445826
frame0275.jpg 0.23725206937999654 0.6224286214098582 -29.866905365126733
frame0276.jpg 0.24325767929913605 0.6272540211721507 -31.105826929119416
frame0277.jpg 0.2453463787998185 0.631363031090791 -28.95351188297368
frame0278.jpg 0.24576042963408196 0.6347807780587892 -29.90929902312693
frame0279.jpg 0.25066021794281346 0.6392634399007937 -31.2537063981005
frame0280.jpg 0.25236729539552105 0.6434138926741522 -29.296727993554462
frame0281.jpg 0.2528007691755988 0.6469924734071728 -31.025902558284574
frame0282.jpg 0.25778420631187704 0.6513309194184896 -30.118303915431337
frame0283.jpg 0.2601708774517304 0.6585180016265454 -31.29761052042083
frame0284.jpg 0.2624624128099351 0.6627725329492776 -32.42652336880044
frame0285.jpg 0.266909695133686 0.6671458104973218 -32.526891019938304
frame0286.jpg 0.26669014117555623 0.6706084377504802 -32.05381679808077
frame0287.jpg 0.2706749943417698 0.6746527012467923 -30.96288555303769
frame0288.jpg 0.2725366087524788 0.6786429266132774 -32.04749363472132
frame0289.jpg 0.2724014297399784 0.6786224026528505 -32.09230691328513
frame0290.jpg 0.2740754355829743 0.682328191728915 -32.612132497411466
frame0291.jpg 0.2776466464455013 0.6861860880928958 -32.19275804849639
frame0292.jpg 0.2806308140550152 0.689799912637187 -33.653911043851515
frame0293.jpg 0.2859189671068566 0.6941790152441423 -31.61421312893823
frame0294.jpg 0.2880432822132717 0.6978257244873951 -33.677480597111845
frame0295.jpg 0.2906544431855862 0.7018530554309699 -31.77322750293449
frame0296.jpg 0.2927106420810048 0.7054560951983029 -33.53579104454204
frame0297.jpg 0.2945054345476913 0.7092130875038098 -33.755027227751235
frame0298.jpg 0.2953606998366053 0.7129464202053168 -33.57137408229551
frame0299.jpg 0.2997865352038009 0.7169635722726533 -33.136370139460176
frame0300.jpg 0.3010896881407549 0.7210556906231465 -32.81872144174358
frame0301.jpg 0.3058438527961086 0.7250963993435913 -32.58885212215961
frame0302.jpg 0.3079724695420568 0.7287153331436791 -34.344740235145444
frame0303.jpg 0.31166336491079744 0.7325067325235961 -32.78712866921022
frame0304.jpg 0.31156978242150235 0.7366071483508196 -33.93484084834536
frame0305.jpg 0.31676159183408004 0.7446704288949937 -33.785363718196486
frame0306.jpg 0.3169225482997149 0.7446555779177154 -33.79527509433337
frame0307.jpg 0.3190142479598147 0.7486326678068518 -33.963008383155305
frame0308.jpg 0.3272762650399863 0.7561992306458478 -34.03843636061795
frame0309.jpg 0.3299734738041715 0.7600185975132191 -33.832074822974114
frame0310.jpg 0.3337318918876966 0.7638297262904331 -33.65994624718109
frame0311.jpg 0.3332542585208848 0.7681551638764679 -34.66166997012986
frame0312.jpg 0.3385534997498184 0.7716826198305526 -34.658401426888716
frame0313.jpg 0.3385305462374667 0.7716487569662511 -34.67315463339977
frame0314.jpg 0.3399949560223848 0.7755460727310279 -36.33047156679655
frame0315.jpg 0.3433093579767965 0.7794490163456294 -36.470572373018015
frame0316.jpg 0.3466229170669498 0.7828796324041374 -36.466277579020044
frame0317.jpg 0.3486202364595061 0.7865691144375354 -36.745884618829756
frame0318.jpg 0.3484929025977672 0.7910974638793641 -37.028265257669524
frame0319.jpg 0.3512230804321337 0.7946104881755749 -37.29830435579917
frame0320.jpg 0.35361838647637645 0.7982395634962542 -37.71548749435494
frame0321.jpg 0.3564023327406682 0.8014989094397604 -38.01371239712661
frame0322.jpg 0.36012112248399275 0.8044542545959172 -38.138471249244326
frame0323.jpg 0.36151228300170746 0.8087923642153798 -37.98149103938595
frame0324.jpg 0.3634250090505253 0.8125885162306804 -38.85445160047146
frame0325.jpg 0.3679412300759408 0.8152654669441957 -38.769545827492976
frame0326.jpg 0.3687930767160459 0.8193430811409412 -38.894486922842304
frame0327.jpg 0.3736565341464623 0.8217736661302829 -39.007667634954096
frame0328.jpg 0.3747061373782638 0.8262664945045956 -39.242692192323254
frame0329.jpg 0.3793662647166488 0.8288075004234382 -39.23682878841257
frame0330.jpg 0.3841858333719308 0.8360757219252073 -39.81623551947772
frame0331.jpg 0.3841858333719308 0.8360757219252073 -39.81623551947772
frame0332.jpg 0.3906803348623232 0.8425492061902025 -40.10639931470266
frame0333.jpg 0.3917871284660418 0.8473445518484097 -40.30985786545748
frame0334.jpg 0.3948213642077045 0.8504487012094775 -40.7136335639659
frame0335.jpg 0.3996192315072993 0.8526729969042349 -40.55749816659301
frame0336.jpg 0.4009160763789115 0.8572801420206579 -40.89634225517421
frame0337.jpg 0.4007146048829771 0.8574239489602653 -40.916272135518376
frame0338.jpg 0.4031148566978082 0.8613182975932859 -40.626260394310954
frame0339.jpg 0.4081239043585552 0.8633667364168349 -40.81826884260445
frame0340.jpg 0.41095436967690574 0.8671623622586702 -40.84344069676382
frame0341.jpg 0.4139549730309242 0.8708424903573189 -41.14029943062501
frame0342.jpg 0.4177747063219633 0.8735425103563687 -41.4997054233231
frame0343.jpg 0.4205201952067548 0.8774704122277828 -41.14401180417251
frame0344.jpg 0.4242087557342231 0.8802876838969229 -41.26429492642303
frame0345.jpg 0.4253568138040227 0.8850882559910909 -41.87051734407807
frame0346.jpg 0.4280412063571494 0.8887880564495176 -42.21114949062707
frame0347.jpg 0.4307912491485886 0.8925808241085385 -42.411396203830655
frame0348.jpg 0.4355629551821309 0.894140448373415 -42.33428847919432
frame0349.jpg 0.4375329377790824 0.8986592170000763 -42.896778167130655
frame0350.jpg 0.4398075624256527 0.9031086041861448 -43.423621055447256
frame0351.jpg 0.4445617984641263 0.9041752810163726 -43.34428724683971
frame0352.jpg 0.4471960242987607 0.9081276538853068 -43.69127759227723
frame0353.jpg 0.4495018534842972 0.912194191765262 -44.410197627348474
frame0354.jpg 0.4518567845360039 0.9160333112890072 -44.25235270458364
frame0355.jpg 0.4547656913161975 0.9186487366053544 -44.95086003842492
frame0356.jpg 0.4612996441603642 0.9242316590358248 -45.81623554774534
frame0357.jpg 0.4626486984102733 0.9289489054160852 -46.653306963276364
frame0358.jpg 0.4656271419157058 0.9312194966144778 -46.936926095340354
frame0359.jpg 0.4681713142997455 0.9342775355343635 -47.85615201013706
frame0360.jpg 0.4693545929022379 0.939467077667854 -48.90571439762793
frame0361.jpg 0.4693555683212501 0.9394630876661728 -48.912314557566226
frame0362.jpg 0.4733407968787578 0.9416731408783464 -49.292899459534645
frame0363.jpg 0.4764494608386562 0.9440772223435072 -49.5433525778307
frame0364.jpg 0.4789395565973692 0.9471621529211114 -49.96005270150094
frame0365.jpg 0.4822345736300828 0.9500176998525428 -50.72351615931905
frame0366.jpg 0.4851370033080998 0.952534808213239 -51.023363826405564
frame0367.jpg 0.4870952613942011 0.9571317494981768 -51.57596622234108
frame0368.jpg 0.4907289827946733 0.9586237822980994 -52.09523737661476
frame0369.jpg 0.4941493532107385 0.9614195778258796 -52.6316837485392
frame0370.jpg 0.4967302685625697 0.9650881971380212 -53.205101019802726
frame0371.jpg 0.4995938539699985 0.9679443926531756 -53.78225558011236
frame0372.jpg 0.5036743698259041 0.968771129852832 -53.616864262746645
frame0373.jpg 0.506546326835545 0.9715952331042306 -54.11290666066904
frame0374.jpg 0.5092077791585845 0.9752110979541696 -54.65393466889272
frame0375.jpg 0.5116835932276645 0.9805151570491228 -55.123959975527534
frame0376.jpg 0.5152266793264043 0.9824966563383221 -55.414435884693575
frame0377.jpg 0.5185346492008431 0.9852958382494328 -55.61383265593935
frame0378.jpg 0.5256284803667015 0.9887803986901722 -56.56687857584466
frame0379.jpg 0.5294042795550545 0.9899697875606334 -56.795070010449656
frame0380.jpg 0.5332113454795926 0.9914653860888848 -57.24419548926674
frame0381.jpg 0.536366572451914 0.9949490638954792 -57.670699440022574
frame0382.jpg 0.5379737813443448 1.0023240811116574 -58.38165072010021
frame0383.jpg 0.5424297776214221 0.9998509539875038 -58.7844041150702
frame0384.jpg 0.5459279500832626 1.0021948815377866 -59.31710091632343
frame0385.jpg 0.5459178647956426 1.0022164981326962 -59.319325440503995
frame0386.jpg 0.5494873044686654 1.00510339887567 -59.292103898431165
frame0387.jpg 0.5531507515781378 1.0046434643395488 -59.539003408052714
frame0388.jpg 0.5565389505614513 1.0078104468254854 -60.08497169319715
frame0389.jpg 0.5599417096393619 1.00972305435486 -60.44298013127922
frame0390.jpg 0.5634425796710538 1.0126185289999463 -60.358649516034966
frame0391.jpg 0.5668354079070785 1.0160865517002675 -60.52631649060298
frame0392.jpg 0.5703560506878478 1.018031302576586 -61.24368407472976
frame0393.jpg 0.5741278318680261 1.019155349783257 -61.64015859858692
frame0394.jpg 0.5780112688691281 1.0230330127184 -61.74219702121647
frame0395.jpg 0.5817333774605081 1.025784974339081 -61.78826655653007
frame0396.jpg 0.585311790150379 1.026812670406065 -61.97068617679111
frame0397.jpg 0.58909607625785 1.0281611993347421 -62.215032595562
frame0398.jpg 0.5928897287534061 1.0310670197118303 -62.68870646820043
frame0399.jpg 0.5969238715900365 1.0326646343889283 -62.77637970234969
frame0400.jpg 0.6007375765368592 1.0352512774324274 -62.94610299696185
frame0401.jpg 0.6080932844369797 1.0387354126955488 -63.45365849205598
frame0402.jpg 0.6080932715002858 1.0387356686669378 -63.45363877907742
frame0403.jpg 0.6122362956739715 1.0457025237110518 -63.51422924750275
frame0404.jpg 0.6207076091414381 1.045948518340983 -63.53822904294653
frame0405.jpg 0.6251580094020697 1.0491656890416152 -64.11478280657467
frame0406.jpg 0.6291291401393208 1.0547030843198528 -64.37527709153008
frame0407.jpg 0.6329830051716361 1.0519391138316476 -64.49457852613686
frame0408.jpg 0.6372799743959774 1.0581224727345018 -64.95394663158099
frame0409.jpg 0.6373657856689937 1.0583844688152004 -64.69291263297461
frame0410.jpg 0.6412103154510304 1.055112050548901 -64.80140428617976
frame0411.jpg 0.6450527781782296 1.0559860795052476 -65.08195036037623
frame0412.jpg 0.6489135552645114 1.0578570934478335 -65.2320252658485
frame0413.jpg 0.6531012593015137 1.0608693280084345 -65.44513858720019
frame0414.jpg 0.6581528287298981 1.0695304996090311 -65.9101299073645
frame0415.jpg 0.6615100432063163 1.0656551594440955 -65.60580200436895
frame0416.jpg 0.6653517845960704 1.0671336136513303 -66.5600054378927
frame0417.jpg 0.6705841781840924 1.0749377593878788 -66.32937373557816
frame0418.jpg 0.6739708167105518 1.071935231159547 -66.60938232923957
frame0419.jpg 0.6783768973816502 1.0729093499753144 -66.04266658394044
frame0420.jpg 0.6824330722803903 1.0741583277312288 -66.2121787065734
frame0421.jpg 0.6867669675535506 1.0779907810827551 -66.35787403014372
frame0422.jpg 0.6909140840076349 1.078253642664126 -66.18291951314593
frame0423.jpg 0.6952028504103921 1.0804961963197628 -66.60758496222539
frame0424.jpg 0.6999426420904261 1.0823464626099772 -66.520390815672
frame0425.jpg 0.7094561580051657 1.0898760602638575 -66.61528068168687
frame0426.jpg 0.7125165619081064 1.0872428672708914 -66.83678790045032
frame0427.jpg 0.7183082425502907 1.0942848232188738 -66.97836031605235
frame0428.jpg 0.7211933552546925 1.0916127211904751 -67.33919517557455
frame0429.jpg 0.7253136381189578 1.0928764399100697 -67.04924564434981
frame0430.jpg 0.7287580341959897 1.0928047275520103 -67.20903896923295
frame0431.jpg 0.7339274159664074 1.0969236403964029 -67.92968806605758
frame0432.jpg 0.7379581044392871 1.0967456621656926 -67.77934113818267
frame0433.jpg 0.7379581044392871 1.0967456621656926 -67.77934113818267
frame0434.jpg 0.7430960772418085 1.0998099419024303 -67.44767901270018
frame0435.jpg 0.7470655427904707 1.1006383678040397 -67.36042745151188
frame0436.jpg 0.7512741499319948 1.1020110080463137 -67.61191703413505
frame0437.jpg 0.7555210248020858 1.1044770924518388 -68.33767850568782
frame0438.jpg 0.7601509563889648 1.105819214622052 -68.07188549837682
frame0439.jpg 0.7637619847112571 1.1066449573269013 -68.2135636440496
frame0440.jpg 0.7681866948066159 1.1083894875453684 -68.0864313293812
frame0441.jpg 0.7754629372496966 1.1176987239254637 -68.21680300232131
frame0442.jpg 0.77688928378851 1.1122208707610932 -68.82490339819553
frame0443.jpg 0.7824276535251993 1.1154700329827452 -68.82813246212885
frame0444.jpg 0.7864594096796631 1.1165166324013116 -68.73716476588045
frame0445.jpg 0.7932555698745185 1.1242874820198856 -69.78143481475561
frame0446.jpg 0.7956847436093162 1.121158705020405 -69.01028411898348
frame0447.jpg 0.7988493119071988 1.1205275478929857 -69.65691392884595
frame0448.jpg 0.8048337402339809 1.1240039371868646 -69.10304394947433
frame0449.jpg 0.8079407372154583 1.1232666264287536 -70.04517540920577
frame0450.jpg 0.8163578165822489 1.1263318339145905 -70.31195151304154
frame0451.jpg 0.8210209478157424 1.1284041815948065 -70.50719397328713
frame0452.jpg 0.8255178895016364 1.1297417528229898 -70.73458958223479
frame0453.jpg 0.8293961382102986 1.1303416809390496 -70.7555920421302
frame0454.jpg 0.8341421665632482 1.1323186785412342 -70.4352330536067
frame0455.jpg 0.8388194510058244 1.1348841011325712 -70.63881787334559
frame0456.jpg 0.8435073437713307 1.1369061038228279 -70.57008767469448
frame0457.jpg 0.8434591209164274 1.1368233073857033 -70.55320680316693
frame0458.jpg 0.8478443873608359 1.1379890496114695 -70.76217450332815
frame0459.jpg 0.8517740322342886 1.1391652904656433 -71.2186337349683
frame0460.jpg 0.856864063015162 1.1414426679075529 -70.63580419234735
frame0461.jpg 0.8607127316500716 1.1418369796073482 -70.82959875972956
frame0462.jpg 0.8650801920575345 1.1431252597495962 -71.1567426241765
frame0463.jpg 0.8695310390931381 1.1447127679223803 -72.27660122920426
frame0464.jpg 0.8750985802160631 1.1475811570142194 -71.16305947911468
frame0465.jpg 0.8791484480585319 1.1482957448259277 -71.56884360693972
frame0466.jpg 0.8838434954941419 1.1501360619866714 -71.63433864442966
frame0467.jpg 0.8882004575129319 1.1512465942211942 -71.64520101441313
frame0468.jpg 0.8922509381230592 1.152037866482878 -71.85822699218183
frame0469.jpg 0.8974093039023769 1.154321516761479 -72.11698125740729
frame0470.jpg 0.9012621830597092 1.154739986653572 -72.20783790891996
frame0471.jpg 0.9122923972571756 1.1659954128622827 -72.86776800495694
frame0472.jpg 0.9103069529276924 1.1574213603350825 -72.39536457727941
frame0473.jpg 0.9190904536097042 1.1598662571642206 -72.7097513676688
frame0474.jpg 0.9190713700476106 1.1598454039212494 -72.70784899123612
frame0475.jpg 0.9271652427059438 1.161680042352081 -73.9952441625562
frame0476.jpg 0.9322030310095089 1.1633904299026836 -74.05124012493377
frame0477.jpg 0.93699718665329 1.1653883031940822 -74.59640815507353
frame0478.jpg 0.9411282024858364 1.1658016869242305 -73.12269761060097
frame0479.jpg 0.94678817854392 1.1686791491887956 -73.49019785341031
frame0480.jpg 0.9502456269564856 1.16880786327663 -74.75091057744618
frame0481.jpg 0.9502363594232106 1.1687973287248905 -74.75522807518615
frame0482.jpg 0.9552307393108174 1.1707823416193286 -73.15151136724081
frame0483.jpg 0.9580059105919636 1.1706829267194625 -72.96651690892615
frame0484.jpg 0.9594992589582788 1.16972751242545 -73.5054037549873
frame0485.jpg 0.96083644330427 1.1692390295374908 -72.66516436965576
frame0486.jpg 0.9628252615252602 1.1705092041723026 -72.63668145019862
frame0487.jpg 0.9634038477795529 1.170625263077194 -72.54150298850794
frame0488.jpg 0.9635618630125914 1.170924832252216 -72.68843227846794
frame0489.jpg 0.96344817099141 1.1708608152915791 -72.68272183731257
frame0490.jpg 0.9630205299850402 1.170299355709949 -72.57200639220052
frame0491.jpg 0.9616550541471685 1.1685108061341896 -72.58718862962155
frame0492.jpg 0.9619963861362352 1.1691556179271334 -72.66242418102141
frame0493.jpg 0.9619410842534982 1.1690786198034375 -72.59513137596895
frame0494.jpg 0.9621404560125209 1.1693477489031123 -72.47394118773747
frame0495.jpg 0.9632136369192352 1.1705473274519065 -72.70120226959976
frame0496.jpg 0.961973197056002 1.1691214716351137 -72.47509894859327
frame0497.jpg 0.9620780258925372 1.1692309535804193 -72.54968124087122
frame0498.jpg 0.9630656332590553 1.1702981070440064 -72.77804265196801
frame0499.jpg 0.9629351405689632 1.1701391267921557 -72.76455018572638
frame0500.jpg 0.9625709651480252 1.1697294703627297 -72.76572557401741
frame0501.jpg 0.9625313117597242 1.1696088817860402 -72.81790438560375
frame0502.jpg 0.9623843141149141 1.1694139439531517 -72.7780630195419
frame0503.jpg 0.9624416094304944 1.1695306878566731 -72.83512729807316
frame0504.jpg 0.9624463203639441 1.1695399007642109 -72.83347242099751
frame0505.jpg 0.9624463203639441 1.1695399007642109 -72.83347242099751
frame0506.jpg 0.9623679536635124 1.169422131491776 -72.63977244220699
frame0507.jpg 0.9625998214015248 1.1697237280186046 -72.62414788363361
frame0508.jpg 0.9626687392207444 1.1699111624373606 -72.74368800048221
frame0509.jpg 0.962409896558902 1.169503191551578 -72.64678883241372
frame0510.jpg 0.962233940783232 1.1692034538490212 -72.63015423485669
frame0511.jpg 0.962078563577092 1.1690471106483376 -72.62074747596259
frame0512.jpg 0.9621693807034736 1.169180487600417 -72.7623764750309
frame0513.jpg 0.9627805696848026 1.1699317164644722 -72.60798969889386
frame0514.jpg 0.9619624106698264 1.1691126960591864 -72.42806951967589
frame0515.jpg 0.9619522616300564 1.1690963702168498 -72.42332787721803
frame0516.jpg 0.963398763738532 1.1707836058789387 -72.68774989007521
frame0517.jpg 0.9631256176087856 1.170446142683233 -72.6941546245898
frame0518.jpg 0.9636517590617316 1.1711156946352084 -72.64424470143305
frame0519.jpg 0.9624449591447384 1.1694807722023288 -72.5653403130408
frame0520.jpg 0.9624553529340438 1.1694919334261158 -72.57066826101254
frame0521.jpg 0.9624109046548912 1.169424224078475 -72.57894435668416
frame0522.jpg 0.9624104177159618 1.169423673172919 -72.57907842308464
frame0523.jpg 0.9618031736316512 1.1686587252994145 -72.49584182852985
frame0524.jpg 0.961961207383424 1.1688601791202144 -72.54289957928415
frame0525.jpg 0.9620104515589656 1.1689332057414157 -72.60598564576695
frame0526.jpg 0.9631983831306724 1.1705482714476252 -72.7753868100186
frame0527.jpg 0.9632633442994948 1.1706022383385286 -72.80255218479303
frame0528.jpg 0.9625063986232212 1.169568232871095 -72.54316021801148
frame0529.jpg 0.9625063986232212 1.169568232871095 -72.54316021801148
