frame0000.jpg 0.0 0.0 -0.0
frame0001.jpg -0.0018536823916524355 0.001565693588194521 -0.03382935725755883
frame0002.jpg -0.0014840647364150789 0.001262316957453157 -0.037062234085271095
frame0003.jpg -0.0013161089234722313 0.0011384415537604238 -0.013800157130278412
frame0004.jpg -0.001473253172121447 0.0012687503861175506 -0.0668591639534394
frame0005.jpg -0.0018660441600107124 0.0015777146923188793 -0.03587336936187549
frame0006.jpg -0.001806620823858877 0.0015415025949507006 0.00150140526435014
frame0007.jpg -0.0018093428120289226 0.001543717280449742 0.0012682678627541734
frame0008.jpg -0.0018093428120289226 0.001543717280449742 0.0012682678627541734
frame0009.jpg -0.0014325152363236359 0.0012483023417640966 0.08505349357748318
frame0010.jpg -0.0014545872247272806 0.0012660150494867035 0.08381509321492428
frame0011.jpg -0.0014545872247272806 0.0012660150494867035 0.08381509321492428
frame0012.jpg -0.0021743141663647684 0.0018437508731820925 -0.0953128995327254
frame0013.jpg -0.0013950799319372349 0.0011921697510939011 -0.06951299224525173
frame0014.jpg -0.00015756432880257649 9.987094323071324e-05 0.0334597870682914
frame0015.jpg -0.00023340988245605104 0.00016200747099767037 0.03415163984595025
frame0016.jpg -0.0007903988262588362 0.0006623399916247226 0.03359177635304116
frame0017.jpg -0.0009594866803822726 0.0007881340590725901 0.08027343850898283
frame0018.jpg -0.0009656713378946424 0.0007958576641956057 0.08919473279871798
frame0019.jpg -0.0010104838654838594 0.0008375266619338203 0.09184930537111356
frame0020.jpg -0.0016251358033694961 0.0013397167654484324 0.09132182171747326
frame0021.jpg -0.001483528666002932 0.0012815861782860235 0.08814486126966307
frame0022.jpg -0.002467055446216994 0.002087490450502239 0.03849659788001216
frame0023.jpg -0.0008285477447015598 0.0006989039699853045 0.024431606326683317
frame0024.jpg -0.0008494504633271978 0.0007166185881698772 0.023906832252841157
frame0025.jpg -0.0009289385043399645 0.0007604390444270491 0.03856183174190034
frame0026.jpg -0.0010112362014454144 0.0008253173171500577 0.08727347802228035
frame0027.jpg -0.0010112362014454144 0.0008253173171500577 0.08727347802228035
frame0028.jpg -0.00025072897010697915 0.0001872683994857029 0.02761160429784983
frame0029.jpg -0.00044514143281048176 0.00035303255154054704 0.04877565975353903
frame0030.jpg -0.002457027008811017 0.00204294908644722 -0.037807143500548944
frame0031.jpg -0.0018129019869612415 0.0015297627867233627 0.05208286101305728
frame0032.jpg -0.001855417832223352 0.0015721542799672177 0.025079066549829856
frame0033.jpg -0.0019297098969973875 0.0016342759161121145 0.014658526163252862
frame0034.jpg -0.0018302625842421699 0.001578909109244315 -0.008395327323796909
frame0035.jpg -0.0020304487670566697 0.0017372436049331481 -0.012797735393823959
frame0036.jpg -0.002093179355127722 0.001784289120722793 -0.013071448562461072
frame0037.jpg -0.002019515727612363 0.001721871114016005 -0.003598154975964917
frame0038.jpg -0.0019012937127220024 0.0016196842757623144 -0.0001255063763760863
frame0039.jpg -0.0018742729708097184 0.0015877556484648458 0.01631413809841601
frame0040.jpg -0.0018195280948061622 0.0015454332771559312 0.01211653101756756
frame0041.jpg -0.0017599902056837688 0.0014987414693486505 0.011242950604004558
frame0042.jpg -0.0017231175855328465 0.0014649686612046905 0.019996277773598824
frame0043.jpg -0.002741835694561848 0.0023289580755752005 0.014422252045196718
frame0044.jpg -0.0016917052993454 0.0014345652890342918 0.02810740337236557
frame0045.jpg -0.0015893839292783294 0.001335739154893841 0.015738951503991294
frame0046.jpg -0.0013872023184148532 0.001163849024951109 0.07218225546314197
frame0047.jpg -0.0006679963145200048 0.0005234482347858566 0.14567381798134355
frame0048.jpg -0.0009298962756187546 0.0007331499535549057 0.1062368665109997
frame0049.jpg -0.0008722039812809285 0.0006890311222835595 0.10853570513790577
frame0050.jpg -0.0008732853921736811 0.0006863774290594017 0.1140182593004484
frame0051.jpg -0.0007791381690462995 0.0006184533274112148 0.10854898427419901
frame0052.jpg -0.0010312305924521801 0.0008401242075627785 0.08307985518253716
frame0053.jpg -0.0009052802561108076 0.0007482099215832576 0.11690520726821838
frame0054.jpg -0.0007477283218230876 0.0005770938320842513 0.07637455389009491
frame0055.jpg -0.0009312278311092443 0.0007319877441533538 0.0448006237941953
frame0056.jpg -0.0010062844669589048 0.0008303480254328285 0.07498556192120293
frame0057.jpg -0.0010333751056562648 0.000851629028657246 0.07526953615578727
frame0058.jpg -0.0010714851244815423 0.0008790205011718343 0.06624675773533374
frame0059.jpg -0.0008803155848841008 0.0007375510023027688 0.10600802128267872
frame0060.jpg -0.0007665226226803001 0.0006556675587241957 -0.03995419449231195
frame0061.jpg -0.00014100482560620351 8.685468334438469e-05 -0.010221613458703177
frame0062.jpg -0.0021982725849624164 0.0018363471925148815 -0.0423744726058671
frame0063.jpg -0.00030030431577153743 0.00017504908856203846 0.10699584227336513
frame0064.jpg -0.0005003750731835995 0.00039209998040424615 0.12670180170005355
frame0065.jpg -0.00018505026601096204 0.00015831611914947504 0.09522502516662827
frame0066.jpg -9.327268121424424e-05 7.570489388347853e-05 0.0766245806101854
frame0067.jpg 0.0004933563921370553 -0.00038360829856442857 0.07660491938324966
frame0068.jpg 0.0003405372183474997 -0.00025979361243994427 0.07841294738762547
frame0069.jpg 0.0005096039335251344 -0.00038570200751463407 0.09247521335627426
frame0070.jpg 0.0006733516433846012 -0.0005122999860859127 0.10036264378014442
frame0071.jpg 0.0004276311960703356 -0.00030559350072652784 0.057623848964634176
frame0072.jpg -0.0005590827015435547 0.0004759337679202335 0.04820319629115415
frame0073.jpg -0.0005774768170760613 0.00048376386154290967 0.05064610219163576
frame0074.jpg -0.0005795815445764006 0.0005102378226831419 0.017561340887574474
frame0075.jpg -0.0005555399893480977 0.0004912619994773489 0.01215662414767457
frame0076.jpg -0.0007493947157193721 0.0006514529996545626 0.019004539037689318
frame0077.jpg -0.0018544137864512128 0.001593655454720421 -0.038831573944354984
frame0078.jpg -0.0016622965970976658 0.001429903701088202 -0.014487981089220812
frame0079.jpg -0.0008942970074873985 0.0007993953229368372 -0.05194454404990751
frame0080.jpg -0.0014708098867824235 0.0012799271291814428 -0.06328621036851463
frame0081.jpg -0.0011628998717411688 0.0010349153196134487 -0.07814535633485697
frame0082.jpg -0.0011915984065977074 0.0010548655997506347 -0.08390368589296089
frame0083.jpg -0.0013621162382143356 0.0011696891079932435 -0.035557054368998926
frame0084.jpg 4.272011492478205e-05 -5.3496266579904246e-05 0.09920172153367834
frame0085.jpg 0.00012846977064878177 -0.00013006906945720118 0.08269266699761156
frame0086.jpg -3.789435170750692e-06 -5.439520725263659e-06 0.09345144081676353
frame0087.jpg 0.00043115062225556206 -0.0003665194013363712 0.08314390836329293
frame0088.jpg 0.0008411689852960918 -0.0006612499058069278 0.045807686344853465
frame0089.jpg 0.0007821283350665721 -0.0006135184041096741 0.04928922325319357
frame0090.jpg 0.00018061195752276676 -0.0001480657339329485 0.0434587693276617
frame0091.jpg -0.000371769489038891 0.0003026181487300918 0.09946684275848906
frame0092.jpg 0.0007005584370243171 -0.0006290072475128688 0.057439761867190124
frame0093.jpg -0.000207805125295395 0.0001457350531737765 0.12981474012817262
frame0094.jpg -0.0001977849394493361 0.0001530924014585673 0.13663419839861415
frame0095.jpg -0.0014266901375634608 0.001193912930061296 0.030351087243950005
frame0096.jpg -0.0012606336064859556 0.0010479195725819328 0.04183499306710469
frame0097.jpg -0.0008375964718307773 0.0007065945615684582 0.0737153403612358
frame0098.jpg -0.0011527234233565135 0.000988475391934028 0.02527275768242815
frame0099.jpg -0.0011527234233565135 0.000988475391934028 0.02527275768242815
frame0100.jpg -3.3623823088971824e-05 1.214934969430432e-05 0.044150607629038635
frame0101.jpg -0.00013978942340567727 9.637390535979812e-05 0.04251625606658164
frame0102.jpg -0.00043140707337271553 0.0004054215109514684 0.06230790609276202
frame0103.jpg -0.0004237118642059797 0.00038217527863043503 0.07719139831407587
frame0104.jpg -0.0008826402867123666 0.0007152240703397183 0.04188108670146783
frame0105.jpg -0.0010161859843032762 0.0008328823153001918 0.04789228627458462
frame0106.jpg 0.0006767245136807536 -0.0005959818866252543 0.0974257660895858
frame0107.jpg 0.000596366398155709 -0.0005276886671863644 0.09482294910426176
frame0108.jpg -0.000772938636522162 0.0006674566428759397 -0.0008881593170625942
frame0109.jpg 0.0003602932009837594 -0.00033393281889861184 0.06603839833964374
frame0110.jpg 0.00040168237161710064 -0.0003661501547486067 0.07744123088275273
frame0111.jpg 3.3052066729141874e-05 -4.857227113611095e-05 0.004929823248233373
frame0112.jpg 0.00020907998039365827 -0.0001856620777180659 0.044300882519553185
frame0113.jpg -0.0012209004708049627 0.0009992910882609283 0.005101326766872129
frame0114.jpg -0.0010206902151249587 0.0008239062387342625 0.01373274305828129
frame0115.jpg -0.0016759337858289114 0.0013505919807853815 -0.1120579515087936
frame0116.jpg -0.0011481080553708124 0.0009337182994069277 -0.0048508468789588465
frame0117.jpg -0.0012318894109849278 0.0010019138074880598 -0.0032885738279646213
frame0118.jpg -0.0013165045930370086 0.001091395989549869 -0.10113520990383923
frame0119.jpg -0.0019414279219835012 0.0016245745659075935 -0.10485261574566006
frame0120.jpg -0.0010116200578411418 0.000849927594657915 0.0550884967148208
frame0121.jpg -0.0006601228457520925 0.0005203574137096978 0.05860956872019095
frame0122.jpg -0.0005354319787913239 0.00041916895048502883 0.053714389056644815
frame0123.jpg -0.0005245964519523357 0.00040661911584664233 0.05731307011589536
frame0124.jpg -0.0004996705985510466 0.00039345818045525335 0.0437809265048228
frame0125.jpg -0.0008124029912139782 0.0006650382953479304 0.04418596450446007
frame0126.jpg -0.0009614824156643168 0.0008017321488953148 0.04184831435017479
frame0127.jpg -0.0010982306464606324 0.0008879713049875832 0.05363813886897684
frame0128.jpg -0.0010479134423187412 0.0008625788561751281 0.032082923579123665
frame0129.jpg 0.001709541634832135 -0.0014938157367247187 0.004718101446620113
frame0130.jpg -0.00021171743880660614 0.00014149869258531654 0.0012859888212368108
frame0131.jpg 0.00015638596089100903 -0.00020206615040522418 0.024793168698293826
frame0132.jpg -0.00039286732526155096 0.0003228762198116727 0.014495777304244006
frame0133.jpg -0.0004781910331466784 0.00039401571559631154 0.026769291961455503
frame0134.jpg -0.00013299888934491773 0.00010748064640679787 0.0624079090059603
frame0135.jpg 0.0008609372567605276 -0.0006995704288018588 0.03363969777431977
frame0136.jpg 0.0008498330225261569 -0.0006880068754952447 0.017129568661188085
frame0137.jpg 0.0010077216897582076 -0.0008412349626001249 0.01864894709839399
frame0138.jpg 0.0010143415955516943 -0.0008481017795986242 0.02005989623107729
frame0139.jpg 0.0012021610093230512 -0.0010034886259126783 0.03326093704587355
frame0140.jpg 0.001143056270830358 -0.0009540579915588537 0.033957403710116955
frame0141.jpg 0.0007522654142077046 -0.0006202253846239947 0.01938863767797899
frame0142.jpg -0.00036872377158515964 0.00025422986246787264 0.008778736834830419
frame0143.jpg -0.0008532608605761529 0.0012144084782361115 -0.024845365876732462
frame0144.jpg -0.0008992602221446162 0.0024673333872245297 0.44238295417503215
frame0145.jpg 0.0006230442454398987 0.003081614480910337 0.8712173989665654
frame0146.jpg 0.0001642765453017639 0.005911635185441052 1.4489207079646695
frame0147.jpg 0.0009047221578155906 0.005266762540777561 1.4307391104794762
frame0148.jpg 0.002527783452684076 0.006967205961877178 1.7020489165627852
frame0149.jpg 0.003130981301733423 0.010190496296398873 2.3422546629733043
frame0150.jpg 0.006815716838191824 0.016449100836033667 3.373294057969213
frame0151.jpg 0.007945073473477164 0.02025035489440528 3.898156569784257
frame0152.jpg 0.009091334677083871 0.02425481169789221 4.4318093174883435
frame0153.jpg 0.011629045330389718 0.02731999302450248 4.964615798640208
frame0154.jpg 0.013619157142622016 0.03061565359399782 5.227637816003822
frame0155.jpg 0.013160254716428343 0.03608047282777342 5.879916916002308
frame0156.jpg 0.015372131925660509 0.03939993053690869 6.587237044631872
frame0157.jpg 0.015311366363120213 0.044428694743052784 7.180037711189665
frame0158.jpg 0.0191834303823935 0.04698961633025955 7.8065888592233526
frame0159.jpg 0.01940806782387569 0.05221462901903701 8.475148126801674
frame0160.jpg 0.01926255438874854 0.057477291801515625 8.902275825670337
frame0161.jpg 0.019922769276003515 0.06229845053420105 9.446612602156057
frame0162.jpg 0.02287370498611297 0.06575787663354737 9.975480059928348
frame0163.jpg 0.02248858059519741 0.07156815050082234 10.550141036184106
frame0164.jpg 0.02335527146668872 0.07633700425572737 11.317491531347065
frame0165.jpg 0.025087643025221124 0.08054792213872987 11.914581683817675
frame0166.jpg 0.02683255882326216 0.08473028984393281 12.694503265003505
frame0167.jpg 0.029007197061729183 0.08868104246969966 13.433263539290152
frame0168.jpg 0.029593146043335107 0.0938536443192656 13.818573474649682
frame0169.jpg 0.031795664048714166 0.09750167763000683 14.343658606250298
frame0170.jpg 0.03119977310382905 0.1031991190895856 15.009721493760937
frame0171.jpg 0.03067427737153993 0.10352475234319897 15.07487859882998
frame0172.jpg 0.03223459669954524 0.10796674098056634 15.682451216184225
frame0173.jpg 0.03175375221983345 0.11891310004082675 17.194367633444145
frame0174.jpg 0.033077514760447534 0.12330861824381095 17.82271716671098
frame0175.jpg 0.034362056411690205 0.12793521298019309 18.42588511177412
frame0176.jpg 0.0333371112177842 0.13354950722444187 18.885197554044346
frame0177.jpg 0.034506426854506236 0.13782141315271404 19.46622073872599
frame0178.jpg 0.036791996051098216 0.14164996892048992 20.16202115838368
frame0179.jpg 0.0365383922021835 0.14672788764689768 20.848920012561546
frame0180.jpg 0.03604779770962497 0.15163258168169624 21.59502243101751
frame0181.jpg 0.037079505052622516 0.155654994401064 22.367158707643537
frame0182.jpg 0.03652473436472998 0.16071352460181645 22.907787010993342
frame0183.jpg 0.03649240195667495 0.1652465411353826 23.467636996867647
frame0184.jpg 0.03623763949337674 0.17009048569663707 24.099539998937736
frame0185.jpg 0.03625875165383735 0.17473515923594168 24.82012940769821
frame0186.jpg 0.036422509748098235 0.17929075744491768 25.53587647390292
frame0187.jpg 0.0367367346931369 0.18393818931554076 26.29789867330824
frame0188.jpg 0.03762138002141409 0.1882385316993141 26.714766471091885
frame0189.jpg 0.03704255789153167 0.193196537329456 27.679836529261216
frame0190.jpg 0.03568906546419606 0.19852093047443264 28.22192189607382
frame0191.jpg 0.03508234156564019 0.20318518317453227 28.758895207722308
frame0192.jpg 0.034343725347210814 0.20820033699617455 29.382573293225946
frame0193.jpg 0.03498251003561112 0.21257452532199436 29.90540996839734
frame0194.jpg 0.033997642045773005 0.2175513559580492 30.878337147145967
frame0195.jpg 0.03409211039464309 0.21750671654851544 30.876337010231676
frame0196.jpg 0.03321511836179596 0.22225082884623854 31.62062134444573
frame0197.jpg 0.029651952768115844 0.2318494529114045 33.30307941811587
frame0198.jpg 0.030075265337590137 0.23546531973434245 33.660867218759705
frame0199.jpg 0.030185211034846383 0.23893962749663664 34.3935855235019
frame0200.jpg 0.028253254291557464 0.2433882543141664 34.93485996060931
frame0201.jpg 0.02780006229676284 0.24748342147357602 35.632891961868154
frame0202.jpg 0.026205891791816663 0.2518112222121378 36.43317059036696
frame0203.jpg 0.025606732095249 0.25555405399194 37.17371620726709
frame0204.jpg 0.023972384977501787 0.2596622587663391 38.06395707775216
frame0205.jpg 0.02238934294190384 0.2635045767542821 38.69886606911923
frame0206.jpg 0.02092871315381399 0.2675447711874866 39.39692941458076
frame0207.jpg 0.018621642369084243 0.2720155417530656 40.094801943568065
frame0208.jpg 0.01937052112964788 0.2751219247324083 41.02263812749677
frame0209.jpg 0.018484870793673863 0.2792310557027818 41.53878709666711
frame0210.jpg 0.015482561346032209 0.28413195584157275 42.374986537417385
frame0211.jpg 0.014394553498793513 0.2884829281336817 42.81450746479732
frame0212.jpg 0.012383521742285077 0.29336850333295283 43.275087073967335
frame0213.jpg 0.011977181939314713 0.29735104649685484 43.88527961539256
frame0214.jpg 0.007738002711232761 0.3025667757608547 44.708826549087306
frame0215.jpg 0.008110181759756363 0.30656524473618185 47.0497682795324
frame0216.jpg 0.004730276460338939 0.3115507717325824 45.447999195203934
frame0217.jpg 0.002373430132499105 0.3160761991835289 46.726409635227434
frame0218.jpg 0.00199755443604685 0.32010024086081745 48.66356379927527
frame0219.jpg 0.0019787584752277987 0.3201039399623624 48.667498806058674
frame0220.jpg -0.006960569226811071 0.3258522092831482 47.65097209201437
frame0221.jpg 0.0062221002177216276 0.3289721503680838 48.780821303471406
frame0222.jpg -0.004303568259024254 0.3349105225377874 49.60077601311288
frame0223.jpg -0.008848138107201559 0.3397616788416709 51.956472876187576
frame0224.jpg -0.010470718286048758 0.3435561774239234 50.932813148862465
frame0225.jpg -0.01217562544799225 0.3472230023151578 51.73664844163535
frame0226.jpg -0.014830828418068903 0.3510991210166922 52.346931865890795
frame0227.jpg -0.017814134382573205 0.3547886722254505 53.275492211149775
frame0228.jpg -0.018498178980881214 0.3580213689959423 53.83207693155055
frame0229.jpg -0.017818463963332976 0.3611688258904603 54.42212981076498
frame0230.jpg -0.02398914017043313 0.365667741734068 55.040304738970356
frame0231.jpg -0.024417495188717497 0.3689765545062481 55.81587486450968
frame0232.jpg -0.026212408464818343 0.3722248122343865 56.53321053046916
frame0233.jpg -0.030377227873749687 0.3762444269655373 59.23191186278152
frame0234.jpg -0.033356472634140516 0.3797516158819535 58.02429591819974
frame0235.jpg -0.0351063457868489 0.3832575426941569 58.54271104817215
frame0236.jpg -0.03924250438240251 0.3872373771672724 59.40576952772731
frame0237.jpg -0.04035938584608939 0.3905561333952674 59.83875983067579
frame0238.jpg -0.0437103493277384 0.39449368998297896 60.67896579302372
frame0239.jpg -0.04630934275256102 0.3982040278914459 61.332776057518
frame0240.jpg -0.04853360643993965 0.40161977445413294 62.070685809598274
frame0241.jpg -0.05208118704704878 0.4050804227076227 65.34265788743333
frame0242.jpg -0.05441533782067781 0.4080367681406126 63.356809849953315
frame0243.jpg -0.05647980762940308 0.4114625989994639 66.4067925960087
frame0244.jpg -0.06057556490197937 0.4147283763422497 64.53463347352915
frame0245.jpg -0.06348496235669635 0.417896276364665 65.26667729835879
frame0246.jpg -0.06699806868802187 0.421104633928152 65.90464486510757
frame0247.jpg -0.06970980776728586 0.424186537009198 66.7431945887293
frame0248.jpg -0.07242217970346351 0.4274859249897022 67.23821081950531
frame0249.jpg -0.07653666477931059 0.43072209286941465 67.72222365351746
frame0250.jpg -0.07767209817839146 0.43388045410429465 68.4357981546008
frame0251.jpg -0.08290031091266857 0.4372895831501145 69.14495316369444
frame0252.jpg -0.08723842211135407 0.4405769326780794 69.7027761746101
frame0253.jpg -0.08969329312758623 0.4438155685023575 70.16002897706774
frame0254.jpg -0.09396029895430066 0.4472162364199029 70.88742303263614
frame0255.jpg -0.0965902903259686 0.4504450996560878 71.48154683223444
frame0256.jpg -0.10102335805553522 0.4532844575107828 72.36480737369831
frame0257.jpg -0.1055027137844974 0.456442380104173 73.15236141440448
frame0258.jpg -0.10854907211449864 0.4594259250160006 73.91535707068034
frame0259.jpg -0.11139001996361986 0.4622241286969423 74.53937654697634
frame0260.jpg -0.1154324015447235 0.4649245097623112 74.97044938811798
frame0261.jpg -0.11878810214110565 0.4679363371776191 75.69201517709836
frame0262.jpg -0.1217029894824498 0.470811211743112 78.6074170384652
frame0263.jpg -0.1248039006547396 0.4736872440883573 77.02919465570886
frame0264.jpg -0.12277592240563355 0.4761792575537777 77.579544019321
frame0265.jpg -0.1250212102857807 0.4787595766756047 78.13258387107982
frame0266.jpg -0.13529701550019568 0.4810231911342261 79.08062586979847
frame0267.jpg -0.13543240391052566 0.4810290853162297 79.07444366979597
frame0268.jpg -0.13952875756279573 0.4835352233870116 79.84139565374251
frame0269.jpg -0.1467163031484569 0.4884122465427365 81.01065225591586
frame0270.jpg -0.14907593861588778 0.4904363165787382 83.68386969122169
frame0271.jpg -0.15220904089256782 0.4923250200236137 82.45519600610967
frame0272.jpg -0.1573261265466122 0.4942059808084387 83.02754890754912
frame0273.jpg -0.16066824040275388 0.4962392051883751 83.7173279899636
frame0274.jpg -0.16408216337095266 0.4983145841292886 84.42475049438694
frame0275.jpg -0.16920726571846922 0.5003714376952882 85.15110220778536
frame0276.jpg -0.1728827969162402 0.5028496008851713 85.6262197043225
frame0277.jpg -0.1779929344396177 0.5052014563589983 86.63574471671413
frame0278.jpg -0.1806119482831053 0.5074179637983007 87.08513031249845
frame0279.jpg -0.18511945984548325 0.5091365305867266 87.5287094955228
frame0280.jpg -0.1901504469425181 0.5109755401196656 88.22654201042879
frame0281.jpg -0.19518288139069687 0.5128608601053234 89.06287922877979
frame0282.jpg -0.19836137175180488 0.5148147340876549 89.64555710392045
frame0283.jpg -0.20368072312086405 0.5168462963856857 90.31865536126982
frame0284.jpg -0.20875602166193616 0.5187046466976105 90.85206936023523
frame0285.jpg -0.21189079575878528 0.5207735582512302 91.59521801015957
frame0286.jpg -0.21778837168271595 0.5224260943352093 92.37600929702083
frame0287.jpg -0.22138362968922126 0.5244108012225885 93.95338505962302
frame0288.jpg -0.22640012732206105 0.5259884309299393 94.76398263437132
frame0289.jpg -0.23122046123824705 0.5274512162032345 93.77240434874462
frame0290.jpg -0.2348879647940411 0.529438320721016 94.34657254064207
frame0291.jpg -0.23485708947622094 0.5294457480132173 94.34302011189884
frame0292.jpg -0.23983080316888236 0.531029329548603 96.45823713034494
frame0293.jpg -0.2497160308885208 0.5337964447230075 95.86917547005724
frame0294.jpg -0.25495608888121035 0.5352507458422346 96.6600766518797
frame0295.jpg -0.2576580773420146 0.5371537262707046 96.81031951097927
frame0296.jpg -0.2641916910530054 0.5382694918938602 97.558022252009
frame0297.jpg -0.26920903500009624 0.5395466797104139 98.10706472285366
frame0298.jpg -0.2735360703315436 0.5409807235547941 98.53353991071712
frame0299.jpg -0.2750078297752803 0.5431443175405695 99.04196500702312
frame0300.jpg -0.2826629208889821 0.5434568596389641 100.81543688603836
frame0301.jpg -0.2857556819235648 0.545021146473721 99.99070359657424
frame0302.jpg -0.2938622647833221 0.5452008308046206 100.57585176957714
frame0303.jpg -0.2999859992756445 0.5459524673098336 101.1567407626263
frame0304.jpg -0.3038133445445556 0.5469197103958124 102.6530013308951
frame0305.jpg -0.3098133270045289 0.5473841638014278 102.09412274836052
frame0306.jpg -0.311804221039486 0.5492184361807513 102.35091547415114
frame0307.jpg -0.3187961304133897 0.5496773676355751 102.73336048755041
frame0308.jpg -0.32191429335435184 0.5508174937963384 103.19673510361288
frame0309.jpg -0.32977415195793325 0.5506041273946176 104.21778021164735
frame0310.jpg -0.3330256691679834 0.5519516394514156 105.37780786964977
frame0311.jpg -0.3378632150679749 0.5524250546636443 104.99471415407324
frame0312.jpg -0.3447228494748643 0.552212975514792 105.80915275645832
frame0313.jpg -0.3483657917701173 0.5531827104227091 105.96697978191021
frame0314.jpg -0.35476444404634866 0.5530062457598386 106.76290633206696
frame0315.jpg -0.35470881935084114 0.5530278558348083 106.77084308774107
frame0316.jpg -0.3597768675601885 0.5536702388167289 107.34665429327808
frame0317.jpg -0.3695980024023719 0.5544090340737483 108.55141102467762
frame0318.jpg -0.3738806935129118 0.5550190242967845 109.19341032163216
frame0319.jpg -0.3793467292287148 0.5555231815172605 109.93233916253617
frame0320.jpg -0.3838790767013913 0.5562086371841379 110.33615789325829
frame0321.jpg -0.389398433119863 0.5563492370392832 111.09558512321584
frame0322.jpg -0.3941086208868636 0.5566694857046128 111.85377560231987
frame0323.jpg -0.3981586130352972 0.5571304915738622 112.26398947268085
frame0324.jpg -0.4034754673771507 0.556989795184772 113.18427424183257
frame0325.jpg -0.40758459296680105 0.5573409217723576 113.8390448985868
frame0326.jpg -0.4133114653528168 0.5570687605518396 114.07222549524366
frame0327.jpg -0.416899588101577 0.5578386952066848 114.71653729436694
frame0328.jpg -0.4218955388008169 0.5580251830667365 115.32435420964993
frame0329.jpg -0.4273264952461784 0.5579603486056897 116.21334837833864
frame0330.jpg -0.432374316241501 0.5576680314371225 116.88607915305354
frame0331.jpg -0.43662933157936457 0.5576783211510429 117.22489604750221
frame0332.jpg -0.441748882026052 0.5572775649676098 117.89238106138157
frame0333.jpg -0.44658797874280254 0.5564009035638275 118.84506462653738
frame0334.jpg -0.4507225188674788 0.5559964702625668 119.45618191485129
frame0335.jpg -0.4549263057791673 0.5558291801787868 120.02887014461338
frame0336.jpg -0.4598192632705218 0.554747936081837 120.99842779466928
frame0337.jpg -0.4640987415917077 0.5540637413443941 121.2868850381484
frame0338.jpg -0.468320216695404 0.5535990853938777 122.0225828557764
frame0339.jpg -0.4682235026640765 0.5537328112269746 121.8318326690748
frame0340.jpg -0.4720674892378042 0.5536400341393692 122.58780949064638
frame0341.jpg -0.4771028664630047 0.5527649192209491 123.48207407723184
frame0342.jpg -0.4872846948318164 0.5510977258923512 124.58615808344642
frame0343.jpg -0.4919136062652816 0.5506105933578795 125.13240120123274
frame0344.jpg -0.4971048605033245 0.5494403525607393 125.94459301813393
frame0345.jpg -0.5018473460617633 0.5484247730805418 126.43834366733068
frame0346.jpg -0.5061625461053249 0.5476667128148462 127.18916340965332
frame0347.jpg -0.5110876608866861 0.5461199984024843 127.78553541805422
frame0348.jpg -0.5156447293406302 0.5453428001422878 128.49349833658883
frame0349.jpg -0.5201357147191088 0.5440418744794356 129.2615514720904
frame0350.jpg -0.5245212324626917 0.5430688200712354 130.21299787650312
frame0351.jpg -0.5291331882758028 0.5421476748908217 130.47831607534712
frame0352.jpg -0.5332125032507281 0.5409897515702967 131.3049610928279
frame0353.jpg -0.5377886514540443 0.5387043054519842 131.9667819870039
frame0354.jpg -0.5416356647907562 0.5377260036154078 132.5332320675177
frame0355.jpg -0.545578438464632 0.5365891563535615 133.17564264357532
frame0356.jpg -0.5495306093519233 0.5346356943437154 133.9632610075218
frame0357.jpg -0.5532172415807067 0.5332389618885189 134.6697658936672
frame0358.jpg -0.5572078457537832 0.5311052679464292 135.23538612903664
frame0359.jpg -0.5610187778623082 0.529445538773019 135.57584889506003
frame0360.jpg -0.5650241134752975 0.5275152504862903 136.53301481207114
frame0361.jpg -0.5686395541671189 0.5255988626753494 137.75942815930168
frame0362.jpg -0.5723639910415451 0.5240048737749468 138.6279609461671
frame0363.jpg -0.5771356219770057 0.5219233287814744 138.80063195839728
frame0364.jpg -0.5813195715565969 0.5200941809713909 139.3603640186033
frame0365.jpg -0.5813272244492899 0.5200955002649889 139.30209448843019
frame0366.jpg -0.5851777484986452 0.5183357989351025 140.1112102284604
frame0367.jpg -0.5946653916494087 0.5142411489149497 141.1162245455135
frame0368.jpg -0.5989543249866373 0.5118762932827592 141.75421286127911
frame0369.jpg -0.6030490515903881 0.5096368857451823 142.6235474044095
frame0370.jpg -0.6078928723958194 0.5074150093679957 143.23033972402663
frame0371.jpg -0.6120345892915033 0.5045109914938548 143.63331595499324
frame0372.jpg -0.615864071140575 0.5020482850051425 144.81297093259332
frame0373.jpg -0.6200295862234599 0.4994148945350306 144.98119551015023
frame0374.jpg -0.6237989101868566 0.4971271851697649 145.7796476373974
frame0375.jpg -0.6284231145555579 0.4942835505146366 146.4803297401982
frame0376.jpg -0.6321286876602382 0.4917078664993237 147.5469490462751
frame0377.jpg -0.6365734471590411 0.4890753730958521 147.74482289443776
frame0378.jpg -0.6403257166422998 0.4864295389825914 147.9746433727467
frame0379.jpg -0.6442962819083515 0.4838796190680321 148.98798615906242
frame0380.jpg -0.6485771474383812 0.4807760180834054 149.64135547207525
frame0381.jpg -0.652190457294167 0.47799133069486 150.30555389216562
frame0382.jpg -0.6565666629140136 0.4750546104154967 150.21290642512918
frame0383.jpg -0.6605266867652575 0.4723092810016182 150.59006214883217
frame0384.jpg -0.6641729472997071 0.4693086282057874 151.28058846512218
frame0385.jpg -0.6676660530025891 0.4663518990559183 152.15926527512406
frame0386.jpg -0.6720620893120309 0.4636360681464885 153.21167299171216
frame0387.jpg -0.6721011357014804 0.4636478886594242 153.2270576280204
frame0388.jpg -0.6747646188991733 0.4609563107911802 153.96318217241102
frame0389.jpg -0.6823027765134944 0.454716024665532 154.74284096301398
frame0390.jpg -0.6868131277487388 0.4518754941509355 156.02154658656522
frame0391.jpg -0.6891397906481931 0.4490409857980896 156.88073358062275
frame0392.jpg -0.6927217906444004 0.4459955780199583 157.27722064152368
frame0393.jpg -0.6968162641559358 0.4424609074616909 158.1842084480234
frame0394.jpg -0.6995657415047969 0.4394042847359727 158.3179645363933
frame0395.jpg -0.7022947663076939 0.4363576901176526 158.87326616408262
frame0396.jpg -0.7064601699941819 0.4331268173323131 160.29534055783085
frame0397.jpg -0.7090551243264952 0.4298590867633548 160.92728631958025
frame0398.jpg -0.7109415673475218 0.42706737646283705 161.75934347089282
frame0399.jpg -0.7138495903613158 0.4235219798309429 161.52363666666142
frame0400.jpg -0.7172753343550811 0.4198975878864956 163.13969033916877
frame0401.jpg -0.7199913127784748 0.4166003792919958 163.8925792979224
frame0402.jpg -0.7232656142697429 0.4128813410337998 164.38029622211823
frame0403.jpg -0.7259567469065877 0.4094033344831043 164.61951475868642
frame0404.jpg -0.7289787037431874 0.4055032188459369 165.5132030583796
frame0405.jpg -0.7309757164057872 0.4023593813630877 165.9339608685991
frame0406.jpg -0.7340704730989472 0.3985272799684509 166.7291531579595
frame0407.jpg -0.7382489490675287 0.39391824187561497 167.20382331565602
frame0408.jpg -0.7410241015198178 0.3899583887412607 168.0137739979799
frame0409.jpg -0.7425628463235125 0.3871790795073912 168.85810044897582
frame0410.jpg -0.7465930152214865 0.382238422512956 169.5465312560175
frame0411.jpg -0.7476281848422415 0.3790973319886293 169.84667167891317
frame0412.jpg -0.7509285210702479 0.3746955449521188 170.60977606559103
frame0413.jpg -0.7536719484550897 0.3704991648317655 170.42135488891438
frame0414.jpg -0.7561937047907714 0.3664413999230101 171.25918316266598
frame0415.jpg -0.7606200081590252 0.3613638151799313 172.7636648154417
frame0416.jpg -0.7607422944484339 0.358290192736115 172.3954720691501
frame0417.jpg -0.7640421804997233 0.3543078057990876 173.98611099499382
frame0418.jpg -0.766231943267512 0.35061221144097776 174.61252524611515
frame0419.jpg -0.76891555108427 0.34588967219441924 174.6006650753178
frame0420.jpg -0.7711648301685327 0.3420904317769584 175.83709840486665
frame0421.jpg -0.7739720393163383 0.3379055588282762 176.44680434270748
frame0422.jpg -0.7756722875596606 0.33371230713009875 177.2594952442095
frame0423.jpg -0.7786322369787174 0.32904692349914066 178.10210813462604
frame0424.jpg -0.7793656923819154 0.3257070221045804 178.65150244362718
frame0425.jpg -0.7807057573924434 0.3220664231833754 179.06496325181666
frame0426.jpg -0.7847554534288186 0.31600551923982034 179.7927910291235
frame0427.jpg -0.7845194268694522 0.3133686251651777 180.18056857641616
frame0428.jpg -0.7868389401709452 0.30879502788019564 180.48796625350928
frame0429.jpg -0.7878080733797446 0.3053642234928809 180.71771702330693
frame0430.jpg -0.7897729038157948 0.3007300042281153 181.36159790590716
frame0431.jpg -0.7911084589500145 0.2967160039825396 182.04693535672973
frame0432.jpg -0.7936911925721352 0.29170776440888824 183.30976559595416
frame0433.jpg -0.7961801739360858 0.2863043397680284 183.94109259372837
frame0434.jpg -0.7997791566444791 0.27988793984077154 184.8072558683121
frame0435.jpg -0.8003870877459743 0.27934612493220057 184.75127807243697
frame0436.jpg -0.8004140611740507 0.27600839612952915 185.29551203141233
frame0437.jpg -0.8006239558149566 0.27255903039162777 185.62070223103345
frame0438.jpg -0.8031315724659976 0.2630698972888298 186.36617824700298
frame0439.jpg -0.807383575272843 0.2557174463204482 188.0009794975494
frame0440.jpg -0.8068567944851143 0.25331938053141 187.9822560181761
frame0441.jpg -0.8077984272581729 0.2484769844768417 188.24859547778584
frame0442.jpg -0.8084093833197281 0.2438718566734142 188.56465250441883
frame0443.jpg -0.8089367773802958 0.2397263389474103 189.27729369185815
frame0444.jpg -0.8099051596657955 0.23488471255170995 189.6724203805172
frame0445.jpg -0.8120387804790772 0.2291164457785474 190.47227952963507
frame0446.jpg -0.812642977840486 0.22438474649564444 190.76309193725302
frame0447.jpg -0.8134681689441796 0.21981819500411395 191.68616660289
frame0448.jpg -0.8142811133014374 0.21487889073284785 192.22350057166312
frame0449.jpg -0.8146834708275523 0.21059634894380855 192.75689244343272
frame0450.jpg -0.8155082324333687 0.20643566116331455 193.50902281910413
frame0451.jpg -0.8205838844684009 0.1967615728145003 194.85259799160306
frame0452.jpg -0.8195976979001072 0.19369800716927504 195.488288888796
frame0453.jpg -0.8174305917123184 0.1927281090680292 195.39356515162655
frame0454.jpg -0.8179221568138275 0.18832695145035996 195.93415496208766
frame0455.jpg -0.8187862421830026 0.18271343065145945 196.6086251202332
frame0456.jpg -0.8203877552495398 0.17724610603848645 197.20575477627
frame0457.jpg -0.8204661850804205 0.17333425848386202 197.64965688374372
frame0458.jpg -0.8214372604074966 0.16742022024130027 198.38933230078854
frame0459.jpg -0.8218183416916609 0.16695196530603468 198.4912582015339
frame0460.jpg -0.8220067621967491 0.16302539977109806 199.15171818226293
frame0461.jpg -0.8230539629985056 0.15364123835319682 200.61162608850722
frame0462.jpg -0.8235417103910359 0.14884425417296082 201.49033049830214
frame0463.jpg -0.8228579264506288 0.14492708795499898 201.67324790909842
frame0464.jpg -0.8227699369811234 0.14065486686850642 202.25520175339244
frame0465.jpg -0.8236236987572481 0.13492125567572685 202.65760614583397
frame0466.jpg -0.8220327255614217 0.1318304471143929 203.3469664079653
frame0467.jpg -0.8227616477720512 0.12660540435859807 204.10810296506816
frame0468.jpg -0.8229125016144028 0.1215176692938259 205.0327554712305
frame0469.jpg -0.8228538049263148 0.1166538736419997 205.80238679097585
frame0470.jpg -0.8220090956142834 0.11262293456984235 206.28469611140343
frame0471.jpg -0.8212609719432438 0.10820443011043657 206.93461210030037
frame0472.jpg -0.8208304967999449 0.10363489836960854 207.76891400622185
frame0473.jpg -0.8213114062039282 0.09773679841308247 208.4542631416368
frame0474.jpg -0.8201911964973392 0.0935912835985373 209.02253651349997
frame0475.jpg -0.8199844025273363 0.0888254101344122 209.7652379732666
frame0476.jpg -0.8203106413882 0.08326477840232915 210.5093815315943
frame0477.jpg -0.8188888759910009 0.07912842737007525 210.98456149968465
frame0478.jpg -0.8179794564000804 0.0744270009579554 211.6396380155888
frame0479.jpg -0.8177198772829268 0.06917662251991408 212.2173706701921
frame0480.jpg -0.8167822347024998 0.06474603566001247 212.87715092993804
frame0481.jpg -0.8169301303389095 0.058443217919881774 213.73998079635143
frame0482.jpg -0.8153931259169629 0.05493103580556597 214.20778764318382
frame0483.jpg -0.8158968300213141 0.04867629774992144 215.2246232996372
frame0484.jpg -0.8142658774805515 0.045614445101930017 215.79280886768356
frame0485.jpg -0.8141844386109309 0.045798360783518836 215.77538979848157
frame0486.jpg -0.8132281199928499 0.040723433792902 216.40119752499962
frame0487.jpg -0.8107741817686861 0.03283629302673874 217.57960583347142
frame0488.jpg -0.8098327981306694 0.028275719014512483 216.76992757758816
frame0489.jpg -0.8093248513813671 0.02274169983299468 218.84237657073444
frame0490.jpg -0.8070433687364109 0.019843304940891315 219.75332550048728
frame0491.jpg -0.8050734252110321 0.01676491115573736 220.5555078380683
frame0492.jpg -0.8040373688006056 0.012205308908768864 220.9847439879049
frame0493.jpg -0.8032676233532813 0.006078690109125595 221.5958129288965
frame0494.jpg -0.8005446799691749 0.003429474707478841 222.308048155961
frame0495.jpg -0.7996051094453986 -0.0017088922428488695 222.89126834582518
frame0496.jpg -0.7975671874411809 -0.005452790670436747 223.52882645517516
frame0497.jpg -0.7974468477887156 -0.013155690848382251 224.15551770997035
frame0498.jpg -0.7927460906659911 -0.011593275724083474 224.8991771813634
frame0499.jpg -0.7929059876186835 -0.02010468005266769 225.48765192832283
frame0500.jpg -0.7902752024095199 -0.023662372594505654 226.00646246628932
frame0501.jpg -0.7898266554585944 -0.031470742633726845 226.74407098361675
frame0502.jpg -0.7861232698092229 -0.034356190577790664 227.43680601209462
frame0503.jpg -0.784145148707891 -0.03765991651304768 227.6238233050048
frame0504.jpg -0.7807989425956373 -0.037150756448456716 229.0003027928616
frame0505.jpg -0.7789927590969203 -0.037917838075318566 228.94552678841546
frame0506.jpg -0.7783906266001692 -0.04032632566318395 229.0331627852892
frame0507.jpg -0.7785493776274167 -0.0408574247180753 229.19356817748172
frame0508.jpg -0.7785077193736061 -0.04350379639838586 229.9185962499941
frame0509.jpg -0.7756675123291559 -0.037939230853062 229.66892639066697
frame0510.jpg -0.7759646895137389 -0.03968435929782616 230.04848026584614
frame0511.jpg -0.7755153037495811 -0.038591494236917816 229.91216145959672
frame0512.jpg -0.7762928697762026 -0.0403177767613786 230.04142224773412
frame0513.jpg -0.7757153342963758 -0.03901229172652898 230.15771807399108
frame0514.jpg -0.7754004925688085 -0.03807349623930517 229.896392312886
frame0515.jpg -0.775386959894373 -0.03805656966717835 229.8760784073637
frame0516.jpg -0.7756596094031862 -0.0388663844148861 229.94931024884175
frame0517.jpg -0.7756652883813241 -0.03887666697325454 229.94503369435574
frame0518.jpg -0.7755060900746551 -0.038414818963335984 230.01197653531185
frame0519.jpg -0.7755630942727799 -0.03857339588274794 229.9418427608657
frame0520.jpg -0.7755629888471449 -0.038574178955439686 229.9405916347535
frame0521.jpg -0.7754589572545625 -0.038316174298130716 229.972652299204
frame0522.jpg -0.7754637159555888 -0.03834284266870575 229.95999551521163
frame0523.jpg -0.7754637159555888 -0.03834284266870575 229.95999551521163
frame0524.jpg -0.7754355910469057 -0.03825504271596564 229.97548456908757
frame0525.jpg -0.7754949736695032 -0.038408838640341336 229.93361694139838
frame0526.jpg -0.7755314635014278 -0.038527124363980536 229.92481966858227
frame0527.jpg -0.7753879529370733 -0.03816232345840875 229.95232136544124
frame0528.jpg -0.7753879529370733 -0.03816232345840875 229.95232136544124
frame0529.jpg -0.7753879529370733 -0.03816232345840875 229.95232136544124
frame0530.jpg -0.7753874234638594 -0.0381540628774884 229.94420163593853
frame0531.jpg -0.7753874234638594 -0.0381540628774884 229.94420163593853
frame0532.jpg -0.7753808741577389 -0.0381342490232946 229.94265629306136
frame0533.jpg -0.7753752748959776 -0.038117732560324184 229.938566214583
frame0534.jpg -0.7752654423121428 -0.03776942210770795 229.89704540998704
frame0535.jpg -0.7754572553414476 -0.03832680028838525 229.9184722697924
frame0536.jpg -0.775409622184138 -0.03817621976552837 229.92460284440463
frame0537.jpg -0.7755108008608613 -0.0383676892207922 229.90514917572415
frame0538.jpg -0.7755152562942305 -0.0383945576424245 229.9611824097799
frame0539.jpg -0.7754902773119086 -0.038315219743852935 229.9609938411101
frame0540.jpg -0.7754886470456375 -0.03800963067375146 229.8000922104583
frame0541.jpg -0.7754081840236681 -0.03795545198145106 229.80859503938592
frame0542.jpg -0.7754075830324824 -0.037954564836784936 229.8101308502754
frame0543.jpg -0.7753959326621904 -0.03792325278896863 229.80111417022425
frame0544.jpg -0.7754173355218006 -0.037975179597314335 229.8020272071533
frame0545.jpg -0.7755522413964713 -0.038416943433184025 229.8233647933114
frame0546.jpg -0.7754518048903822 -0.0380624945171098 229.83407247381038
frame0547.jpg -0.7754486602393915 -0.038049000944480826 229.83213852346248
frame0548.jpg -0.7754350641659917 -0.03801385736004004 229.83121267108638
frame0549.jpg -0.7754004464574014 -0.03792964531955545 229.82027546754705
frame0550.jpg -0.7754024135652229 -0.037925772076007065 229.83080205958683
frame0551.jpg -0.7752966164733746 -0.03776041549391823 229.81727951367242
frame0552.jpg -0.7753397129252596 -0.03780130251877234 229.81376566870938
frame0553.jpg -0.7753161038774743 -0.03773815951324794 229.80721725038384
frame0554.jpg -0.7753198401398399 -0.03778985631564119 229.801939033474
frame0555.jpg -0.7753264509180008 -0.037808596938392565 229.7973888534241
frame0556.jpg -0.7753520095507433 -0.03786952791597503 229.79538122346656
frame0557.jpg -0.7753457190994821 -0.03783513338061262 229.81240839128276
frame0558.jpg -0.7753401798284583 -0.037959265301937495 229.7263352774401
frame0559.jpg -0.7752072201675637 -0.0375042605130097 229.75745334392914
