frame0000.jpg 0.0 0.0 -0.0
frame0001.jpg -0.0007843095127720709 0.0002724353607318164 -0.09217460501894346
frame0002.jpg -0.0008759293431581883 0.0002487546478598618 0.0989174209748198
frame0003.jpg 0.015966792943918066 -0.005441639491769425 -0.5366571544696477
frame0004.jpg 0.015966792943918066 -0.005441639491769425 -0.5366571544696477
frame0005.jpg 0.015966792943918066 -0.005441639491769425 -0.5366571544696477
frame0006.jpg 0.0036060279441566243 -0.0013013559605645972 -0.7511719724214433
frame0007.jpg 0.021522128772654504 -0.007256098538978806 -0.9009391811881526
frame0008.jpg -6.930544458749692e-05 -1.858353411028509e-05 0.08236779669809964
frame0009.jpg 0.00037305456279961865 -0.00018068299077373827 0.08320178009849474
frame0010.jpg 0.00037305456279961865 -0.00018068299077373827 0.08320178009849474
frame0011.jpg -1.3987222289887576e-05 -2.8537134117382617e-05 0.028767058882278557
frame0012.jpg 0.0018753730487775812 -0.0007213910059287338 -0.6492379567688575
frame0013.jpg 0.0005080605998347786 -0.0002137952596041173 0.015716129405224016
frame0014.jpg 0.00043089623989803286 -0.00017451161644721337 -0.04065890746665474
frame0015.jpg 0.0007196858910654228 -0.00026316674406507047 -0.03250247276573235
frame0016.jpg 0.0007209870922072576 -0.0002636714332186839 -0.03229596356205721
frame0017.jpg 0.0007209870922072576 -0.0002636714332186839 -0.03229596356205721
frame0018.jpg 0.0006554406303024934 -0.0002599903570939985 -0.035059530059489995
frame0019.jpg 0.00044063643653319387 -0.0001925239668240018 -0.006772031076521756
frame0020.jpg 0.0003505705747943868 -0.00016655947630205944 -0.04414311341796201
frame0021.jpg 0.0006758214262608305 -0.0002572914212344376 -0.012365843621302752
frame0022.jpg 0.0007182925031064707 -0.0002746809648117753 0.011197320635686427
frame0023.jpg 0.0008574701816136018 -0.00029105453078216096 0.046609611582802
frame0024.jpg 0.0012553729656375903 -0.0004884954431198572 -0.5849396646269777
frame0025.jpg -0.00010176077038948151 -2.253433740373379e-05 -0.0024468235677174927
frame0026.jpg -0.00022124436051086896 9.314264376512576e-05 0.002106322599011809
frame0027.jpg -0.000760806104230742 0.0002469473982520416 -0.124658775244442
frame0028.jpg 0.0003351683237444808 -0.0002200497813817291 -0.6821094646739518
frame0029.jpg 0.00023140699936369957 -4.5057720644391416e-05 -0.2167810893526773
frame0030.jpg 0.0030725696872174807 -0.001104994924614879 -0.7092263167156655
frame0031.jpg 0.00069425298614425 -0.0003228519634347612 -0.6866907975436264
frame0032.jpg 0.01257113949573881 -0.004241302040879098 -0.5367676692654525
frame0033.jpg -0.0007609837385475823 0.00032619070260183513 -0.20364918178403174
frame0034.jpg 0.024301085466396 -0.008153831598625238 -0.4903744079809171
frame0035.jpg 0.002186053090194443 -0.0008094239731207168 -0.7035733225962958
frame0036.jpg -0.00034499985685083423 7.781582122569857e-05 -0.5764547017999637
frame0037.jpg 0.001859713527159736 -0.0006617984522216214 -0.6209004072803153
frame0038.jpg 0.0007301301762480799 -0.00024940163308114936 0.015676954695140157
frame0039.jpg 0.00039013104347484574 -0.0001546979422389319 0.17206794307827306
frame0040.jpg -0.00029537284175094707 2.4289225709974468e-05 0.011381662696724177
frame0041.jpg 0.00031503107663493685 -0.00015781451419354982 -0.0006103175705427778
frame0042.jpg 0.0015205598538635893 -0.000631147371686955 -0.5948610723182296
frame0043.jpg 0.0006169581321171306 -0.00030667287586522 -0.6010258875319472
frame0044.jpg -0.0004312753676892784 8.726633940549243e-05 -0.05312261096081538
frame0045.jpg 0.0010742172202694194 -0.0004530219400916956 -0.6672317117479378
frame0046.jpg 0.0036689153195981297 -0.0012695440787124153 -0.6227948809525716
frame0047.jpg 0.0013266779074524813 -0.0005395219441460039 -0.5680332471386135
frame0048.jpg 0.0032993617769830033 -0.0012047543020222607 -0.7118027588704057
frame0049.jpg 0.001848382202172354 -0.0005791573779670594 -0.020233001483720075
frame0050.jpg 0.0013050908542095773 -0.0005366672662006983 -0.7327672794266952
frame0051.jpg 0.002989939561580688 -0.00107992914466315 -0.7644454917514341
frame0052.jpg 0.0007582553749836356 -0.00024701597995365246 -0.016083433624338637
frame0053.jpg 0.0035198046321197967 -0.0012301248308536502 -0.6865263149276716
frame0054.jpg 0.0002460468831288882 -0.0001043925141612225 0.04993639471599425
frame0055.jpg -8.995724581810108e-06 -2.9422484114955823e-05 0.030030360837022367
frame0056.jpg 0.0015565230359432492 -0.0005833075734519316 -0.6426332218240103
frame0057.jpg 0.002202913149524875 -0.0007882017126239024 -0.6581103661591869
frame0058.jpg 0.0006918683384983423 -0.0002133869431337128 0.2474891502056689
frame0059.jpg 0.026301218858324142 -0.008829652507205969 -0.3406180215176026
frame0060.jpg 0.0033120533507216944 -0.001107388287036918 -0.20456603919229746
frame0061.jpg 0.0018630447576067574 -0.0007124381957078519 -0.4800175288702777
frame0062.jpg -0.0003019845920880799 2.455073070653456e-05 -0.5146609154073993
frame0063.jpg 0.026921227380122845 -0.009068801142098456 -0.7566140807404407
frame0064.jpg 0.001957053509982891 -0.0007113100921411701 -0.7056567346415743
frame0065.jpg 0.001748371945195463 -0.0006405302185207941 -0.7004639273090943
frame0066.jpg 1.5040346156482654e-05 -8.686505082976378e-05 -0.6256263769674258
frame0067.jpg 0.0004357991715891396 -0.0002563637697519354 -0.6443214815333048
frame0068.jpg 0.02608608232484997 -0.008755304687696874 -0.4271633555721229
frame0069.jpg 0.027385069393502385 -0.0092221359560506 -0.4816827351757037
frame0070.jpg 0.002792378684446125 -0.0010626148859575657 -0.6686468251334118
frame0071.jpg 0.001317300339232334 -0.0005714203896490452 -0.7462611594179279
frame0072.jpg 0.00234934297898641 -0.0009033353721063734 -0.7589336048992711
frame0073.jpg -0.0013048253659930006 0.0004495568785792278 0.04042196042159687
frame0074.jpg -0.0015965713434513422 0.0005560958360758357 -0.05421224443095565
frame0075.jpg -0.0005853926753185898 9.620477228545068e-05 -0.6082842045860208
frame0076.jpg -0.0005958525815353734 0.00010018206087760352 -0.6086466416420762
frame0077.jpg 2.651125104277591e-05 -9.449577747135589e-05 -0.6523477380984278
frame0078.jpg -6.246765638189741e-05 -5.862728021653438e-05 -0.6459183838229036
frame0079.jpg 0.0007231011131670629 -0.00033794974742389707 -0.6507490330226765
frame0080.jpg 0.002558387181653104 -0.0008940951633953239 -0.6711662591181502
frame0081.jpg 0.003821152420755143 -0.0013778771674613007 -0.7727960779672933
frame0082.jpg 0.00028514961364714113 -7.274322883085561e-05 -0.19495128021912933
frame0083.jpg 0.02876444252473188 -0.009702601095161028 -0.5870571658891631
frame0084.jpg 0.0010507496829489332 -0.00039689840614018433 -0.5814715184571596
frame0085.jpg 7.31820824871682e-05 -0.00013810377918955765 -0.6618802830956134
frame0086.jpg 0.014089020953208825 -0.0047887820557880045 -0.8944761272040551
frame0087.jpg -0.000789294460776393 0.00021722603482022732 0.07713818230257667
frame0088.jpg 0.02863693950226161 -0.009624155447304996 -0.6257838373004887
frame0089.jpg 0.028638668216149743 -0.00962484875872215 -0.6256001834468297
frame0090.jpg 0.0015749665527339481 -0.0006149306704239969 -0.7687395464798307
frame0091.jpg 0.002474331664515508 -0.0008784581752022311 -0.6666695434141722
frame0092.jpg 0.002525812406971212 -0.0008974839726725657 -0.6928368721472022
frame0093.jpg 0.0008655410043620451 -0.0003591114147743416 -0.7114505878965921
frame0094.jpg 0.000908490094641876 -0.00034273683242506915 -0.6681376272591182
frame0095.jpg 0.0032398917616375234 -0.0011278173628051454 -0.7569551931484692
frame0096.jpg 0.00043197689317711065 -0.00013241521771270036 0.10658168560574677
frame0097.jpg 0.01579673322159236 -0.00534030663101322 -0.4762453437277684
frame0098.jpg 0.001534174376054172 -0.0005121766580788404 0.012141507744428251
frame0099.jpg 0.0026974404666968515 -0.000974086622517993 -0.6968930824492511
frame0100.jpg 0.0005485841499646185 -0.00021849713968884253 -0.6933634920570734
frame0101.jpg 0.00042944962372516314 -0.00017252274330871432 -0.6697079135495464
frame0102.jpg 0.003272914078184207 -0.0011472481612270211 -0.685044975942954
frame0103.jpg 0.0008979274204236754 -0.0003575878714119957 -0.7185411872551191
frame0104.jpg 0.0011283679352418286 -0.00043719993253606165 -0.6755820338322928
frame0105.jpg 0.0018764087732172207 -0.0007003039046962829 -0.726268239670018
frame0106.jpg 0.002487432943218889 -0.0009076350069341127 -0.721467605110813
frame0107.jpg -0.0005349439014246119 0.0001958968773157684 0.07257181203577055
frame0108.jpg -0.0009798131757032043 0.00034392395471452813 -0.040780530828192635
frame0109.jpg 0.001859896029494689 -0.0006562745828380343 -0.6566293401024509
frame0110.jpg 0.016177355408316094 -0.00539265081577065 -0.7165980766376681
frame0111.jpg 0.0023129088245918412 -0.0007973820873653395 -0.6836189209931063
frame0112.jpg 0.0016051779785068207 -0.0005660024669716813 -0.6744689512932612
frame0113.jpg 0.001613742412787385 -0.0005685795754702741 -0.6743982723071533
frame0114.jpg 0.001771018358859588 -0.0006225661759038774 -0.6781610832312882
frame0115.jpg 0.002179178955170721 -0.0007401355025283655 -0.6877524136346217
frame0116.jpg 0.002242315811553003 -0.0007607107641839795 -0.6904559183711704
frame0117.jpg -0.0003395200862617289 0.0001822153514026385 0.0785544231821919
frame0118.jpg 0.0017046130993216238 -0.0006096334745581932 -0.6995291909336108
frame0119.jpg 0.017076364469031418 -0.005690886604899678 -0.9125055419692925
frame0120.jpg 0.01788359322540783 -0.006058590968141903 -0.8197352564907896
frame0121.jpg 0.002804022132758623 -0.0010151106563107144 -0.7095076951554316
frame0122.jpg 0.02788429983636497 -0.00934090521534559 -0.9061356932709786
frame0123.jpg 0.02304345451454205 -0.007751632140142359 -0.7846442142891785
frame0124.jpg 0.0005575531285329649 -0.00018478336753580525 -0.13113338071361028
frame0125.jpg 0.0022381508502874107 -0.0008054018537615234 -0.6420010165625066
frame0126.jpg -0.00013660031050715218 4.9226184237410415e-05 -0.020126845095249157
frame0127.jpg 0.002701534364177284 -0.0009238369000157356 -0.6967375022772467
frame0128.jpg 0.017706968558002145 -0.005956042754252457 -0.4375377401280556
frame0129.jpg 0.01634302429626215 -0.005508098954345007 -0.4344441934024448
frame0130.jpg 0.01699909773310568 -0.0057337930031661115 -0.6772489281458205
frame0131.jpg -0.0005669529667704341 0.0001599471363631544 0.0026468704520216306
frame0132.jpg 0.01956769396367116 -0.006596143300302461 -0.7928655273818243
frame0133.jpg 0.021851707953399344 -0.0073579871710228685 -0.8344863323291382
frame0134.jpg 0.02771108989784549 -0.009283231128629143 -0.7205712473416355
frame0135.jpg 0.013901200330827037 -0.004685963020456981 -0.7171608282916251
frame0136.jpg -0.0007247682775297738 0.00025251762260973044 -0.14229587746598726
frame0137.jpg -0.0007247682775297738 0.00025251762260973044 -0.14229587746598726
frame0138.jpg 0.015604284925856459 -0.005262924715635572 -0.7044478167908013
frame0139.jpg -0.00048477106306507334 0.00016013572802278496 -0.1051461532784472
frame0140.jpg 0.0025682718121381306 -0.0009582372785800967 -0.6489210895410806
frame0141.jpg 0.019958822679791408 -0.006763098761381486 -0.6925007373814972
frame0142.jpg 0.028325135857908256 -0.009493892681858 -0.7079543151456759
frame0143.jpg -0.00019497034071002108 7.766088577411622e-05 -0.20628508329422812
frame0144.jpg 0.01289618746837827 -0.004329882726182094 0.007917063372228438
frame0145.jpg -0.0008991029750394957 0.0003077621876869549 -0.20784580435753625
frame0146.jpg 0.0020639034323595433 -0.0007699634483265964 -0.7466788564052356
frame0147.jpg 0.000680698863558529 -0.000313105908925399 -0.6885758609845457
frame0148.jpg 0.00016042753350126038 -7.0442074501445554e-06 -0.29715101627618423
frame0149.jpg 0.028785748558519 -0.009650300233978028 -0.6422798211825174
frame0150.jpg 0.0022714867550222666 -0.0008046672453588308 -0.6184272812541362
frame0151.jpg -0.00119705713430059 0.00037239532577361856 0.03911293216345207
frame0152.jpg -0.0018997019216965315 0.0006011670041242103 -0.11499420191524395
frame0153.jpg 0.01470271113785491 -0.005012531173270754 -0.6575722572278708
frame0154.jpg -0.000908595575943873 0.00025284199141962127 0.09857238108197196
frame0155.jpg 0.0011547731566192525 -0.00043873142413528986 -0.7335618680137169
frame0156.jpg 0.002318073757349902 -0.0008278640757531161 -0.7174210976663478
frame0157.jpg 0.003776199358586353 -0.0013683544340438874 -0.7718337845253108
frame0158.jpg -0.0008405474309748589 0.00025167657656948144 0.020499049292757924
frame0159.jpg -0.0005659358700370483 0.00016083823977053324 -0.09122162717570276
frame0160.jpg 0.0015074376569433248 -0.0005908951879331425 -0.7655478121297312
frame0161.jpg 0.002890526289728307 -0.0010542828629155935 -0.7928516893659177
frame0162.jpg 0.020359454316323626 -0.006848342682326907 -0.996719573495145
frame0163.jpg 0.0011660869901518429 -0.0004947808405820236 -0.7706610263110454
frame0164.jpg -0.0007405112533646501 0.00020985870249428244 0.08355955485017795
frame0165.jpg -0.0007780658055540135 0.00022352092211808976 0.1134524657885478
frame0166.jpg 0.0003850782149047416 -0.0001817308267888039 0.18921709776543832
frame0167.jpg 0.0030455793695841732 -0.0011323467844941936 -0.7193494622510309
frame0168.jpg 0.001536606965092442 -0.0006376961814340735 -0.8000617493507569
frame0169.jpg 0.00341486403766574 -0.0012670506911952636 -0.7241595368082824
frame0170.jpg 0.0009526948043343547 -0.0004388472097804774 -0.7515816119130689
frame0171.jpg 0.001661580061991756 -0.0006859214938768993 -0.7997777138925051
frame0172.jpg 0.0020490545675004683 -0.0007717162953289143 -0.7661823150874715
frame0173.jpg 0.00033389438525279304 -0.0001219769105532245 -0.5957070817131929
frame0174.jpg -0.0013076945869161672 0.0003886384525014532 -0.5531230257241726
frame0175.jpg 0.0015449820870267756 -0.0005927980448498776 -0.6989018402582864
frame0176.jpg 0.0003352184875424021 -0.00018339581074276344 -0.6181005878391294
frame0177.jpg 0.0008326069819020572 -0.00035808000476904626 -0.5245842395017488
frame0178.jpg 0.0020596239094476006 -0.0007754557844451991 -0.5395423489880546
frame0179.jpg 0.0029823515019177034 -0.0010934045414883206 -0.6031169786467967
frame0180.jpg 0.0015778694130409742 -0.000635251485554614 -0.7079964679663546
frame0181.jpg 0.0019713124021277905 -0.0007328812344326798 -0.7251239081433289
frame0182.jpg 0.0010533952529113279 -0.0004556518929887521 -0.7201969249852656
frame0183.jpg 7.540918338146444e-05 -3.1418983504452625e-05 0.036161067796737466
frame0184.jpg 0.00018793686645676423 -8.773567763582808e-05 -0.02848968082210842
frame0185.jpg 0.0032553825124939017 -0.001174440591960633 -0.7386895806401916
frame0186.jpg 2.8015202951138336e-05 -3.274089243732656e-05 0.00792015180700344
frame0187.jpg -0.00040841025592114826 0.00010760115423239708 -0.1049256272844922
frame0188.jpg 0.0006037243834067804 -0.0002565237436567523 0.0035655623386318157
frame0189.jpg 0.0023039252976555825 -0.0009045793957752346 -0.6760589924488521
frame0190.jpg 0.00134314749419835 -0.0005586066426257184 -0.5981004515504033
frame0191.jpg 0.003030826085093745 -0.0011010237201385437 -0.7308787929552489
frame0192.jpg 0.0005608939002367359 -0.00021445588677545144 -0.044567575398437434
frame0193.jpg 0.002718404876589173 -0.0009881137898599328 -0.7619403993274851
frame0194.jpg 0.0014512372040167 -0.0005847184524258103 -0.6409021169434641
frame0195.jpg 0.0023438103882347733 -0.0008741036749708664 -0.5897402463541669
frame0196.jpg 0.0003415975872039203 -0.00022532896734228864 -0.6443879549940907
frame0197.jpg 0.0007177324153266872 -0.0003307805763304495 -0.684701517565146
frame0198.jpg 0.0020171676381458416 -0.0007984414736096979 -0.6448911732213659
frame0199.jpg 0.00044043963540182685 -0.00028072790239102853 -0.6643953319247566
frame0200.jpg -0.0005189756790418939 0.00010893281521514788 0.11518714781807972
frame0201.jpg 8.011128010454837e-05 -5.173686721188637e-05 0.0037189836468835475
frame0202.jpg -0.0005030850321983398 9.930704257099716e-05 0.02125092181826004
frame0203.jpg 0.0012132922488480894 -0.0005196492519185432 -0.7246434359435607
frame0204.jpg 0.0017999824935941895 -0.0007279685571241529 -0.7118168008413913
frame0205.jpg -0.0006906685256416155 0.00018617780131041008 0.07963306330058939
frame0206.jpg -0.0008482563305765617 0.00024113301318339438 0.022017617594138474
frame0207.jpg 0.0013460533037302715 -0.000500744989870719 -0.7369708288445436
frame0208.jpg -4.6088901946345034e-05 -7.846626726307374e-05 -0.5700701292812652
frame0209.jpg 0.00012319724812353232 -0.00014013139774349576 -0.5750126100987942
frame0210.jpg 0.003343492227743903 -0.0011872332295174686 -0.6225824376499403
frame0211.jpg -0.00021926229176711976 8.177559006021229e-05 -0.16706301047021252
frame0212.jpg 0.003589662980714269 -0.0011525073836272245 -0.5192035387762147
frame0213.jpg 0.0011134118265002265 0.0018122114417580394 0.1847275095296976
frame0214.jpg 0.0005499050702638588 0.0040218086754416895 0.7808986540748781
frame0215.jpg 0.004604679100056602 0.005101542465277523 1.3630861153923364
frame0216.jpg 0.002669313616734695 0.00867490954288346 1.881018221469213
frame0217.jpg 0.005869932400824288 0.011050845921666032 2.4479793725983408
frame0218.jpg 0.007131016319931786 0.014337071327500684 2.8329158635238803
frame0219.jpg 0.00954827467603944 0.017615625275835704 3.3787632169428745
frame0220.jpg 0.009460012938970898 0.021800970803902576 3.944699123566396
frame0221.jpg 0.011891297396850029 0.02535077178039857 4.2762317487223385
frame0222.jpg 0.01465630817938294 0.02904600794432531 4.965521903889896
frame0223.jpg 0.014405535614020254 0.033817433987152264 5.6231656759475115
frame0224.jpg 0.017375463964156748 0.03771356434200808 6.290311262016994
frame0225.jpg 0.01724052005033671 0.042237788848435424 6.890191870458247
frame0226.jpg 0.019042019284834497 0.04624453457952708 7.578834198087675
frame0227.jpg 0.021287390426720745 0.05026037798974043 7.9810804149316334
frame0228.jpg 0.021011225471368758 0.05474200605276528 8.664705964286268
frame0229.jpg 0.022740751012119483 0.058924825297970634 9.249137029328564
frame0230.jpg 0.02508322751305611 0.06296253518897807 10.045086325731566
frame0231.jpg 0.026474302447948697 0.06733916964376288 10.624048358882954
frame0232.jpg 0.026681292332321232 0.07222706247518594 11.362549765293704
frame0233.jpg 0.026188090755716632 0.07234889790539417 11.315412532290615
frame0234.jpg 0.02704032059906867 0.07694152016988641 11.984337618663092
frame0235.jpg 0.030066732195955164 0.08583155986385689 13.335768920526535
frame0236.jpg 0.030390521672813506 0.09076306162843116 13.964479438578005
frame0237.jpg 0.031042915487293363 0.09526470613497276 14.629201601204072
frame0238.jpg 0.03173276786816 0.0999761598799416 15.371872661434288
frame0239.jpg 0.032578242509047985 0.10432075812236878 16.073961694293722
frame0240.jpg 0.03184961885252676 0.10889876202161088 16.868348666273665
frame0241.jpg 0.03454072131113745 0.11317311661569587 17.4106315641095
frame0242.jpg 0.03417310539495412 0.11759176530401685 18.21013536340894
frame0243.jpg 0.03338548087858971 0.1224771677413657 18.919657451453872
frame0244.jpg 0.03579878354656006 0.1266946036890294 19.570124995899874
frame0245.jpg 0.03500009430120955 0.13150981985837268 20.331290722986182
frame0246.jpg 0.03490111303780444 0.136145775516996 20.93500848237351
frame0247.jpg 0.0355685890332032 0.1406684269147866 21.50083637802995
frame0248.jpg 0.03683916722139266 0.1449934667932698 22.46400542804779
frame0249.jpg 0.0342329626109201 0.14988695286685091 22.95835753864883
frame0250.jpg 0.03589689256007459 0.15398161884520115 23.61815995567857
frame0251.jpg 0.03626640305917474 0.15856558515823246 24.22711658574198
frame0252.jpg 0.03739628740180996 0.16317600437672153 24.709344472763267
frame0253.jpg 0.03635644767422228 0.16775096482589924 25.26361610570024
frame0254.jpg 0.036319691970524905 0.17262010219687976 26.073539448228093
frame0255.jpg 0.03603167576239593 0.17765697765200533 26.632076936268906
frame0256.jpg 0.03694806480263208 0.18256320988931432 27.54230266761826
frame0257.jpg 0.037371570024607004 0.1825412373950991 27.514881688302488
frame0258.jpg 0.035635701673315215 0.1927357095415669 28.42107718143334
frame0259.jpg 0.034726621520467266 0.19786221042995628 28.7108616210466
frame0260.jpg 0.03416960680725359 0.20311625476375664 29.313338436569754
frame0261.jpg 0.032511601784320415 0.2082856368678366 29.955545336774545
frame0262.jpg 0.0319261773763585 0.21343911631570836 30.38796543363427
frame0263.jpg 0.02949787192463658 0.2187539454232084 30.91412468295064
frame0264.jpg 0.02991934490152041 0.22389504458241 31.474077127820763
frame0265.jpg 0.03042877997670547 0.2290350602712444 32.11172750873089
frame0266.jpg 0.029610082484564117 0.23426050881676225 32.578562763788874
frame0267.jpg 0.025497593736628632 0.2394503996669552 32.99824986625071
frame0268.jpg 0.026070673898006547 0.244625416896736 33.682076692835174
frame0269.jpg 0.024484418182714768 0.2495639211247101 34.339041296176326
frame0270.jpg 0.024424801471485444 0.2546145352572132 34.90778076111846
frame0271.jpg 0.022846927224196387 0.25953509169943395 35.315620518735535
frame0272.jpg 0.02227910052147516 0.2643660179723928 35.968867560478465
frame0273.jpg 0.02074464003175171 0.2693038181917413 36.727031092516654
frame0274.jpg 0.01932961419768374 0.2742898095644483 37.12993030341706
frame0275.jpg 0.0175810673945265 0.2791297692527426 37.59422617615764
frame0276.jpg 0.015798952850940434 0.28394210621973864 38.300258923201476
frame0277.jpg 0.014794808786060085 0.2887545323641403 39.031277158471696
frame0278.jpg 0.014973625843007375 0.2935791483212327 39.63123992028158
frame0279.jpg 0.013358075102114621 0.2984891096093736 40.18730386218488
frame0280.jpg 0.011651018960593076 0.3032689936760964 40.72604522145144
frame0281.jpg 0.011606249092053671 0.3032585877664912 40.730575854833
frame0282.jpg 0.011250323258150438 0.3082985587933014 41.23011590000479
frame0283.jpg 0.010523439298464693 0.3180609177513955 42.55693407016209
frame0284.jpg 0.007610759085157377 0.32309070532892725 46.91527419921132
frame0285.jpg 0.003953915137018205 0.32730244923508617 43.59765153106729
frame0286.jpg 0.0039001038887846455 0.33201278903737463 44.06740957790719
frame0287.jpg 0.0016285724010505211 0.33669717477325994 44.85744982557353
frame0288.jpg -0.0016168898325731595 0.34122980983905626 45.5550471220057
frame0289.jpg -0.002052399342185401 0.346059770541678 45.99901610997411
frame0290.jpg -0.005107304703468041 0.35021981252475165 46.95822352279045
frame0291.jpg -0.004826524970351437 0.3549777522545964 47.58752281559598
frame0292.jpg -0.006631620927836784 0.3595434511945214 48.25073077732025
frame0293.jpg -0.00882316998560001 0.3639488370565835 48.83877144861921
frame0294.jpg -0.012373805720840542 0.3677640347369793 49.42673953482245
frame0295.jpg -0.012387535528926295 0.3726669078208264 50.16236587061341
frame0296.jpg -0.01573703247940761 0.37709514200825456 54.913388651153156
frame0297.jpg -0.01849258982473298 0.38097443832548544 51.465455982668544
frame0298.jpg -0.019268760313259248 0.3853538850944209 52.098318590112235
frame0299.jpg -0.022053761859021002 0.38955109296294665 52.42140510719895
frame0300.jpg -0.02475416980728884 0.3937964469497697 53.100944744209784
frame0301.jpg -0.029602215174953424 0.3972334100181417 53.51190457256092
frame0302.jpg -0.029724954515152308 0.40182302268919023 54.56395743864708
frame0303.jpg -0.03182625630859226 0.4061824468992001 55.29967686049982
frame0304.jpg -0.0359461528852289 0.4099445060989321 55.928907433322784
frame0305.jpg -0.03592768873486982 0.4099478672626688 55.93297548823925
frame0306.jpg -0.03887992414514116 0.41356127756772776 56.2386750842781
frame0307.jpg -0.01946764954376617 0.42391004652352426 57.771218958368024
frame0308.jpg -0.045760478255614266 0.4260581468293699 62.836412494747435
frame0309.jpg -0.047349557906953055 0.4301037869283168 59.18280628291779
frame0310.jpg -0.05220155896817935 0.4333464712599774 59.512082952591065
frame0311.jpg -0.053050458283900336 0.4381078117628915 64.38257984919811
frame0312.jpg -0.05717910739449469 0.44154363669432345 61.313792554888686
frame0313.jpg -0.05588717772524665 0.4466227784952676 61.65768919790836
frame0314.jpg -0.06688249773037627 0.4472573281936898 62.37714212340305
frame0315.jpg -0.06883101066548625 0.4517831335853215 67.73651266813121
frame0316.jpg -0.06717450590586196 0.4565244642818826 63.645225493950036
frame0317.jpg -0.071113624376194 0.459998606945333 68.35188434210134
frame0318.jpg -0.07426908795864418 0.463383009129033 65.29359726476528
frame0319.jpg -0.07827846171001585 0.4667284170267264 65.68161139256685
frame0320.jpg -0.08231523882348488 0.4699821704105595 70.49013112901643
frame0321.jpg -0.08380041365606772 0.4739997525134048 67.04619661121131
frame0322.jpg -0.08767371914133162 0.4775215585197459 67.40037337299212
frame0323.jpg -0.09073365023064033 0.4813783090868939 67.9974352252689
frame0324.jpg -0.09518539997965636 0.4843204242142173 68.60712892742677
frame0325.jpg -0.0987887249927314 0.4878220222921426 73.50361951677289
frame0326.jpg -0.1001604875108218 0.4917779866572847 69.9896122666034
frame0327.jpg -0.10334555196374637 0.4956380161933957 70.43239024850881
frame0328.jpg -0.10913801635149728 0.4980918724227848 71.25125060594594
frame0329.jpg -0.10914152681617724 0.4980662655089302 71.26575756247902
frame0330.jpg -0.1112433477324429 0.5020539351873236 71.67747285057897
frame0331.jpg -0.11900379405112944 0.5087410557567503 77.00770472960026
frame0332.jpg -0.12438136927301982 0.5112418297021284 73.7973382254724
frame0333.jpg -0.12710302457450667 0.5148647275959883 74.26302817153193
frame0334.jpg -0.1300227218566913 0.5188005303405736 74.99272647457212
frame0335.jpg -0.13459287970864686 0.5216029502631128 75.60288339608859
frame0336.jpg -0.13805047139419035 0.5247651512016849 76.12200636900107
frame0337.jpg -0.14251391601409666 0.5274931481678748 76.64161136727027
frame0338.jpg -0.14403835415643532 0.5317539428671461 77.10578468127318
frame0339.jpg -0.14975887492968368 0.5338470084081861 77.64463598577677
frame0340.jpg -0.1527684916653192 0.5371742078404769 78.35663879613672
frame0341.jpg -0.15840719828887798 0.5392032000241029 79.32991185743563
frame0342.jpg -0.16219324135224433 0.542094750907132 79.87422673774657
frame0343.jpg -0.16608020883483776 0.5449291785433574 80.19449753918309
frame0344.jpg -0.16697312764345434 0.5493580737744601 80.79040155562949
frame0345.jpg -0.17337593444444427 0.5503942393169904 81.41886111106955
frame0346.jpg -0.17827628301048096 0.5525874921641545 85.78615522046907
frame0347.jpg -0.18224114725624035 0.5553906496391429 82.81491910022143
frame0348.jpg -0.1865434608807571 0.5577394781432231 83.4673611665033
frame0349.jpg -0.19003863582812847 0.5606011611810185 84.15078335581956
frame0350.jpg -0.19371418649562014 0.5636381830378747 84.72224344094496
frame0351.jpg -0.19810193073058566 0.5663838261432477 85.18240749018194
frame0352.jpg -0.2023407926043672 0.5686120239742906 88.94690872492788
frame0353.jpg -0.20061671810431211 0.5696704818256864 85.81833732457748
frame0354.jpg -0.2070947187909852 0.5705449911323869 86.5407755516202
frame0355.jpg -0.21059403767891652 0.5735576395406543 87.15483508933039
frame0356.jpg -0.21601683389780352 0.5749700287834083 87.75373306212447
frame0357.jpg -0.2245751960300854 0.579473653539331 88.95135211284027
frame0358.jpg -0.2281731871587629 0.5821304113804692 89.44338248837866
frame0359.jpg -0.2328430566938739 0.5838647821541758 92.79252419257703
frame0360.jpg -0.2373480470715845 0.5853177407355348 90.69904327952749
frame0361.jpg -0.2415135034290093 0.5875177420993203 91.42975379682696
frame0362.jpg -0.2459503235928604 0.5891964423921634 91.98537836237335
frame0363.jpg -0.2503588491567542 0.5909556009145748 92.63927609694927
frame0364.jpg -0.2459268246287101 0.6000432523246251 93.58222692444609
frame0365.jpg -0.26024036461358346 0.5936134040765124 96.21839690303028
frame0366.jpg -0.2631524829540928 0.5964228571240169 94.43967969774135
frame0367.jpg -0.26952771421201616 0.5964180812363209 94.91389319047886
frame0368.jpg -0.2721334111113931 0.5992783440113658 95.55952584582217
frame0369.jpg -0.27702610701622776 0.6005623367007329 96.43874588423449
frame0370.jpg -0.2827788267739284 0.6011613070139465 97.21186538332223
frame0371.jpg -0.2878635579108725 0.6022494578513827 97.89185666813471
frame0372.jpg -0.291568449259208 0.6046740910481552 98.46900920194808
frame0373.jpg -0.2968131642312345 0.6063115527710228 98.7942143821
frame0374.jpg -0.302184851139214 0.6070749222219105 99.56577083549824
frame0375.jpg -0.30657470580956897 0.6088888072978342 100.06108808346869
frame0376.jpg -0.3123308863454428 0.6093458220148948 100.71119589160422
frame0377.jpg -0.31206008908809674 0.6096371676787835 100.6637195339996
frame0378.jpg -0.3163468529762238 0.6114805795997305 101.17980155179606
frame0379.jpg -0.3254855737996419 0.6137276419979294 102.54185535930269
frame0380.jpg -0.3307962480855382 0.6142719046379557 103.33137138986143
frame0381.jpg -0.3354778774178422 0.6152070151125406 103.64139114853478
frame0382.jpg -0.3394967906090257 0.6165936224723183 104.10310850516964
frame0383.jpg -0.34471090219933354 0.6171800227227329 106.06328132851952
frame0384.jpg -0.3502969307601217 0.6166768597367307 105.284114997001
frame0385.jpg -0.3550511251421846 0.6177273191033894 105.79235735869608
frame0386.jpg -0.36052842169790505 0.6179589994002175 106.3317672445608
frame0387.jpg -0.3637357665399612 0.6203286565434843 106.53589063927237
frame0388.jpg -0.3694309912988939 0.6196262299313645 107.05987923693598
frame0389.jpg -0.37483066584038055 0.6203250530505986 108.79845724704754
frame0390.jpg -0.3801740253416093 0.6202712761851459 108.00124580736096
frame0391.jpg -0.3855546450105526 0.6194416602882039 108.76381348795313
frame0392.jpg -0.3909437143730312 0.6196986508300718 109.32467978885893
frame0393.jpg -0.3960534619104253 0.6202941323435711 110.57124143884569
frame0394.jpg -0.4005259937996984 0.6211154448976881 110.2340931495551
frame0395.jpg -0.40610820287449867 0.6203106678350802 111.05806968489851
frame0396.jpg -0.4120049961035067 0.6195368489815389 111.60467096539757
frame0397.jpg -0.41735989921006944 0.6199251548274421 112.6221329121815
frame0398.jpg -0.4225453542521481 0.620102980407413 112.55385028719192
frame0399.jpg -0.4276992343834467 0.6202296105173568 113.58746548363949
frame0400.jpg -0.4325268056788223 0.6208761984245105 114.11943782014478
frame0401.jpg -0.4320561614690573 0.6213412693121712 113.55630317845451
frame0402.jpg -0.4371769812049193 0.6210501316223139 114.1038521616119
frame0403.jpg -0.4471988337001437 0.6204005207068941 115.36914176137044
frame0404.jpg -0.4522041531980712 0.6205665203281204 116.2321846701652
frame0405.jpg -0.4571247065924126 0.6208981405411396 116.85358277155909
frame0406.jpg -0.461896053922256 0.6203593932744859 117.14882768117252
frame0407.jpg -0.4677405973499565 0.6178620291847331 118.28349365269864
frame0408.jpg -0.4724639114958058 0.6182571826271066 118.94415634124996
frame0409.jpg -0.4773146926740201 0.6183746717985733 119.22385675725108
frame0410.jpg -0.4816785026853378 0.6183250364172113 119.56606988988935
frame0411.jpg -0.4868958408700653 0.6175234124529636 120.37623023566614
frame0412.jpg -0.4923245941980181 0.6162260650560192 121.285469204613
frame0413.jpg -0.4970064524469431 0.6161857897903739 121.6883728494575
frame0414.jpg -0.500855063267495 0.6171921112128649 122.22738116976204
frame0415.jpg -0.5046654480717769 0.619136765484965 122.33643172701986
frame0416.jpg -0.5109681403640303 0.6154176870294183 123.36009377360705
frame0417.jpg -0.5158413187109796 0.6138504926051656 124.17725999696717
frame0418.jpg -0.5198018432049125 0.6142662591727175 124.57898287521415
frame0419.jpg -0.5244707515550913 0.6141734151018939 124.72789739345636
frame0420.jpg -0.5291825073643535 0.6126877672253758 125.71775330211588
frame0421.jpg -0.5336419909879511 0.6126667919009304 126.14717559626659
frame0422.jpg -0.5387079438167492 0.6101712121557671 127.05712903539013
frame0423.jpg -0.5422896309010558 0.6117824712611006 127.61321236036505
frame0424.jpg -0.5478711360695141 0.6073385566345485 129.0854283059136
frame0425.jpg -0.5478949918990365 0.6072870648939763 129.0696294567894
frame0426.jpg -0.5520937767854829 0.6068275786452859 128.9873231121709
frame0427.jpg -0.5601236193208375 0.6049865046463235 130.76276480122027
frame0428.jpg -0.5647106648403015 0.6023061107855298 131.7314698267843
frame0429.jpg -0.5679961994838977 0.6034865244818195 131.21904828766912
frame0430.jpg -0.5727325456494688 0.5995079738311079 132.98961864552686
frame0431.jpg -0.5769442785118531 0.5979670863557823 132.8877054578827
frame0432.jpg -0.5797908421556806 0.598497133759425 133.3301233844797
frame0433.jpg -0.5838045811956579 0.5959791326550268 134.1363894376939
frame0434.jpg -0.5886672010767249 0.591556139061505 136.07697014122726
frame0435.jpg -0.5918393852331577 0.5938129208240471 135.82226688356337
frame0436.jpg -0.5919182646013826 0.5936044636054727 135.7134817807402
frame0437.jpg -0.6006663514604607 0.5886749010858209 137.131522233833
frame0438.jpg -0.6044039128256129 0.5884410226046248 137.648259804156
frame0439.jpg -0.6088029633457033 0.5845527769714447 139.1685598783875
frame0440.jpg -0.6126076995481904 0.5828232542537035 139.63188183627994
frame0441.jpg -0.6163719622646329 0.5820071932974463 139.3667365073057
frame0442.jpg -0.6205940125241415 0.5796074528976509 140.90950258360564
frame0443.jpg -0.6246643486343705 0.5784313592556815 141.3786376245049
frame0444.jpg -0.6285167444588897 0.5773294964643949 141.92941860314932
frame0445.jpg -0.6328243119204608 0.5725671222770574 143.51754431269484
frame0446.jpg -0.6366655984768659 0.5715449595494531 143.0315150505835
frame0447.jpg -0.6405019940573455 0.5686959361687726 143.9027552462289
frame0448.jpg -0.6440880769987375 0.5668902560648132 144.08687453427558
frame0449.jpg -0.6440235792001495 0.5673740875278213 144.2041961354034
frame0450.jpg -0.648423714117321 0.5617845117366795 146.24305657081982
frame0451.jpg -0.6525966261587252 0.5603778063297726 146.41047349726827
frame0452.jpg -0.6611176804328188 0.5556129694853792 146.49273667189027
frame0453.jpg -0.6651054085356572 0.5523164168072161 148.1328501548788
frame0454.jpg -0.6689601648911434 0.5516539453377447 147.7608695112919
frame0455.jpg -0.6726827668030254 0.5478036443526819 149.6223066355419
frame0456.jpg -0.6766843268764058 0.5468414859607499 149.3876576574695
frame0457.jpg -0.6803628251476632 0.5433161843924387 150.08963579428737
frame0458.jpg -0.6843748081953162 0.5376636662300429 151.14202333268656
frame0459.jpg -0.6883306093261917 0.5367408433042988 151.26889737368592
frame0460.jpg -0.6923794324078839 0.5332582695432724 152.0297384624691
frame0461.jpg -0.6960935057851639 0.5324406681743703 152.75012208112355
frame0462.jpg -0.7001797729203272 0.5285330759660753 152.8112661535173
frame0463.jpg -0.7039066758034929 0.5243182249139713 154.6939229314642
frame0464.jpg -0.7074547972129247 0.5220891171292887 155.52443305260832
frame0465.jpg -0.7110218771559861 0.5188685017512952 155.8252928284491
frame0466.jpg -0.7149735409002965 0.5171657148706961 155.811656922222
frame0467.jpg -0.7184216126244458 0.5142594661063188 156.61913530111144
frame0468.jpg -0.7216576122456383 0.5097684415682581 158.11084566292428
frame0469.jpg -0.7249464702551752 0.5076478360620117 157.6749627543911
frame0470.jpg -0.7276555480891791 0.5026816863386256 159.39996508309582
frame0471.jpg -0.7304332878251341 0.4992753843015989 159.6540784592404
frame0472.jpg -0.7335430629563405 0.4968369072680601 159.15631571626918
frame0473.jpg -0.7335483861786761 0.4968310221881332 159.13748762632184
frame0474.jpg -0.7361562510776968 0.4935020039801554 161.04133383719974
frame0475.jpg -0.7390157127230186 0.49074771122129607 162.04923986716048
frame0476.jpg -0.7451195698164657 0.4858967734032004 162.52012182824262
frame0477.jpg -0.7478997058726209 0.4827931467415602 163.47918028003366
frame0478.jpg -0.7504941083882956 0.4778444007064384 163.30486707127486
frame0479.jpg -0.7534789289114586 0.4756581297855229 164.64065768475808
frame0480.jpg -0.7558287494144037 0.4700031705556305 166.20478464468437
frame0481.jpg -0.7589335638267759 0.4658873269869971 166.08332632732225
frame0482.jpg -0.7623025738301342 0.4631108414203781 167.293903257034
frame0483.jpg -0.7652678424539717 0.4602686218498565 167.4453314187924
frame0484.jpg -0.7673913594036098 0.4555627349089874 168.7032679247999
frame0485.jpg -0.7705082789391358 0.4525614085523904 168.4721995612671
frame0486.jpg -0.7729307284836765 0.4480660034050357 168.80565765662072
frame0487.jpg -0.7751588794130491 0.44312271764591216 170.52091889655438
frame0488.jpg -0.778455735463388 0.43964738484036536 169.619058529715
frame0489.jpg -0.7818323362063728 0.4363454301521576 171.19489900426703
frame0490.jpg -0.7845080655858939 0.432265463980872 171.8129115349234
frame0491.jpg -0.7864664486633729 0.4272489525032535 173.08349398301385
frame0492.jpg -0.788604079497575 0.4227842193875697 172.50085330907956
frame0493.jpg -0.7907960178393346 0.41928291886171576 173.46189213804058
frame0494.jpg -0.7922883895459162 0.4141738196684563 175.2548796718565
frame0495.jpg -0.7952513676527592 0.4119074445962533 175.54989266133794
frame0496.jpg -0.7963956613284245 0.4066539364217178 176.69361933582772
frame0497.jpg -0.7963687356271217 0.40661927984728496 176.7360570962164
frame0498.jpg -0.7987296051120629 0.4035248785703677 177.04182412187976
frame0499.jpg -0.8008413701880996 0.39949325240604455 176.7693804586039
frame0500.jpg -0.8050345270620294 0.3914514863699041 178.83776837613934
frame0501.jpg -0.8069045416876882 0.3871088203125544 179.57644436349662
frame0502.jpg -0.8085769992389874 0.38228604851599385 180.56108367061768
frame0503.jpg -0.8113872113469663 0.3788151217361312 180.93745077643837
frame0504.jpg -0.8138536770410081 0.3747238780038534 182.02219036692506
frame0505.jpg -0.8152470771897616 0.36958064789637335 182.5834960535105
frame0506.jpg -0.8166592332472198 0.3646826380423279 181.64687543612985
frame0507.jpg -0.8184210540971476 0.3601846316373989 184.06831390052574
frame0508.jpg -0.8206206388280393 0.3557193226811586 183.0668778882914
frame0509.jpg -0.8231912871913802 0.3519640248115785 184.7344366328349
frame0510.jpg -0.8248379184772755 0.3470361601503999 184.97415926574382
frame0511.jpg -0.8264355784988436 0.3422718244184765 185.8468102394936
frame0512.jpg -0.8278935925567176 0.3374575492745929 185.34493464260134
frame0513.jpg -0.8293469059354616 0.33281046480756404 186.48309906170692
frame0514.jpg -0.831301387874963 0.3285564020326052 187.67738436685983
frame0515.jpg -0.832822997033896 0.32390740903712817 187.97098969556598
frame0516.jpg -0.8339740422013527 0.31903112782767584 188.4620005395341
frame0517.jpg -0.8345247641181808 0.31380564438937314 189.28173306193955
frame0518.jpg -0.8351330236525644 0.30881375020249435 188.88342679100685
frame0519.jpg -0.8369315083270579 0.3045361506402737 190.62344867265182
frame0520.jpg -0.8371283433600472 0.29932526780447344 189.968306968404
frame0521.jpg -0.8371068479082023 0.29933109205859043 189.96989955980618
frame0522.jpg -0.8377131744486793 0.29427839866691186 190.30048631292956
frame0523.jpg -0.8386734645981124 0.2897038253582963 192.60541448417072
frame0524.jpg -0.8421035629387813 0.27998646032482105 193.13453783414312
frame0525.jpg -0.8421452736924079 0.2744972235298577 194.0822836577232
frame0526.jpg -0.8434587917474544 0.2694660121871777 193.58068076183918
frame0527.jpg -0.8445246871907366 0.2646554174491025 195.10991776979412
frame0528.jpg -0.8455909378797095 0.2595517752494951 195.5109688955224
frame0529.jpg -0.8467768803489335 0.2547681390576323 196.0888608180397
frame0530.jpg -0.8472462922977506 0.2496457478229803 196.52236864535263
frame0531.jpg -0.8468654784382648 0.24463979143362416 196.53349673174324
frame0532.jpg -0.848354309479323 0.23993912301738 198.13129364130802
frame0533.jpg -0.8494942075466709 0.23493387745173616 198.59425289389938
frame0534.jpg -0.8490746922604274 0.23022441521271525 198.51299212721926
frame0535.jpg -0.8499734280875738 0.225514732366144 199.64018187490313
frame0536.jpg -0.8494126663608289 0.22095635616069556 199.79906378149533
frame0537.jpg -0.8510264915047612 0.21638830296081654 201.4102392555245
frame0538.jpg -0.849505045651363 0.2118419539797788 202.42813771984126
frame0539.jpg -0.8500885693281486 0.2072614555631869 202.70835504761
frame0540.jpg -0.8497559122920197 0.20306356447731305 203.64542512007526
frame0541.jpg -0.849532706836825 0.19842998986823815 204.20905393712368
frame0542.jpg -0.850516770507378 0.1935030787034876 204.55663780798903
frame0543.jpg -0.8502390513970428 0.18906599583818845 205.25393398345176
frame0544.jpg -0.8505295189345327 0.1839415126824218 205.525146120446
frame0545.jpg -0.8507870734905683 0.18392221665414846 205.82553959001683
frame0546.jpg -0.850608021205557 0.1790492925049178 206.2794782334509
frame0547.jpg -0.8507995648840765 0.16907852395562695 207.9159079735309
frame0548.jpg -0.8487588432030054 0.16489150992562726 207.41128119890763
frame0549.jpg -0.8486370644780928 0.15968591015558636 208.20035113368058
frame0550.jpg -0.8484783358795626 0.15486707216903914 209.2070282191885
frame0551.jpg -0.8491995202093432 0.14950375595454254 210.36328603511035
frame0552.jpg -0.8485233883683496 0.14482410942271426 211.05713791486562
frame0553.jpg -0.8472044435045533 0.14057060744203065 211.42462754722598
frame0554.jpg -0.8465424285662508 0.13552728798352534 212.41101776738117
frame0555.jpg -0.8468633414060169 0.130067159921069 213.08287797094695
frame0556.jpg -0.8458664496215152 0.12595100375793122 213.9347848289423
frame0557.jpg -0.8441520146403464 0.12157794074792988 213.30146911117316
frame0558.jpg -0.8442178370284439 0.1164050758774408 214.8361230748121
frame0559.jpg -0.8427418817709129 0.11280937543398313 215.59685489475208
frame0560.jpg -0.841227978072207 0.10852255342014756 215.38578931459068
frame0561.jpg -0.8408969280580929 0.10366107890480096 216.70591924441945
frame0562.jpg -0.8392057060249258 0.0998308541288902 216.83316449649612
frame0563.jpg -0.8383717134365467 0.09525589197533768 217.30015825658688
frame0564.jpg -0.8376557823863667 0.09049440529835008 218.47818180606998
frame0565.jpg -0.835932223972821 0.0861324618805343 218.4883027236852
frame0566.jpg -0.8353571886802205 0.08106007366489926 219.70078663880997
frame0567.jpg -0.8343897551235533 0.07628066283082396 220.482047036488
frame0568.jpg -0.8325661475260057 0.07217468693663992 220.699776849814
frame0569.jpg -0.8325298866510819 0.07187741924731632 220.29852846618599
frame0570.jpg -0.8323351373295138 0.06589571149533248 221.678883411957
frame0571.jpg -0.8288669034100885 0.057371045711398776 222.75051871484942
frame0572.jpg -0.8266516043659538 0.05419367902311901 222.82752725944889
frame0573.jpg -0.8266173508810346 0.05019938654512751 224.06958677153546
frame0574.jpg -0.8260910120140232 0.0482155111092058 224.30003875684687
frame0575.jpg -0.8257165756307921 0.04740406989591911 224.58374899081687
frame0576.jpg -0.8237926708301373 0.049142449445198584 223.915857679948
frame0577.jpg -0.8239158563952631 0.0489382646482569 224.2218327499596
frame0578.jpg -0.8243976744643827 0.04831879762938784 224.52206632730133
frame0579.jpg -0.8242170863345664 0.048562064762865516 224.37057172704937
frame0580.jpg -0.8238472296092165 0.04883207825527075 224.1674811186392
frame0581.jpg -0.8238074626788596 0.048890023237817104 224.14375736331758
frame0582.jpg -0.8237718758221431 0.04901892642045835 224.0773910805186
frame0583.jpg -0.8237727222291464 0.04903089076217865 224.1157031160407
frame0584.jpg -0.8237796313016754 0.0490150201918666 224.110805091757
frame0585.jpg -0.823780083579112 0.049022602106192026 224.09565084903008
frame0586.jpg -0.8237986389873917 0.049008404079221864 224.09572404837488
frame0587.jpg -0.823772572415798 0.04904351711532956 224.085586704782
frame0588.jpg -0.8239095171177632 0.04886579317723222 224.13505657298168
frame0589.jpg -0.8243680158613068 0.048232879732646894 224.28602751992887
frame0590.jpg -0.8246247548689921 0.047849299134899666 224.5801776070225
frame0591.jpg -0.8251134930750459 0.04740973597075576 224.80605250202325
frame0592.jpg -0.8240519493786891 0.04865186141198546 224.1580981903725
frame0593.jpg -0.8240519493786891 0.04865186141198546 224.1580981903725
frame0594.jpg -0.8239779597411451 0.048758293343925015 224.10619877826736
frame0595.jpg -0.8243610591077439 0.04825800394125485 224.29061617131717
frame0596.jpg -0.8241246835331729 0.04861938206899991 224.30207575738171
frame0597.jpg -0.8240747884862474 0.04867855677726318 224.2701549575916
frame0598.jpg -0.8243023095374358 0.048404021751981885 224.54968181925042
frame0599.jpg -0.8243065445752396 0.04840254569105595 224.55256311307403
frame0600.jpg -0.8239351486486302 0.04888352638029153 224.34050021527645
frame0601.jpg -0.8235656227698597 0.049349873905467134 224.17531973196938
frame0602.jpg -0.8235617857448039 0.04934228308042032 224.14772427745288
frame0603.jpg -0.8237831159000542 0.04906587472175517 224.2192871213737
frame0604.jpg -0.8237536512028041 0.04910220446810182 224.14906610791363
frame0605.jpg -0.8237301845884202 0.049136784043041996 224.1998484076009
frame0606.jpg -0.8237457354957523 0.049120995094463216 224.2612207399484
frame0607.jpg -0.8240808833280653 0.048672898726393576 224.29032690848672
frame0608.jpg -0.8240909477009265 0.048671689849191735 224.4578574155891
frame0609.jpg -0.8237616797391294 0.04910505360507384 224.23301324339974
frame0610.jpg -0.8240530594502571 0.04877497512470447 224.41786852816986
frame0611.jpg -0.8249786299941689 0.04760640159792468 225.0094108265574
frame0612.jpg -0.8237591062323804 0.04904834664949015 224.25937372700284
frame0613.jpg -0.8236931533422597 0.04916614553335996 224.15639745492246
frame0614.jpg -0.8241435981234024 0.04855766844818288 224.4003563755813
frame0615.jpg -0.8241646675824686 0.04853130479097778 224.41924286593982
frame0616.jpg -0.8240380395145682 0.04879781241718584 224.3172412045063
frame0617.jpg -0.8240380395145682 0.04879781241718584 224.3172412045063
frame0618.jpg -0.8240481843941104 0.04878521694721316 224.31672707237286
frame0619.jpg -0.8238649929503528 0.048917730323803366 224.2293475398106
frame0620.jpg -0.8240589079296771 0.04877112775877418 224.32097792661216
frame0621.jpg -0.8237638952173935 0.04910748056032094 224.07625823286662
frame0622.jpg -0.8238183265726501 0.04905025651361178 224.13247761414033
frame0623.jpg -0.8238154003978458 0.049059948416659234 224.12673746728444
frame0624.jpg -0.8239368996888015 0.04885047958660005 224.2924762982772
frame0625.jpg -0.8239489911536385 0.048838725193208254 224.28429523240357
frame0626.jpg -0.8237515646373148 0.04916251064620975 224.1831127107752
frame0627.jpg -0.8240143586636284 0.048805507693921946 224.34309336750385
frame0628.jpg -0.8240384096682153 0.04872318452292518 224.21012993426268
frame0629.jpg -0.8240997543696209 0.04866660722032001 224.38182651076212
frame0630.jpg -0.8249407397435973 0.0477249699360755 224.94626421349216
frame0631.jpg -0.8239712617151589 0.04884343651370826 224.33732044576996
frame0632.jpg -0.8245082536698848 0.04832058267484224 224.8707036011004
frame0633.jpg -0.8243337795967596 0.04851617808396008 224.6112067468668
frame0634.jpg -0.8245027692213686 0.04834190132192001 224.8448116526697
frame0635.jpg -0.8245096489466284 0.04834900294483935 224.84120872737572
frame0636.jpg -0.8244597197345748 0.04841954372852708 224.81183679855144
