frame0000.jpg 0.0 -0.0 -0.0
frame0001.jpg -8.266981839191267e-06 0.001117306086273923 -0.3770080247306732
frame0002.jpg -8.266981839191267e-06 0.001117306086273923 -0.3770080247306732
frame0003.jpg -8.266981839191267e-06 0.001117306086273923 -0.3770080247306732
frame0004.jpg -3.207779968657757e-05 0.0008186450474445032 -0.2932450306145832
frame0005.jpg -3.207779968657757e-05 0.0008186450474445032 -0.2932450306145832
frame0006.jpg -3.207779968657757e-05 0.0008186450474445032 -0.2932450306145832
frame0007.jpg -3.207779968657757e-05 0.0008186450474445032 -0.2932450306145832
frame0008.jpg -3.6356190213136016e-05 -0.00533349519187772 -3.230286067110812
frame0009.jpg -2.0567704103257887e-05 -0.0056322535248035065 -3.306274500673145
frame0010.jpg -2.326282885866749e-05 -0.005317981273493221 -3.2062473309713178
frame0011.jpg -3.43583419376613e-05 -0.005175571247013903 -3.2473090251125627
frame0012.jpg 6.831278177364501e-06 -0.0054325171959312595 -2.898597342286686
frame0013.jpg -1.0144099755811943e-05 -0.0003372337265410608 0.02354333019275805
frame0014.jpg -1.732266230904846e-05 0.00035123543255981537 -0.13743055648827612
frame0015.jpg -2.423871003751332e-05 0.00035202769242789734 -0.1003240233291168
frame0016.jpg -1.800670455250582e-05 -5.4014366885563266e-05 -0.05067213572481001
frame0017.jpg -2.113513706396788e-05 0.0002757627917352603 -0.003277330535792656
frame0018.jpg -1.7121096695393792e-05 9.385497437171584e-05 0.026658771780259192
frame0019.jpg -1.307321156575e-05 -0.00036263179050888684 -0.0014288310087347152
frame0020.jpg -3.230346707543304e-05 -0.005529040783782128 -3.273136410582087
frame0021.jpg -6.537721689991744e-05 -0.005631842033899782 -3.646006974828545
frame0022.jpg -3.0397809628406568e-05 -0.005893178467865099 -3.368023621191706
frame0023.jpg -3.072069740940684e-05 -0.005886550087330876 -3.355136293941773
frame0024.jpg -3.5404151559301725e-05 -0.005952713210373404 -3.3834485684164064
frame0025.jpg 5.0612575022287806e-06 0.00015367685979579033 0.2542433218647737
frame0026.jpg 1.0805294289992334e-05 1.5316526255870035e-05 0.32211794137546523
frame0027.jpg -4.1407242646441824e-05 -0.004772825524182411 -3.015295201471536
frame0028.jpg -1.3872682897511819e-05 -0.005738324463782429 -2.9264006209241287
frame0029.jpg -5.425551441649596e-06 -0.0057017925051982745 -2.9251470858507456
frame0030.jpg -3.174892734374678e-05 -0.004664628182396321 -0.04603981247117557
frame0031.jpg -2.7304111108246865e-05 -0.004584252179771186 -0.08765243267746582
frame0032.jpg -1.389903207022966e-05 -0.005634823299375207 -2.925439994823437
frame0033.jpg -3.475712823460789e-05 -0.0036728217545761756 -0.09048688397431834
frame0034.jpg -1.6924995509321004e-05 -0.005507825432667479 -2.9933092038120788
frame0035.jpg 2.157075672966618e-06 -0.005514298637530959 -2.8820307882648413
frame0036.jpg 5.3475588831244066e-06 -0.005458936240701719 -2.897860300168827
frame0037.jpg -2.8293414158117505e-05 -0.00515407932157336 -2.9398016540301786
frame0038.jpg -3.0829569142437185e-05 -0.005253029932354467 -3.219083127423418
frame0039.jpg -3.117159246294023e-05 -0.005237787521633467 -3.2229427517326563
frame0040.jpg -2.792297663874741e-05 -0.005280605051453564 -3.227447042715953
frame0041.jpg -1.2421820416621229e-05 -0.005647046261917764 -2.9628915340182616
frame0042.jpg -5.623183733802982e-05 0.0007689446842771572 -0.3652296701080556
frame0043.jpg -6.0529740624522244e-05 0.0009924286865484507 -0.4246232311133107
frame0044.jpg -2.520260103686155e-05 -0.005586459139517089 -2.9708791110830943
frame0045.jpg -2.0471408703239425e-05 -0.005408392314687985 -2.8626353095778008
frame0046.jpg -2.3010543491799266e-05 -0.005228247568433433 -2.7676313756087785
frame0047.jpg -2.2950472402172385e-05 -0.0051998954370320255 -2.7476065943436443
frame0048.jpg -2.1961039701080126e-05 -0.0051656520358120935 -2.7287697478274366
frame0049.jpg -6.866132896204204e-05 -1.4034436826154773e-05 -0.36842426886671903
frame0050.jpg -6.672535771327802e-05 0.0002573737856977856 -0.3872068331346673
frame0051.jpg -5.028316099373173e-05 -0.0033276145021645344 -2.971320200098869
frame0052.jpg -7.369577261853537e-05 0.0012033137295989606 -0.7352595084353152
frame0053.jpg -7.116058357902887e-05 0.0014123383882783938 -0.7267236672005524
frame0054.jpg -6.797821384321712e-05 0.0015111815900289186 -0.6935145698598901
frame0055.jpg -7.135801368808326e-05 0.0011925647516751886 -0.7209455338519836
frame0056.jpg -7.048146848724998e-05 0.001184107219674286 -0.7105937709459317
frame0057.jpg 1.622486528030315e-05 -0.004710352150237943 -2.4669113400926905
frame0058.jpg 1.6625106493085764e-05 -0.004940285316538098 -2.56473834228066
frame0059.jpg 9.095810240384314e-06 -0.003959170487451148 -2.229848854400621
frame0060.jpg 4.455978356060633e-05 0.00016357500684006693 0.17165732285935448
frame0061.jpg 1.6143404420027128e-05 -0.0065486486332499965 -2.9836107720338414
frame0062.jpg 3.304646259833064e-06 -0.00034769708979040076 -0.3061159555163215
frame0063.jpg 5.660069159917286e-05 -0.0059205967791225 -3.1210465224747024
frame0064.jpg 5.986806876155658e-06 -0.002477744962160995 -2.3941085441381884
frame0065.jpg 3.4313024446654135e-05 -0.00036117270555821834 0.015062908557061966
frame0066.jpg 3.5531539629632147e-05 -0.0006185494771178497 0.0475246473881683
frame0067.jpg 2.575550454423045e-05 -0.0004525981058033428 0.02721320673620273
frame0068.jpg 1.327786231392388e-05 4.0209115031242216e-05 -0.1937590826661956
frame0069.jpg 3.569376824047411e-05 -0.005911927100225675 -2.9585656501845032
frame0070.jpg 2.221223629668033e-05 -0.005664084265139693 -3.212460020301568
frame0071.jpg 2.519908295621227e-05 -0.00579280567673842 -3.1721644695900584
frame0072.jpg 3.159381110979381e-05 -0.005901464005784333 -3.2396677703918004
frame0073.jpg 5.334369748538756e-05 -0.005829082389495493 -3.360484174062241
frame0074.jpg 4.878931273003895e-05 -0.005825582259961543 -3.394603879831956
frame0075.jpg 7.267163420963279e-05 0.00013234143232368622 0.3781875473431903
frame0076.jpg 6.173501873278162e-05 0.00036321379050216604 0.2627881656037373
frame0077.jpg 6.173501873278162e-05 0.00036321379050216604 0.2627881656037373
frame0078.jpg -2.314446475590228e-06 -0.004944340724895728 -3.0706439680002
frame0079.jpg 5.996224705233018e-06 -0.005168946704117864 -2.7705632480191635
frame0080.jpg 2.480843952948255e-05 -0.004543076816409206 -2.4838982308440145
frame0081.jpg 9.285899802849353e-06 -0.00493498936996585 -2.680882900592773
frame0082.jpg 1.1483840500465732e-05 -0.005004057679302466 -2.7540929608996936
frame0083.jpg -5.306960568387479e-06 0.0009347430769867346 -0.7363492474338171
frame0084.jpg 4.7846916937242965e-06 -0.003901421456472729 -2.38141717380768
frame0085.jpg 5.152473683832956e-06 -0.002006335648617789 -1.811609630054947
frame0086.jpg 4.824953480082276e-06 -0.004719433066554413 -2.5944592006105496
frame0087.jpg -2.253306503318915e-05 -1.7945672445098812e-05 -0.0851170857323851
frame0088.jpg 1.5068094869006772e-05 -0.0052037528913091175 -2.790514387252686
frame0089.jpg -1.2998458449912053e-05 0.0010290971738891302 -0.3617300821821732
frame0090.jpg -3.775859976844253e-05 -0.005526110782930403 -3.2226796549467265
frame0091.jpg -7.456671408675596e-05 -0.0027240300820115053 -2.5421295747200894
frame0092.jpg -6.196374815696428e-05 -0.0050822089036859745 -3.098826183203308
frame0093.jpg -5.169866901740808e-05 -0.005360176900065243 -3.140815970266397
frame0094.jpg 2.4507126468197125e-05 -9.096336891613241e-05 0.3251024195501246
frame0095.jpg 2.405571739623888e-05 -6.616516309733308e-05 0.3190672699117486
frame0096.jpg -6.347254005444145e-06 -0.0055568166540186465 -2.937946007275675
frame0097.jpg -4.022071884352864e-06 -0.00529351445180542 -0.05089511664966622
frame0098.jpg -4.1211317395758746e-05 -0.005261602051425047 -3.2510005347888065
frame0099.jpg 7.954271348289038e-06 -0.0005070686108315691 -0.012330802831084904
frame0100.jpg 1.385303288804849e-05 -0.00566705292011924 -3.152273594242484
frame0101.jpg 2.06096212847901e-05 -0.005641123600984032 -3.311889301558884
frame0102.jpg -2.5454020184216557e-06 -0.005689098045504103 -3.543358669941305
frame0103.jpg -1.2209335091283717e-05 -0.005757768242280846 -3.563606251603418
frame0104.jpg -2.640022897576217e-05 -0.0045475832416064545 -3.2806032071257025
frame0105.jpg 4.161834840641153e-05 0.00025813099262488384 0.11641411846949035
frame0106.jpg 0.000297269355909029 -0.00817760139551638 -0.5216515808087819
frame0107.jpg 0.000390515359337896 -0.006504357061077756 -0.797158913506967
frame0108.jpg 0.00043677364888083286 -0.009087159933244115 -1.4152261830109651
frame0109.jpg 0.00026828367749378353 -0.005818431071416347 -3.7074763377827367
frame0110.jpg 6.101629311504406e-05 -0.01458165342961911 -3.3183664723279414
frame0111.jpg -0.00029420640880310593 -0.017436500387586946 -7.60504594268474
frame0112.jpg -0.0007966722752287407 -0.021424701445085303 -8.489206957714195
frame0113.jpg -0.0015440536075970596 -0.02395553264817644 -5.835631778826923
frame0114.jpg -0.0024271103234846827 -0.027900204390407832 -10.50904083061196
frame0115.jpg -0.0032952133016083424 -0.031438452122258084 -11.311924173707476
frame0116.jpg -0.004576296726048668 -0.034255297958160257 -8.52377534498466
frame0117.jpg -0.005887679240515665 -0.039327397741894164 -13.18676279004738
frame0118.jpg -0.007255256223150716 -0.043471758095570606 -14.115390300895868
frame0119.jpg -0.007253117699173622 -0.04355875978125712 -14.084484754439947
frame0120.jpg -0.008999733697845059 -0.04116786654122559 -11.328574833845304
frame0121.jpg -0.01071620439439628 -0.0461054210247998 -12.343777252065365
frame0122.jpg -0.012413076666485452 -0.055897768926302466 -17.27676141431835
frame0123.jpg -0.014085092483149009 -0.05953227356307395 -14.648982101399415
frame0124.jpg -0.016398410369074974 -0.056916339183972375 -15.83844616643725
frame0125.jpg -0.018163143019160787 -0.06621582964023799 -20.0019215552408
frame0126.jpg -0.022047526051948783 -0.07403337393152909 -22.215268479402344
frame0127.jpg -0.02417077426500261 -0.0789638195228539 -20.160130613883613
frame0128.jpg -0.024168013583822045 -0.07892385858147885 -20.168985487724928
frame0129.jpg -0.02875497037982701 -0.08146998748040657 -23.193512499541377
frame0130.jpg -0.030399098174711613 -0.09034389219237314 -26.67363256214615
frame0131.jpg -0.03300733979982859 -0.08783495555698995 -24.782197778754718
frame0132.jpg -0.03490145720638888 -0.0974914434650642 -28.787424319245872
frame0133.jpg -0.03744260033235576 -0.10108275345750296 -29.940929203792415
frame0134.jpg -0.03979782049465965 -0.10519955509349277 -28.05752302864261
frame0135.jpg -0.043080470634566125 -0.10405545927285798 -28.697913035852324
frame0136.jpg -0.04602100292499888 -0.10742657295919368 -31.947494549901123
frame0137.jpg -0.048929037198206654 -0.11045787469501768 -31.342293463179335
frame0138.jpg -0.051440827178117036 -0.11720227996544627 -34.66522575465971
frame0139.jpg -0.05463042858623218 -0.12110358684467032 -36.39383344998171
frame0140.jpg -0.05813105796491652 -0.1235075312615907 -37.11375820797388
frame0141.jpg -0.06110831450979321 -0.1268413475973323 -35.36705175327375
frame0142.jpg -0.06455822226469146 -0.13070649090460928 -39.03969486623623
frame0143.jpg -0.06445963065179264 -0.13115582365094486 -39.29158503206531
frame0144.jpg -0.06866456248254432 -0.13058584349247054 -38.370184409443596
frame0145.jpg -0.07088311720610364 -0.13666430209662267 -38.329790945844344
frame0146.jpg -0.07450104348413493 -0.13926370271018168 -42.15469336226849
frame0147.jpg -0.07859854223410598 -0.13915228682192549 -41.74753885910317
frame0148.jpg -0.08419346773423028 -0.1488855889355448 -45.631764118600216
frame0149.jpg -0.08447740995040981 -0.1478963637086173 -45.164138540111544
frame0150.jpg -0.08868634402963085 -0.14798013041461067 -45.266471852645566
frame0151.jpg -0.09486429022564533 -0.1557476544301601 -48.44119685331691
frame0152.jpg -0.09949641693997338 -0.15528837631792364 -48.074509927760204
frame0153.jpg -0.10280179842517753 -0.15832566255164435 -47.894494994167935
frame0154.jpg -0.10634804314867527 -0.16117495703986912 -49.0121833943577
frame0155.jpg -0.10988111899602468 -0.1647894418783676 -52.77286958380453
frame0156.jpg -0.11366386146858673 -0.16661257356313508 -51.35954846000384
frame0157.jpg -0.11754144676875103 -0.16839266519714846 -52.34155203099413
frame0158.jpg -0.1221894800943027 -0.16900907314701985 -54.071063013000355
frame0159.jpg -0.12641888971300322 -0.17106545497135653 -55.25622991025215
frame0160.jpg -0.12979860258242792 -0.17426409601334902 -57.09447256801237
frame0161.jpg -0.132889656602912 -0.17838372062766808 -59.264991177096775
frame0162.jpg -0.13807296282242448 -0.17784477313781322 -58.77782440689083
frame0163.jpg -0.14358634944085466 -0.17706737319889765 -59.41442030041557
frame0164.jpg -0.1475697664708841 -0.1802337970208271 -60.39184664851465
frame0165.jpg -0.15083138430447912 -0.183606232930471 -63.048853211019924
frame0166.jpg -0.15674926287124386 -0.18210973709212047 -62.357702057057246
frame0167.jpg -0.15673436385138598 -0.18213321185070416 -62.3529138102629
frame0168.jpg -0.1601295674126889 -0.1852212328600128 -65.05399794274068
frame0169.jpg -0.1643165029932177 -0.1865304168542584 -64.57314375293578
frame0170.jpg -0.1692408309476138 -0.18661600478937265 -65.04742136496398
frame0171.jpg -0.17479997552716364 -0.18607556930234234 -66.67399378675961
frame0172.jpg -0.18293822085766231 -0.18840919403804726 -68.9305823042099
frame0173.jpg -0.18293644682463006 -0.1883958011362449 -68.84689182178532
frame0174.jpg -0.19141458524850213 -0.19098336546160732 -71.95026252624471
frame0175.jpg -0.1968441225309593 -0.19045305874061166 -72.05477068713478
frame0176.jpg -0.2009341395589465 -0.1917927759520748 -72.82448039878204
frame0177.jpg -0.20659619113670102 -0.19136160179719405 -73.93022981926572
frame0178.jpg -0.2092524035098342 -0.19384529252536495 -75.45042796358095
frame0179.jpg -0.21524960092947745 -0.19210086231227103 -76.33346839684191
frame0180.jpg -0.21987623002479628 -0.1922050402694951 -77.44047553329807
frame0181.jpg -0.2226540914328698 -0.1941913142025707 -78.52561725255653
frame0182.jpg -0.2282876441019202 -0.1929545885805306 -79.69082328375885
frame0183.jpg -0.2330741754555661 -0.1929950149390955 -79.66764478598809
frame0184.jpg -0.2350599811931925 -0.19573960134012 -81.78088508977177
frame0185.jpg -0.2396045554824827 -0.19555928343566925 -82.83842273373105
frame0186.jpg -0.24508929664855386 -0.1946049544209494 -83.94642474798803
frame0187.jpg -0.2505448250571777 -0.19328164130389608 -83.79899423471664
frame0188.jpg -0.2533233576623541 -0.19432618829926385 -85.76869628862889
frame0189.jpg -0.25891691370673703 -0.1929031298908586 -85.56750170729339
frame0190.jpg -0.2641781102609149 -0.1917237559829102 -88.49001036517902
frame0191.jpg -0.26415417469500035 -0.19175856013196071 -88.42045930326832
frame0192.jpg -0.2671126243360436 -0.1926166729559272 -89.26465128942483
frame0193.jpg -0.27100191518923705 -0.1927487404971377 -90.13435429315882
frame0194.jpg -0.27574285653212394 -0.19131405475213345 -89.32809921979526
frame0195.jpg -0.2793675556567011 -0.19136833629773856 -92.32048484332098
frame0196.jpg -0.28393548593051404 -0.19052611841304026 -91.25036581528113
frame0197.jpg -0.2896390061923371 -0.18820318356102686 -92.43939029296406
frame0198.jpg -0.2974597384167742 -0.1865503537824716 -94.53486584776094
frame0199.jpg -0.3013924754645268 -0.18562496548042096 -97.24497593216215
frame0200.jpg -0.3053173841166824 -0.1846746964980432 -96.68062218936574
frame0201.jpg -0.3093412294328461 -0.1835613404296504 -99.31465363117195
frame0202.jpg -0.3132843129284843 -0.1824524752423608 -100.33889437617232
frame0203.jpg -0.31871848149293674 -0.17995068046511878 -101.18683873312186
frame0204.jpg -0.3214658871157198 -0.17961772336697202 -102.40295815910326
frame0205.jpg -0.3255616842720612 -0.1781304879815859 -103.63906657276988
frame0206.jpg -0.3297831007968171 -0.17628344255733958 -104.55754860788015
frame0207.jpg -0.3343298753209517 -0.17419795202475344 -105.6860641806599
frame0208.jpg -0.33857942103092603 -0.17216297098824196 -106.64186215029324
frame0209.jpg -0.3419093045271093 -0.170434841704484 -107.64579989876532
frame0210.jpg -0.3459796840535885 -0.16832965692238885 -108.58214734329245
frame0211.jpg -0.3502044834339649 -0.1660703125504816 -107.82770102518616
frame0212.jpg -0.3594234614866985 -0.15981746279012748 -111.09065129084809
frame0213.jpg -0.3573330277911799 -0.16220981961369418 -111.80353716680187
frame0214.jpg -0.3616005704881558 -0.15968508989335156 -112.97128570237119
frame0215.jpg -0.3614057376252241 -0.1598244494301745 -112.95852840522892
frame0216.jpg -0.364273195162812 -0.15791837434592068 -113.85158075767649
frame0217.jpg -0.3680685821696981 -0.15533020142535425 -114.86246947893605
frame0218.jpg -0.3723287876739072 -0.15226240681224307 -115.8464642208475
frame0219.jpg -0.37533538394212573 -0.1500312689789424 -116.89545606890093
frame0220.jpg -0.38054734393146783 -0.14599567159500398 -117.8421886871664
frame0221.jpg -0.3840659682798063 -0.14332947001280227 -118.96987617101549
frame0222.jpg -0.3898091251152748 -0.13859263028691166 -120.78478354555209
frame0223.jpg -0.3934445086814951 -0.1352254987761728 -122.06282638604088
frame0224.jpg -0.4049358544723984 -0.1261435885891777 -123.26475346531092
frame0225.jpg -0.4013113069929244 -0.12818103925621407 -123.80334452015823
frame0226.jpg -0.4031006363601937 -0.1260414902113318 -124.9294645376838
frame0227.jpg -0.40754335464247227 -0.12191406424364047 -125.98762382039324
frame0228.jpg -0.4097126891982781 -0.11932343248319947 -126.95321995226992
frame0229.jpg -0.413298707158792 -0.11555524134886715 -128.06375251699643
frame0230.jpg -0.4159275271456808 -0.11270543668834107 -128.9834516639416
frame0231.jpg -0.4192383993314597 -0.10912833727703512 -130.10626733961834
frame0232.jpg -0.4219021374432898 -0.10592663980273576 -131.16586102921408
frame0233.jpg -0.4237849615470973 -0.103197597464137 -132.17633744333506
frame0234.jpg -0.42741137129434137 -0.0991256541627772 -133.31950984490325
frame0235.jpg -0.4296951691438928 -0.09591733161359316 -134.3914558230939
frame0236.jpg -0.4320883312516946 -0.09261074355741276 -133.6876172241071
frame0237.jpg -0.4352157454325323 -0.08848738667853037 -136.59289989343748
frame0238.jpg -0.4374917980760779 -0.08504050046972486 -137.56093163937797
frame0239.jpg -0.4375332246754388 -0.08501193646445893 -137.56771565802507
frame0240.jpg -0.4400156641502113 -0.08118487404525615 -138.58203353075126
frame0241.jpg -0.4430674402579539 -0.07672102850554832 -139.43326717450935
frame0242.jpg -0.4435101039623448 -0.07401283691990801 -140.42721004198842
frame0243.jpg -0.4477064879282807 -0.0682917684741842 -141.36628117090143
frame0244.jpg -0.4487177038183117 -0.06532463890990634 -142.25477584041315
frame0245.jpg -0.4494613657516844 -0.062226296187777086 -143.5287806266347
frame0246.jpg -0.452356537357469 -0.05524627231201715 -145.45610592382005
frame0247.jpg -0.4538579582680484 -0.05136238466502621 -146.0342566631229
frame0248.jpg -0.4589531902621121 -0.04368563483943228 -147.9740809417644
frame0249.jpg -0.4620171201543406 -0.03883212439360867 -148.63959741265464
frame0250.jpg -0.4761867745143796 -0.024287837113753732 -150.31653673043462
frame0251.jpg -0.4618803344415146 -0.03320973684500353 -151.3028200110943
frame0252.jpg -0.46289596237289504 -0.029201806069966692 -152.3527312625156
frame0253.jpg -0.4653227074417184 -0.02414880042315562 -153.29500399918675
frame0254.jpg -0.4666528033009773 -0.019864387039762454 -154.42599006157556
frame0255.jpg -0.4689358668459414 -0.014648965363655063 -155.60802308508184
frame0256.jpg -0.4686043916460143 -0.01198191381192168 -156.8667791959151
frame0257.jpg -0.4706557620120675 -0.0069361128866058655 -157.9083094791341
frame0258.jpg -0.4721797335770046 -0.0021464715995372923 -159.1256357445541
frame0259.jpg -0.4729987977992757 0.0017806191111206515 -160.23337767756882
frame0260.jpg -0.4742457123899538 0.006043001573381807 -161.30113597408268
frame0261.jpg -0.4758296412894926 0.010991280523740515 -162.38339648268268
frame0262.jpg -0.4748805526205043 0.013440514007643428 -163.4719244549205
frame0263.jpg -0.4748799114831626 0.01343490218081772 -163.49033606775578
frame0264.jpg -0.4763314375297075 0.018257566093136668 -164.44218164536397
frame0265.jpg -0.4771313633940124 0.02298048503983477 -165.47676156217634
frame0266.jpg -0.4771349579071815 0.02672254643675362 -166.5026591232915
frame0267.jpg -0.4781439077547168 0.03199221352082135 -167.67131954486513
frame0268.jpg -0.4785158219707425 0.037170972811071096 -168.70341627087313
frame0269.jpg -0.4772959186572509 0.039949023836970216 -169.78344767768263
frame0270.jpg -0.4780681041129818 0.04530691253085578 -170.78672301722474
frame0271.jpg -0.4790314659607921 0.055250598415570666 -173.07715821513253
frame0272.jpg -0.4789961492336787 0.05995249825735385 -174.1176552567728
frame0273.jpg -0.4772951184081567 0.06300341805993626 -175.27442069142575
frame0274.jpg -0.4787872617513789 0.0691432480456238 -176.34241256378826
frame0275.jpg -0.4782558228328118 0.07324180625598034 -177.4783365261579
frame0276.jpg -0.4783808862276805 0.07847365135996043 -178.50665371523388
frame0277.jpg -0.4771616745045542 0.0821236995961728 -179.4948406333903
frame0278.jpg -0.4778710165977472 0.08779006482923146 -180.72818308350617
frame0279.jpg -0.4760091937018877 0.09114822908586573 -181.80528534952091
frame0280.jpg -0.4757792651776901 0.096016764472034 -182.8603133782369
frame0281.jpg -0.4734213393937773 0.09850069833053468 -183.9638001326876
frame0282.jpg -0.4743030483595596 0.10481059143173194 -184.90614561609155
frame0283.jpg -0.4726728054222778 0.10855753897285733 -185.96596696823738
frame0284.jpg -0.4733477712793884 0.11470072751333815 -186.8843534455814
frame0285.jpg -0.4712820739536263 0.11815250946059695 -187.8280347404383
frame0286.jpg -0.4690210594774644 0.12150869208549656 -188.89836522913453
frame0287.jpg -0.4690950885739021 0.121576698464941 -188.9126687481625
frame0288.jpg -0.4686574435386587 0.12692213048715265 -189.89694834425998
frame0289.jpg -0.4670048895364173 0.13137648991927178 -190.6776549436851
frame0290.jpg -0.4647904262321682 0.13547081701216232 -191.82767391239338
frame0291.jpg -0.4634153056759186 0.14003964768114333 -192.9104986261096
frame0292.jpg -0.4619971824409115 0.14502277271244832 -193.7121542075972
frame0293.jpg -0.45866981577477595 0.1480352849067469 -194.80532624491096
frame0294.jpg -0.4548372134253694 0.1566071400771715 -196.7128130634588
frame0295.jpg -0.4527635867932701 0.16086160606159147 -197.76332377859882
frame0296.jpg -0.4516511436521553 0.16642023694633748 -198.828940177391
frame0297.jpg -0.44998506055054094 0.1713695192945904 -199.8821773367875
frame0298.jpg -0.4481960543700619 0.1762994771241668 -200.99719334165798
frame0299.jpg -0.4446827849907355 0.17858498432579684 -202.15040507521343
frame0300.jpg -0.4431542104840661 0.18357222045244467 -203.33151090489002
frame0301.jpg -0.4396672941650359 0.18664108756137004 -204.20116511567855
frame0302.jpg -0.43634121394146375 0.18910879353258053 -205.0986069895377
frame0303.jpg -0.4336050552632983 0.192175609538619 -206.22171872382808
frame0304.jpg -0.4304810579180198 0.19459839725146752 -207.29881425662225
frame0305.jpg -0.4287411673639936 0.1991070818077864 -208.2365611751363
frame0306.jpg -0.4266645083730433 0.2032181932362713 -209.29737666936626
frame0307.jpg -0.42377090618577695 0.2065359842348589 -210.33414137545174
frame0308.jpg -0.4205217286638815 0.20984234401460453 -211.2942666903954
frame0309.jpg -0.4174214936343725 0.21284916696358624 -212.2664024059169
frame0310.jpg -0.4161540160799237 0.2195740499557401 -213.32273927686816
frame0311.jpg -0.4160518497397916 0.21941400605980316 -213.35759130654168
frame0312.jpg -0.4112663799708737 0.22055459238393416 -214.49100722029513
frame0313.jpg -0.4081319917369312 0.22346391655371076 -215.3971469053213
frame0314.jpg -0.4051536345346891 0.2276066189397716 -216.37364099938648
frame0315.jpg -0.3998099766550126 0.22750843210215885 -217.3096156368877
frame0316.jpg -0.39864931193410574 0.233473676424058 -218.38826490906447
frame0317.jpg -0.3950629712150557 0.2365707262513563 -219.3404676909562
frame0318.jpg -0.3887742768985646 0.24286573551969204 -221.637214746648
frame0319.jpg -0.3852651102351715 0.24623084295409206 -222.7344492717708
frame0320.jpg -0.3817609447988076 0.2492794262925414 -224.0895061272499
frame0321.jpg -0.3771980178770187 0.250176372431678 -225.00496545546173
frame0322.jpg -0.37412688533864297 0.2534503787161541 -226.20289332552085
frame0323.jpg -0.3711650632390819 0.2571960407021149 -227.35117942374433
frame0324.jpg -0.3661009630860126 0.2572950057413838 -228.59488575448518
frame0325.jpg -0.3625101943828022 0.2597254240774134 -229.62735683182962
frame0326.jpg -0.3605090009028218 0.2652584303799416 -230.7240764630138
frame0327.jpg -0.3554858902886048 0.2655623880818814 -231.7317248879708
frame0328.jpg -0.3657788272584459 0.2955266216954053 -235.25281297921168
frame0329.jpg -0.34911238744642603 0.2723954694515159 -233.96330246466843
frame0330.jpg -0.34620578130049995 0.2765679271851759 -235.0991879873494
frame0331.jpg -0.3392738303580597 0.2720191702533221 -236.24594025061958
frame0332.jpg -0.3360573842873381 0.2762974137452948 -236.9028975450603
frame0333.jpg -0.3341294547781057 0.2834204872000283 -238.0573038279137
frame0334.jpg -0.3294718359489785 0.2834240178662961 -239.01101283187887
frame0335.jpg -0.3294718359489785 0.2834240178662961 -239.01101283187887
frame0336.jpg -0.3237751378173844 0.2823984676084666 -240.46716577560602
frame0337.jpg -0.31937692434913345 0.2848180974972264 -241.14793392509057
frame0338.jpg -0.3142638472969379 0.2843407739400555 -242.20871700206885
frame0339.jpg -0.31081208413642203 0.28829947812502976 -243.1688218398202
frame0340.jpg -0.3059635692752821 0.2888463021441436 -244.3218764665171
frame0341.jpg -0.30122606386417183 0.2889736494465404 -245.3601968267247
frame0342.jpg -0.2975143229957549 0.291780146330234 -246.25502936049128
frame0343.jpg -0.28787208765102285 0.2912049009221131 -248.23152073464294
frame0344.jpg -0.2836099697650907 0.2929848834640498 -249.49528233020618
frame0345.jpg -0.2794098991243217 0.29533274047819924 -250.56215895171871
frame0346.jpg -0.2742831143757891 0.29418431239190146 -251.6560623748843
frame0347.jpg -0.2697338654766902 0.29416751069093466 -252.6861051665394
frame0348.jpg -0.2655892308467517 0.2950371003557217 -253.77504031900654
frame0349.jpg -0.2608896328119781 0.2941326640080949 -254.8317510436348
frame0350.jpg -0.2571697940275715 0.2959620623708074 -255.84503085196843
frame0351.jpg -0.2529814942998929 0.2971776984394899 -257.1044793522689
frame0352.jpg -0.2483600245675455 0.29723350393864223 -258.0189702320288
frame0353.jpg -0.2435495323631112 0.2966365652218019 -259.0506150925909
frame0354.jpg -0.23937599822547034 0.2981865163476464 -260.1009744058947
frame0355.jpg -0.2342411736722425 0.296824612607213 -261.1855071791362
frame0356.jpg -0.2295375530588583 0.29493368118146857 -262.0365625118341
frame0357.jpg -0.2256688995893124 0.2968362523548244 -263.0817213356029
frame0358.jpg -0.2210752240200177 0.2962993658372527 -263.89839738090745
frame0359.jpg -0.22110607727947632 0.2963810384696564 -263.9168475980557
frame0360.jpg -0.21681159952417395 0.2967523039182332 -265.1753113319112
frame0361.jpg -0.21226707735861708 0.2975630143157957 -266.1604660927967
frame0362.jpg -0.20722587140259194 0.2963601486994396 -267.1886122846765
frame0363.jpg -0.20259975050565215 0.295657919872864 -268.1685683285104
frame0364.jpg -0.1977815528399885 0.2943678436623509 -269.3130465134837
frame0365.jpg -0.19288671589188014 0.2919257897541223 -270.20400439572364
frame0366.jpg -0.1845009846627511 0.29137836869962114 -272.2922909844
frame0367.jpg -0.18009100842367898 0.2909123356171568 -273.49607969224826
frame0368.jpg -0.1755718105427258 0.28973430870699257 -274.39126103609055
frame0369.jpg -0.17109439397732362 0.2882570705942495 -275.3169069557502
frame0370.jpg -0.16652575938755151 0.2860742664426751 -276.4038339425092
frame0371.jpg -0.16240843588958015 0.2856609395693882 -277.2780133154375
frame0372.jpg -0.15779714051412402 0.2824585323291606 -278.40588795655606
frame0373.jpg -0.15403839282924806 0.2831003275378376 -279.4732588605551
frame0374.jpg -0.14945557389781589 0.27968453179903696 -280.2850609000296
frame0375.jpg -0.1454495037419899 0.2776929657428612 -281.2780477941236
frame0376.jpg -0.14173116021708007 0.2788805527109015 -282.1980385118542
frame0377.jpg -0.13719094932538298 0.2752663207862837 -283.2859073748885
frame0378.jpg -0.13304862621659333 0.2724326219105935 -284.30367493638994
frame0379.jpg -0.12929000441064853 0.2733055128084497 -285.1742835532358
frame0380.jpg -0.12445181295988683 0.2685762828845045 -286.3269315285791
frame0381.jpg -0.120465341601643 0.2662404290639929 -287.2159433211956
frame0382.jpg -0.11649722332591715 0.2652367833916166 -288.28671868221994
frame0383.jpg -0.1165308993017839 0.2654209389574278 -288.2365197617329
frame0384.jpg -0.1123533839153826 0.2620552119633006 -289.0716500240022
frame0385.jpg -0.10865372689394588 0.26101987734393123 -290.19882467479476
frame0386.jpg -0.10449293975868827 0.2580968547586797 -291.18857067526005
frame0387.jpg -0.100615872386525 0.2557655097290453 -292.1218228219508
frame0388.jpg -0.09671274804278272 0.25280348761322896 -293.04160679192773
frame0389.jpg -0.09299290416791964 0.25190580319682315 -293.9850788048173
frame0390.jpg -0.08481148271883743 0.24280138535832796 -295.8148148751169
frame0391.jpg -0.08169095633344581 0.24148350380625816 -296.87082501877234
frame0392.jpg -0.07823732431085745 0.2373093306126575 -297.8357536127387
frame0393.jpg -0.0752756606450309 0.23812042892171476 -298.90367047927657
frame0394.jpg -0.07139692465520038 0.23278114043292505 -299.84165517796015
frame0395.jpg -0.06784473149848905 0.2300939639593337 -301.1037536770919
frame0396.jpg -0.06443182292231259 0.2282437214459453 -302.1220546346502
frame0397.jpg -0.060840273808524616 0.2244640091827403 -303.0642637216192
frame0398.jpg -0.05740380370647191 0.2235248499057934 -304.18869031205315
frame0399.jpg -0.05383850206854042 0.21860317115465536 -305.0821511766628
frame0400.jpg -0.050641841016139534 0.21289573763362693 -306.1822685890682
frame0401.jpg -0.04772692726558855 0.21120276090196566 -307.27416591730815
frame0402.jpg -0.04462542169521957 0.20946631607320715 -308.23414854922714
frame0403.jpg -0.041601682869173005 0.2047398796426712 -309.3716393005883
frame0404.jpg -0.0386468575313095 0.2009352236313808 -310.31617107357044
frame0405.jpg -0.03558388450451348 0.19731264814881616 -311.32182447381166
frame0406.jpg -0.032626668632619336 0.1924140386656808 -312.48335809304587
frame0407.jpg -0.032606177409130264 0.192352579334917 -312.53217740290876
frame0408.jpg -0.029633878468187037 0.18812268149512795 -313.49599919960485
frame0409.jpg -0.026891675139719632 0.1848433428999964 -314.5345018824345
frame0410.jpg -0.02434004172066061 0.18214925108362848 -315.6741273611305
frame0411.jpg -0.021886637544452855 0.17712874462966366 -316.83715898983894
frame0412.jpg -0.019644535158940324 0.17422577601784722 -318.0009065897743
frame0413.jpg -0.017158982350313753 0.17022287609245648 -319.11234266981023
frame0414.jpg -0.01263455477617971 0.16376448028634422 -321.37062296614806
frame0415.jpg -0.010348568962693108 0.1591324847766627 -322.26599170252706
frame0416.jpg -0.008119622842693547 0.15444969241340276 -323.4463414860895
frame0417.jpg -0.006114955699385763 0.15313027652747244 -324.3224371604322
frame0418.jpg -0.004289866281068741 0.14831305930895095 -329.97869234593577
frame0419.jpg -0.002502403540340072 0.14172635301817166 -327.1380073326649
frame0420.jpg -0.0003342925123475532 0.13836138722611865 -327.8329842845192
frame0421.jpg 0.0014705532414912364 0.13972220099939495 -328.8580384684995
frame0422.jpg 0.002692141016838852 0.12990845242999438 -330.24496316903947
frame0423.jpg 0.0045533083908101115 0.12138130230678965 -330.7603694930789
frame0424.jpg 0.006374136503494021 0.13453474216399575 -333.0910701917951
frame0425.jpg 0.007631796866042624 0.11607711016959266 -333.097003506056
frame0426.jpg 0.00896255261720248 0.11160722790195084 -334.2138237310028
frame0427.jpg 0.010002178911931685 0.10507404889995184 -335.03997485274976
frame0428.jpg 0.011218461363666872 0.10374697576597658 -336.2775307484272
frame0429.jpg 0.01234147698711685 0.09655479629380664 -341.71059792200026
frame0430.jpg 0.013329030264517476 0.09381055951539563 -338.3613585209489
frame0431.jpg 0.013329144272541858 0.09381372631274597 -338.36135338711074
frame0432.jpg 0.014305138980440953 0.08900709225201922 -339.2246038230183
frame0433.jpg 0.015152921150968425 0.08325728465981053 -340.35262283716077
frame0434.jpg 0.01602808191202593 0.07947885516949413 -341.269224569353
frame0435.jpg 0.01674106346614183 0.0756382837160311 -342.19367075821486
frame0436.jpg 0.017225233466827482 0.07148524469644618 -343.15107069670313
frame0437.jpg 0.01760235635497473 0.06419405698161787 -349.01414674459306
frame0438.jpg 0.018289935479162796 0.05721471029317761 -346.3172585033596
frame0439.jpg 0.01846746390849221 0.05267985596531677 -347.38015863657625
frame0440.jpg 0.018507085087155067 0.048327029464351835 -348.32929054970333
frame0441.jpg 0.018488361169637337 0.04309622037876472 -349.3552044448141
frame0442.jpg 0.018538170270333214 0.038591286222751035 -354.2311195884588
frame0443.jpg 0.01829950849253472 0.03526792980806154 -351.0667928163283
frame0444.jpg 0.017827542802120764 0.028415620750792063 -352.19197202782834
frame0445.jpg 0.017580057831657975 0.024934330409928512 -353.2124695669564
frame0446.jpg 0.01710149951246505 0.01962030775539429 -358.4734032956197
frame0447.jpg 0.016674827593891592 0.015895281285193446 -355.293385985337
frame0448.jpg 0.015961427931594906 0.01066383737023188 -360.2824232100306
frame0449.jpg 0.01544627222300541 0.013771896161302206 -356.92082025964663
frame0450.jpg 0.014581555377285615 0.001229315756187145 -362.4569585668022
frame0451.jpg 0.013659707491982209 -0.004073942887590686 -363.61296826732286
frame0452.jpg 0.012620990863171672 -0.008247788228226015 -364.5494064798399
frame0453.jpg 0.011627622716821159 -0.013099719920398734 -365.21734628772737
frame0454.jpg 0.010866545979097109 -0.0158129884281948 -362.35918078772744
frame0455.jpg 0.01087622387752043 -0.015733070955437408 -362.33356771497876
frame0456.jpg 0.009818587037520895 -0.021737633462443555 -367.3566255943978
frame0457.jpg 0.008927712939562389 -0.02570050969311528 -368.4590295957547
frame0458.jpg 0.007930511783058156 -0.029857807402738436 -369.4908703683359
frame0459.jpg 0.006970238997885061 -0.03032257295888497 -369.5135736298517
frame0460.jpg 0.005869068950968064 -0.032199880066919366 -367.61906020970935
frame0461.jpg 0.004491618296123545 -0.04233888811765563 -369.1008461138408
frame0462.jpg 0.003156155183368377 -0.04608467427434488 -373.6277344993449
frame0463.jpg 0.0016884419011575502 -0.04998792514239857 -371.0713899707686
frame0464.jpg 0.00026741015416892333 -0.046538970114096516 -371.936717888063
frame0465.jpg -0.0013468784450241386 -0.05867025244987091 -376.8987561210135
frame0466.jpg -0.00459897751550329 -0.06627311404223751 -378.2285414989644
frame0467.jpg -0.005786682562516677 -0.06838565003971818 -378.86410940267075
frame0468.jpg -0.0069126639490911 -0.06979108283778407 -376.43232905189194
frame0469.jpg -0.007800520891787531 -0.07225178611191926 -379.46396517110196
frame0470.jpg -0.00846498171231373 -0.07257858931206851 -377.00437312293303
frame0471.jpg -0.008894519664588232 -0.07341736092210949 -377.04373768103017
frame0472.jpg -0.009148947271395442 -0.074341386338577 -379.87985321892353
frame0473.jpg -0.00910156588075993 -0.07455684382541808 -379.84541534097644
frame0474.jpg -0.009094365927843585 -0.07461554250578734 -379.7266538394255
frame0475.jpg -0.009087294799352622 -0.07323751227841524 -377.21440363754607
frame0476.jpg -0.009016275829834304 -0.07473067244464389 -377.2441806722571
frame0477.jpg -0.009072707465747816 -0.07422199049747233 -377.3968428814171
frame0478.jpg -0.009060979940174348 -0.07403554445085173 -377.4148371368893
frame0479.jpg -0.009039559769846998 -0.07436612844519118 -377.4450213923859
frame0480.jpg -0.009047792592513086 -0.07416529202478138 -379.8192028307883
frame0481.jpg -0.00901376167619786 -0.07403416611178902 -377.2506775107116
frame0482.jpg -0.00901085054278877 -0.07399901260382698 -377.21537929653226
frame0483.jpg -0.009018153946214785 -0.07458882695953555 -377.3314947259937
frame0484.jpg -0.009024092772814013 -0.07419358021567925 -377.2629514740912
frame0485.jpg -0.009035441831833923 -0.07369261881038462 -377.3657516302499
frame0486.jpg -0.009007359987892531 -0.07427087517518778 -377.3975476280508
frame0487.jpg -0.009002375367277625 -0.07438553819671842 -377.3067123712581
frame0488.jpg -0.009057559330719778 -0.0737141953574673 -377.34330960437484
frame0489.jpg -0.009060230144609991 -0.07380297006843195 -377.3386659391843
frame0490.jpg -0.009013912566053842 -0.07400891430967507 -377.3644105420617
frame0491.jpg -0.009051325141255357 -0.07308057379502589 -377.2732104674054
frame0492.jpg -0.009062446995485418 -0.07264635071734178 -377.26180729683733
frame0493.jpg -0.009011536131128293 -0.07371357648492863 -377.25080264899395
frame0494.jpg -0.009010651152925635 -0.07394394587962982 -377.29022965816006
frame0495.jpg -0.008993762027809991 -0.07432279452619975 -377.4140443995088
frame0496.jpg -0.009025816146087771 -0.0735703318129616 -377.26060241664214
frame0497.jpg -0.009019333156930258 -0.07407761267893491 -377.4175909742371
frame0498.jpg -0.009028791771128988 -0.07396644622726012 -377.41806682856645
frame0499.jpg -0.009034698614041808 -0.07343123926081087 -377.35126717971684
frame0500.jpg -0.009037727872405598 -0.07362821296542613 -377.40936740907125
frame0501.jpg -0.009039968983362227 -0.07357293490087621 -377.40882157215543
frame0502.jpg -0.00901857588367608 -0.0741060417036139 -377.3865808586601
frame0503.jpg -0.009019028237698451 -0.0740693555625591 -377.37666137098256
frame0504.jpg -0.009041704440721195 -0.0735831058593322 -377.22101771064905
frame0505.jpg -0.009073912353716776 -0.07404612868421928 -379.99165283162563
frame0506.jpg -0.00902896865164622 -0.07366894667699335 -377.1918504129045
frame0507.jpg -0.009024181524025844 -0.07359691609021228 -377.2441004243307
frame0508.jpg -0.009002073414261944 -0.07402118014838209 -377.1308240056699
frame0509.jpg -0.009023839562464223 -0.07372872271019218 -377.2769768760559
frame0510.jpg -0.009046263124843605 -0.07424941782301395 -379.7014865366562
frame0511.jpg -0.009071325310016858 -0.07407938222317853 -379.7232098913999
frame0512.jpg -0.009117376172790528 -0.07394590626411471 -379.8907813643032
frame0513.jpg -0.00908962957938219 -0.07403447006657532 -379.6105639436859
frame0514.jpg -0.00908261736439383 -0.0738344315234446 -379.5675175576925
frame0515.jpg -0.009061910724026552 -0.07394918723050736 -379.6503545526984
frame0516.jpg -0.009055782521097098 -0.07359535334487638 -379.4995142173651
frame0517.jpg -0.009056711107896662 -0.0733548786201921 -379.3675052031258
frame0518.jpg -0.00921352866880416 -0.06933384170654394 -377.29441780243246
frame0519.jpg -0.00920734539967821 -0.06927433118598529 -377.26146330340845
frame0520.jpg -0.009069875661895209 -0.0738940217072243 -379.5424737697176
frame0521.jpg -0.009171975970896858 -0.0698988720897478 -377.2723217336986
frame0522.jpg -0.00909728202242889 -0.07310194448009391 -377.30911229427
