frame0000.jpg 0.0 -0.0 -0.0
frame0001.jpg 0.0017494944625447602 0.00015365697360953572 -0.2720662893568498
frame0002.jpg -0.00019385132933157304 1.0890370481260408e-05 0.04409756425242433
frame0003.jpg -0.00019730239084947404 1.1007350080194285e-05 0.041898092985751326
frame0004.jpg -0.00019730239084947404 1.1007350080194285e-05 0.041898092985751326
frame0005.jpg -0.00019730239084947404 1.1007350080194285e-05 0.041898092985751326
frame0006.jpg -0.00019730239084947404 1.1007350080194285e-05 0.041898092985751326
frame0007.jpg 1.7676949478098408e-06 2.817725132080492e-05 0.07355455396632082
frame0008.jpg 7.4779202746167514e-06 3.244310267278405e-05 0.06662574395296987
frame0009.jpg 7.4779202746167514e-06 3.244310267278405e-05 0.06662574395296987
frame0010.jpg 0.0013288338533199565 0.00016567044435992654 -0.3430810560496162
frame0011.jpg 0.0016943136388933846 0.00021204875394027788 -0.18880998135499336
frame0012.jpg 0.0017659890776264102 0.00018533495905350677 -0.2699492456319332
frame0013.jpg -0.0002688880457198749 1.710521684440779e-05 -0.03369174184535971
frame0014.jpg -0.0002688880457198749 1.710521684440779e-05 -0.03369174184535971
frame0015.jpg 0.0019098294213172363 0.000191736969299278 -0.31450166250859074
frame0016.jpg 0.0008742043441913941 9.159431994945085e-05 0.08582961492614237
frame0017.jpg 0.0018874652722565227 0.00015084075591282491 -0.13094404731042972
frame0018.jpg 0.0026336360267507127 0.00029260843346162497 -0.21557307774920667
frame0019.jpg 4.256200757748153e-05 5.3153053102748135e-05 -0.1342944727416677
frame0020.jpg 0.0016284558744467494 0.00016482789901687243 -0.3714969250066102
frame0021.jpg 0.0007411794779513657 9.153946042998936e-05 0.1770676918357499
frame0022.jpg 0.002031734642015138 0.0002352557827842928 -0.2791021052271954
frame0023.jpg 0.001964362658314065 0.0002270589488950976 -0.29011923070183365
frame0024.jpg -0.00011760185124583025 6.473171001957168e-05 -0.01564535708876682
frame0025.jpg 0.0016058870987163527 0.00018128820556282733 -0.3195312735808392
frame0026.jpg 0.001409118895979891 0.0001445556046470983 0.10829759595742804
frame0027.jpg 0.0015831648059261036 0.00021175735295555172 -0.29840482514581074
frame0028.jpg -0.00022695812869069477 4.204863967701066e-05 -0.07366850976670496
frame0029.jpg 0.001206349789211451 0.00013762483476824382 0.09398308482559
frame0030.jpg 0.00176200584015752 0.00018661473047026304 -0.3624844474994415
frame0031.jpg 0.0017729224148821914 0.00015023985287627257 0.028566447139528876
frame0032.jpg 0.0019425398792075914 0.00017275362200614642 0.005239293599295897
frame0033.jpg -0.000109514420770349 4.545111649310144e-05 -0.013657353515351795
frame0034.jpg -0.0002461095953357636 3.177049872204987e-05 0.01532587454481755
frame0035.jpg 0.001781356139740729 0.0001881514268471604 -0.3078471593999524
frame0036.jpg -7.879695491144561e-05 4.5321114024965666e-05 0.041506471882840894
frame0037.jpg 0.001547267174140178 0.0001389757644077251 0.05668299939667167
frame0038.jpg 0.001547267174140178 0.0001389757644077251 0.05668299939667167
frame0039.jpg 0.0017954082857256867 0.0001962110364183069 -0.2206535572408628
frame0040.jpg 0.001573522503425032 0.00016172673515525596 -0.31689614571927205
frame0041.jpg 0.0010354625291660456 8.670182832333017e-05 0.13498749177486238
frame0042.jpg 0.0013940553046886686 0.00016268059407235653 -0.3956863644255035
frame0043.jpg 0.0024731875324215326 0.00027288582727133515 -0.22277389760322608
frame0044.jpg 0.0018910987638603245 0.00020874885852950305 -0.3438742123294332
frame0045.jpg 0.0016494467663351296 0.0001844390433857787 -0.3859297392629509
frame0046.jpg -0.0001583277471391603 5.769343169332768e-05 0.009733948958652865
frame0047.jpg -0.0002779096230430016 3.192836314716907e-05 0.01646938637447587
frame0048.jpg -0.00017544278099931377 3.6316133575172606e-05 -0.037490381486538674
frame0049.jpg -2.13746104903724e-05 5.8869001809523656e-05 -0.061478336167493784
frame0050.jpg 0.002056632127946861 0.00022093599176806935 -0.38561013663000976
frame0051.jpg 0.001694660058634459 0.00019187513390043576 -0.3682583442557426
frame0052.jpg 0.0017361154042002305 0.0001964505804393284 -0.3793555055625463
frame0053.jpg 0.0018234624781098766 0.00017424414352150343 -0.0892061717043664
frame0054.jpg 0.0018028065664433875 0.00016618162411454222 -0.090599911997462
frame0055.jpg 0.0004486314514557404 7.174286834138503e-05 0.13293504201155934
frame0056.jpg 2.701117931005644e-05 9.08122054781225e-05 -0.01716543953157369
frame0057.jpg 4.2306124309827444e-05 9.10910736876611e-05 0.003069230588253024
frame0058.jpg 0.0003326664109772437 7.473729584524339e-05 0.2323219444205517
frame0059.jpg 0.0009238641676575672 0.00010301606145814684 0.15722037344321485
frame0060.jpg 0.00014120916995321822 6.486083677118137e-05 0.01928710199377696
frame0061.jpg 0.0015762411496494785 0.00013454182635985756 0.07515339336514043
frame0062.jpg 0.001403133828346427 0.0001350685029311304 0.1330471658209963
frame0063.jpg 0.0008805826611718941 0.00010381149733971036 0.1629260451067614
frame0064.jpg 0.0009919804593502015 8.953583672476116e-05 -0.43172431802966377
frame0065.jpg 0.001548830682882051 0.00013687659999388842 0.1032200413650763
frame0066.jpg 0.0013086173290363509 0.00012207141423448435 0.12979862484692026
frame0067.jpg 0.0016521668122358873 0.0001605426623633193 -0.2403754427631264
frame0068.jpg 0.0012478040290794293 0.00013208794465309034 -0.2271813220738922
frame0069.jpg 0.0018552302062323763 0.00020463282109724624 -0.19594234358269946
frame0070.jpg 0.0016559239771789306 0.00014465463577116458 0.12532587222893435
frame0071.jpg 0.00247791935055867 0.00018123502528327758 -0.0196292618211062
frame0072.jpg 0.0013771996063123265 0.00016340015658056922 0.11253562238347564
frame0073.jpg 0.0017656776521954647 0.00016004274935109942 0.0755586037822653
frame0074.jpg 0.000834288471868221 0.00013094996118314254 0.2287673205597309
frame0075.jpg 0.0016442142212887113 0.0002158346484640805 -0.1870584295292116
frame0076.jpg -0.00034688014281161186 6.615607654143322e-05 0.07852194883922907
frame0077.jpg -0.00032558177014772963 6.348868990025907e-05 0.06599155270052948
frame0078.jpg -0.0003190354355737025 6.0416721104642394e-05 0.06814923913659862
frame0079.jpg 0.0018473338746836708 0.0001803575135013786 0.03144471128297268
frame0080.jpg 0.0018705806814499867 0.00024177385935162505 -0.1566686918124694
frame0081.jpg 0.0013638634312771966 0.0001453723725426255 0.0932542527073195
frame0082.jpg 0.0010271748864711932 0.0001215524680908292 0.14951199724324274
frame0083.jpg 0.001476835916760226 0.00013685513109011355 0.13504870822385942
frame0084.jpg 0.0018534189688954586 0.00022820862191580405 -0.15774681690914333
frame0085.jpg 0.0030673344664516908 0.00029728885615269165 -0.3025161579122308
frame0086.jpg 0.0030673344664516908 0.00029728885615269165 -0.3025161579122308
frame0087.jpg 0.003040608709126193 0.0002948669165695172 -0.308729377951031
frame0088.jpg -0.00011778202848681885 7.141559316325652e-05 0.008075332813441232
frame0089.jpg 0.0016510936313449429 0.00012872955489495958 0.04025414831362529
frame0090.jpg -3.2831033888737964e-05 4.740527923889645e-05 0.010448095882136087
frame0091.jpg 0.001402242373523026 0.00010805780503830648 0.03925096824873913
frame0092.jpg 0.0013282366473674704 0.00013893811949125686 -0.298110738497764
frame0093.jpg 0.000815076466582757 7.784870400841687e-05 0.05986403080201106
frame0094.jpg 0.0020196666874119614 0.00020618829457869352 -0.3384264387788045
frame0095.jpg 0.0014013710689541527 0.00012291177886428027 0.044002436898746264
frame0096.jpg 0.0019267825002849488 0.00015040079549668184 0.025373963366143643
frame0097.jpg 0.0026223890251318533 0.00020990776777107475 -0.19864788085350604
frame0098.jpg 1.6992915261578288e-05 5.276802835883599e-05 0.0190861968410667
frame0099.jpg 0.0018502430530063906 0.0001968341329348192 -0.42727075860632857
frame0100.jpg -5.1709170161781186e-05 6.262541684303939e-05 -0.0250191878992546
frame0101.jpg 0.0014054371204518495 0.00014751558530028702 0.10138359842692726
frame0102.jpg -0.00010128927281515043 6.295661415315922e-05 -0.029084830472077813
frame0103.jpg 0.0020180077230315266 0.00025977177567712014 -0.10814368454195887
frame0104.jpg 0.0017387412787251177 0.0001979653797276532 -0.3102537894696893
frame0105.jpg 0.0003552929079890393 5.007293196223867e-05 0.1369390122823858
frame0106.jpg 0.0005819791573954008 0.00011720931180650376 0.2295894831257872
frame0107.jpg 0.0014571593602385766 0.00015239518612686126 0.15539849237147896
frame0108.jpg 0.0017407052352573454 0.00022275632782345323 -0.2786300168875602
frame0109.jpg 0.00077044375698545 0.0001337476979731292 0.2406887568431464
frame0110.jpg 0.0010718669764359806 0.0001413685701651426 0.16552775648099993
frame0111.jpg 0.0007284835338710906 0.00012363234655854172 0.2508426496325743
frame0112.jpg 0.0006941090361535682 0.00011714279264428673 0.2316774545794812
frame0113.jpg 0.0010698333639314812 0.0001317846067209271 0.1531857839848105
frame0114.jpg 0.0012159646348356582 0.0001406754575738338 0.11289302666249565
frame0115.jpg -0.00024809316270358125 6.643336503643464e-05 -0.0030181995838007795
frame0116.jpg -0.00021905668336421303 7.123479770024069e-05 -0.0036953247212286947
frame0117.jpg 0.0013097579240608805 0.00015844564252407307 0.22167097839223085
frame0118.jpg 0.0005804327130837006 0.00012242795707114124 0.21033845885030386
frame0119.jpg 0.0007713109797243918 0.00013333960875857337 -0.6394104365905874
frame0120.jpg 0.0020858318023190643 0.000297078361687273 0.20858282864393446
frame0121.jpg 0.0021643028024751626 0.0002426552302389396 -0.22089695523676792
frame0122.jpg 0.001740025926199418 0.00022227394811103106 -0.2015195610444404
frame0123.jpg 0.002229599262679468 0.0001993754250120115 -0.05332379158978872
frame0124.jpg 0.002245750330549638 0.0002007870718034291 -0.07310740461137966
frame0125.jpg 0.0013681186519809176 0.00014288705708343722 0.04389484084090077
frame0126.jpg 0.00238865118353944 6.490756677708534e-05 -0.4758018561952268
frame0127.jpg 0.0035863814452007725 -0.0009056401246848605 -0.9250127637348556
frame0128.jpg 0.002519057309839613 -0.002309574327920567 -1.231920027436008
frame0129.jpg 0.0018721879534646766 -0.004310610747775302 -1.9241025690764653
frame0130.jpg 0.002966873860128389 -0.0069125775409339075 -2.9193337678129527
frame0131.jpg 0.001397606519764622 -0.009925998614033251 -3.704050764155852
frame0132.jpg 0.001243362183921218 -0.012797696848036888 -5.417023548074763
frame0133.jpg 0.00028981574377941714 -0.016311295490341018 -5.547305678266839
frame0134.jpg -0.0017079820547633478 -0.0196722793082408 -6.659062902848206
frame0135.jpg -0.0017974204552827372 -0.01969276679061787 -6.669342403772522
frame0136.jpg -0.00245348478166322 -0.023061836946226804 -7.483114386525422
frame0137.jpg -0.003256540335877722 -0.026579929863156156 -8.672715517455911
frame0138.jpg -0.002892522026574209 -0.02959991920628265 -10.601606992865502
frame0139.jpg -0.003501748097768241 -0.03316162620244625 -11.31122288418482
frame0140.jpg -0.004889101858119407 -0.037376034381938 -12.195002399602766
frame0141.jpg -0.006374015085475235 -0.04110056646413937 -13.528351482286023
frame0142.jpg -0.0072098574643766735 -0.044620306725261655 -14.473298459445731
frame0143.jpg -0.005609304739033053 -0.04815192302949073 -16.03540844576777
frame0144.jpg -0.009812711601638591 -0.05248158363215765 -16.683027612180332
frame0145.jpg -0.012058361339366176 -0.059655919085435924 -19.40806751367223
frame0146.jpg -0.014214939734292682 -0.06273585267378777 -20.344989719743435
frame0147.jpg -0.015854809981444458 -0.06643866502312606 -21.436609784612195
frame0148.jpg -0.015482689919811322 -0.07043291596175724 -21.84671681271036
frame0149.jpg -0.014712076069749384 -0.07334102317219647 -24.60061584264177
frame0150.jpg -0.01807903593894598 -0.07753002805645189 -26.220006625536357
frame0151.jpg -0.021798663278425532 -0.08161996418688937 -26.477438386960806
frame0152.jpg -0.020477370960729088 -0.08395234843138515 -27.77053955066269
frame0153.jpg -0.02228421813531628 -0.0874857837937886 -29.29934491402359
frame0154.jpg -0.027267091148341863 -0.09189423394826267 -29.08418505331776
frame0155.jpg -0.02862828880739472 -0.09499510957977753 -30.26551640826269
frame0156.jpg -0.029196753189236205 -0.09809174380424383 -33.107059310346955
frame0157.jpg -0.03105746239594745 -0.10136382041951787 -34.26058643620771
frame0158.jpg -0.032381029879552485 -0.1043104452307218 -35.38977365200993
frame0159.jpg -0.032055661669541234 -0.10420429397577044 -35.347331599011774
frame0160.jpg -0.03397451933236137 -0.10739205476123156 -36.62027688131306
frame0161.jpg -0.035838617642082966 -0.10989476763802132 -37.76596863827593
frame0162.jpg -0.0404442391941306 -0.11365179995694218 -39.30994617517924
frame0163.jpg -0.0428549399040168 -0.11700709108894848 -40.49905619305678
frame0164.jpg -0.045749255901997334 -0.12005699689349895 -41.54180665069622
frame0165.jpg -0.049050032013459664 -0.1233579442482033 -42.688052807900455
frame0166.jpg -0.050974383839765686 -0.1262951234296672 -43.77721226139752
frame0167.jpg -0.05410992945495621 -0.12913509670477658 -42.93543708805946
frame0168.jpg -0.05579460695584749 -0.13145031096592258 -46.376892222088756
frame0169.jpg -0.061849842996840064 -0.1368421212747624 -48.89073447315485
frame0170.jpg -0.06527962928325277 -0.1396003712167072 -50.284856296896976
frame0171.jpg -0.06570185782763198 -0.14137596838469146 -51.416199512855556
frame0172.jpg -0.07039239371296653 -0.14442528261995513 -52.55001515316373
frame0173.jpg -0.07596583567636095 -0.14782955268045053 -54.17403395897829
frame0174.jpg -0.0765941885347964 -0.14911069710504266 -52.139407731574316
frame0175.jpg -0.0823831005234627 -0.15214586990119744 -53.293271576336785
frame0176.jpg -0.08412569052278812 -0.1534894006602373 -57.404225585611755
frame0177.jpg -0.0882150630020982 -0.1557216160048169 -58.508806586673394
frame0178.jpg -0.09198709961749132 -0.1579807863331437 -59.77621493555501
frame0179.jpg -0.09414890825119007 -0.15953463016238248 -60.94961873450218
frame0180.jpg -0.10026452363936901 -0.1621961065821119 -62.334497941743706
frame0181.jpg -0.10074184664530744 -0.16288770263410013 -63.389490824471004
frame0182.jpg -0.10513948888590588 -0.16495940495637612 -64.56999858538933
frame0183.jpg -0.10481919571662668 -0.16482705829535368 -64.51875506869911
frame0184.jpg -0.10818458354510076 -0.16627469211749651 -62.54154827008975
frame0185.jpg -0.11338434486929334 -0.16831498082586668 -67.41011836681754
frame0186.jpg -0.11520719750616047 -0.1689439618687667 -68.24733585547679
frame0187.jpg -0.12010693890918232 -0.170934387159555 -69.58244869223644
frame0188.jpg -0.12316315547754385 -0.17188997365605324 -70.81532487765692
frame0189.jpg -0.12918689562682184 -0.1739212218191313 -72.28403805541231
frame0190.jpg -0.13156961589980232 -0.1747944283876592 -73.29121647799391
frame0191.jpg -0.1343933615150817 -0.1755367861058018 -74.37814790109113
frame0192.jpg -0.13752432555154667 -0.17611871221967032 -75.5494215306083
frame0193.jpg -0.1472937998257322 -0.17862295090614497 -78.07186082917009
frame0194.jpg -0.15069848959032733 -0.17918902293089314 -79.65717413415092
frame0195.jpg -0.15308112445152 -0.1793197396623018 -80.45332830242391
frame0196.jpg -0.15957355832298234 -0.18101645335107636 -81.974440745476
frame0197.jpg -0.1616283878112028 -0.18097127297897114 -82.81966320931888
frame0198.jpg -0.16628102976495165 -0.18175607739837588 -84.29155551790002
frame0199.jpg -0.17140913270265182 -0.1825538611132391 -85.50793214846783
frame0200.jpg -0.17416573880980074 -0.18246703667821826 -86.89592502435616
frame0201.jpg -0.17812109122257624 -0.18275292000731175 -87.86613098638563
frame0202.jpg -0.183976329630969 -0.1835817743994057 -88.96334395595066
frame0203.jpg -0.1864457263186507 -0.1831157266402764 -90.36290828742766
frame0204.jpg -0.19080041239418105 -0.18318766170489367 -91.39089162384288
frame0205.jpg -0.19624840799740312 -0.18366346025195826 -92.71956301746752
frame0206.jpg -0.19894441216237696 -0.18315117496445046 -94.03380311694828
frame0207.jpg -0.1984612654038475 -0.18297412225958587 -94.0435373812279
frame0208.jpg -0.20385735898410406 -0.18309338922138813 -95.23053281388023
frame0209.jpg -0.20706874154842428 -0.18252411458470735 -96.39518082592743
frame0210.jpg -0.21074051836554786 -0.18205790336536154 -97.65919686196251
frame0211.jpg -0.21403266255080985 -0.1813074245235693 -94.5238472819639
frame0212.jpg -0.21797990096599373 -0.18057797511822296 -99.88553662504856
frame0213.jpg -0.2237357140593625 -0.18069215618398693 -101.37765473702811
frame0214.jpg -0.2264120370571045 -0.1795162076753796 -98.58480320997772
frame0215.jpg -0.22964276958045185 -0.17821363930129036 -103.50712959731035
frame0216.jpg -0.25438975893731297 -0.18445870174109866 -104.3274344290418
frame0217.jpg -0.2417388862351548 -0.17517561292839118 -106.96054376575786
frame0218.jpg -0.2517789185594687 -0.17603100211818312 -108.22646049927909
frame0219.jpg -0.2557872465911777 -0.17487940875308133 -109.49572774124806
frame0220.jpg -0.2770483478932804 -0.17942555069251895 -111.52033448523106
frame0221.jpg -0.27296727268763843 -0.17558580493238535 -110.77871569722849
frame0222.jpg -0.2643419351124985 -0.17021697994956422 -110.30719913053288
frame0223.jpg -0.2639916046702554 -0.1673198558389779 -114.40765121718918
frame0224.jpg -0.26793257403230136 -0.16593165237487614 -115.5738513079166
frame0225.jpg -0.27148616135085296 -0.16442558583895178 -116.92527592247772
frame0226.jpg -0.27263103108280057 -0.16214689099360385 -118.07519883779676
frame0227.jpg -0.2809825478562106 -0.16174116588760856 -119.10941587206956
frame0228.jpg -0.28053134751253866 -0.1588959628466552 -120.29633748384937
frame0229.jpg -0.28514590104323445 -0.15737835992196125 -121.60518782171378
frame0230.jpg -0.2910478206868052 -0.15572951811261454 -122.94484162639871
frame0231.jpg -0.2911626681240165 -0.15575469730642896 -122.95283469559969
frame0232.jpg -0.2933693544087161 -0.153240227379832 -124.26647429600456
frame0233.jpg -0.2949858890941959 -0.15076665999385316 -125.25701987894846
frame0234.jpg -0.3002654410376399 -0.14895039064600946 -126.64912066844059
frame0235.jpg -0.30325647754616625 -0.1464850514535601 -127.75912610909704
frame0236.jpg -0.3055012149475161 -0.14387768889615365 -128.98574821523016
frame0237.jpg -0.31042343381478504 -0.14139322944723834 -130.2479690410244
frame0238.jpg -0.3126980819845721 -0.1387485150389602 -131.44304616992986
frame0239.jpg -0.3158009844617887 -0.1361231535677564 -132.93236778449744
frame0240.jpg -0.32015465684695005 -0.13329493513799615 -133.94894170353024
frame0241.jpg -0.32351413981979105 -0.13063177888425576 -135.08809713010982
frame0242.jpg -0.3283525933717437 -0.12479444276228273 -137.6461673533535
frame0243.jpg -0.3300734231243786 -0.12185627936832948 -138.91090136876608
frame0244.jpg -0.336087879262486 -0.119238756898822 -140.17695039711015
frame0245.jpg -0.3365252208377956 -0.11549969773112585 -141.40232061329812
frame0246.jpg -0.3409040985834624 -0.11277104978850053 -142.73941362556195
frame0247.jpg -0.3413876550537475 -0.1092447626492566 -143.7931962959744
frame0248.jpg -0.34424751606519594 -0.10634361630587573 -145.23617740498725
frame0249.jpg -0.3458528586776065 -0.10300258083642357 -146.4092160708759
frame0250.jpg -0.34830915836730125 -0.09966122497614074 -147.6197235499531
frame0251.jpg -0.34970903347769783 -0.09651511575639048 -148.85514377339095
frame0252.jpg -0.3507369533666954 -0.09302454742623252 -150.10207514795172
frame0253.jpg -0.3525164099331115 -0.08917090976100514 -151.38414650525456
frame0254.jpg -0.35525296303205706 -0.0859959194236965 -152.46995475393044
frame0255.jpg -0.35492918510904103 -0.08594093441455504 -152.46848949091145
frame0256.jpg -0.3591484847952983 -0.08302879457376347 -153.77275695819358
frame0257.jpg -0.3587148964106405 -0.07928967050700544 -154.84981823553392
frame0258.jpg -0.3606348154236004 -0.07601176596036834 -156.23697233470227
frame0259.jpg -0.3652076735646653 -0.07236963066457291 -157.32275732758208
frame0260.jpg -0.3641149287491801 -0.06819808950039959 -158.5150219827768
frame0261.jpg -0.3675714351534571 -0.06478362391884952 -159.81227235265845
frame0262.jpg -0.3661489082390809 -0.06039759940885815 -160.9750371971351
frame0263.jpg -0.3685060643385472 -0.05645413420995645 -162.27635963490098
frame0264.jpg -0.3696890582599401 -0.05268261687010517 -163.53792063228326
frame0265.jpg -0.3709857545892665 -0.048879400531799434 -164.72675195419788
frame0266.jpg -0.37512168432366616 -0.04173425536734693 -167.30996421001703
frame0267.jpg -0.3747440069897913 -0.037301988529569036 -168.45613387419343
frame0268.jpg -0.3746252878001595 -0.033283612506810285 -169.79706154777003
frame0269.jpg -0.3750503912761823 -0.02946737802596375 -170.96057074646964
frame0270.jpg -0.3748937929231984 -0.025498299398185445 -172.06178607345578
frame0271.jpg -0.3764377689949858 -0.021837813468803983 -173.30785700398627
frame0272.jpg -0.3788967293835181 -0.018015426749501656 -174.63564890712246
frame0273.jpg -0.3763335392784165 -0.01381254983995385 -175.89864250566845
frame0274.jpg -0.3777470961817768 -0.010281576757035116 -177.03170417293603
frame0275.jpg -0.38061215434638107 -0.006239019117930567 -178.2204287296671
frame0276.jpg -0.3806236694478189 -0.002089953047750559 -179.44127056105071
frame0277.jpg -0.3780457083614779 0.0019307634706375173 -180.8348240779357
frame0278.jpg -0.3800296439243167 0.005843369269478732 -182.06576769111385
frame0279.jpg -0.3800026053801106 0.005844436146930822 -182.05957259983575
frame0280.jpg -0.3776127589282313 0.009866011720394516 -183.2596524935616
frame0281.jpg -0.37906315122450623 0.01369421155805381 -184.2545619338092
frame0282.jpg -0.378057163591408 0.017936909234120363 -185.63901515559203
frame0283.jpg -0.3759373327000653 0.02156776255791457 -186.8334637859382
frame0284.jpg -0.3774066617639752 0.025490224329507385 -188.05895000907398
frame0285.jpg -0.3770103393075563 0.029870409653730806 -189.40544367695136
frame0286.jpg -0.3755666915515649 0.03397594069648284 -190.60565570241292
frame0287.jpg -0.3744690245670053 0.03803437562637507 -191.86813104742916
frame0288.jpg -0.3725438368587463 0.04199116235069919 -192.9148931258326
frame0289.jpg -0.3731489762877787 0.04566344628468382 -194.19896534006855
frame0290.jpg -0.3720286522344796 0.053864334872033695 -196.55368798552144
frame0291.jpg -0.36889164549017855 0.057297234465237074 -197.82497497205867
frame0292.jpg -0.3703351039617807 0.061194116937207325 -199.44254052887948
frame0293.jpg -0.3633888184322076 0.06444924446038394 -200.60897121090085
frame0294.jpg -0.3642418371712184 0.06798312682125625 -201.42113551606178
frame0295.jpg -0.3672632891082932 0.07171285088584002 -203.10033309624356
frame0296.jpg -0.3618543942958843 0.07518233454903397 -204.3818310896961
frame0297.jpg -0.3617969218230562 0.07890527311074788 -205.58513136603025
frame0298.jpg -0.35901424565885964 0.08267595449719968 -206.75172750198047
frame0299.jpg -0.3566927184381591 0.08613594172204987 -207.83218493956252
frame0300.jpg -0.3556770918258813 0.08971427782292228 -209.217888972104
frame0301.jpg -0.3542502408446421 0.09327802152411996 -210.44095532561192
frame0302.jpg -0.3507130551750269 0.09644275169160343 -211.63329334355674
frame0303.jpg -0.3508403039480944 0.0964535807188911 -211.62249894823168
frame0304.jpg -0.3502414123061384 0.10018014048309157 -212.83133381477163
frame0305.jpg -0.34795682632645153 0.1036568348381714 -213.99236719122018
frame0306.jpg -0.3462397359047385 0.10686332711594036 -215.35164527854906
frame0307.jpg -0.34194534019530964 0.11011674886392347 -216.47550190690467
frame0308.jpg -0.3392742920032829 0.113426239239988 -217.76192625359369
frame0309.jpg -0.3370252953861717 0.1166113118398931 -219.17578811269854
frame0310.jpg -0.33493610186353123 0.11981989538071301 -220.30443095637293
frame0311.jpg -0.33162010348659626 0.12266393968196013 -221.5537931756121
frame0312.jpg -0.32826217382489464 0.12546830109143806 -222.75560123057355
frame0313.jpg -0.32428994159231395 0.1317221725512464 -225.1150640500181
frame0314.jpg -0.3215341136168198 0.1344920448960683 -226.50305668382612
frame0315.jpg -0.3177604641589036 0.13699296416117318 -227.84941101797386
frame0316.jpg -0.3155491233341157 0.13972364563014714 -228.90613114198794
frame0317.jpg -0.3111582387801132 0.14219839431376205 -230.30744692467738
frame0318.jpg -0.3089379763072484 0.14497985012979356 -231.40105849860805
frame0319.jpg -0.3041834688347568 0.14691235039204553 -232.58760804296878
frame0320.jpg -0.3033984370602737 0.14989090052202236 -234.15502061500513
frame0321.jpg -0.2989565226002283 0.15211562137486667 -235.33288132153893
frame0322.jpg -0.2955413251228448 0.15425551685830466 -236.25837474707714
frame0323.jpg -0.2903222904645926 0.1561022274093919 -237.62147672578345
frame0324.jpg -0.2880665413658159 0.15839752633602786 -238.7271688161669
frame0325.jpg -0.2833412830397665 0.16012146293122706 -240.11393003746616
frame0326.jpg -0.2804083862454189 0.16239489196762838 -241.35783369023295
frame0327.jpg -0.28037466958917784 0.16238591306736494 -241.3570486327908
frame0328.jpg -0.2782621100345828 0.16451704392501787 -242.49448431893984
frame0329.jpg -0.2738492207320621 0.16610200397348174 -243.80178421469998
frame0330.jpg -0.2700513189761344 0.16795059250043234 -245.02461872550595
frame0331.jpg -0.26710142294847794 0.1699517016247551 -246.23477808873207
frame0332.jpg -0.2631340844528494 0.17148422180888884 -247.3553307723859
frame0333.jpg -0.2593908150570926 0.17297822122227344 -248.85084229286895
frame0334.jpg -0.25681763679491865 0.17478966989895978 -249.93420440633258
frame0335.jpg -0.25125696931943137 0.17574839770489795 -251.04982345286987
frame0336.jpg -0.2469184775899057 0.17674097441888742 -252.30442550582427
frame0337.jpg -0.24276934416941995 0.1777304780879712 -253.48729248580318
frame0338.jpg -0.2339570619967005 0.17945327592368054 -256.1129624499323
frame0339.jpg -0.2308915044424073 0.18063544277484367 -257.0748725592247
frame0340.jpg -0.2292445706224268 0.18205003751625373 -258.3102757980331
frame0341.jpg -0.22383397072793326 0.18239859144578685 -259.6847500341628
frame0342.jpg -0.2203190279930573 0.1831348487556363 -260.8280977830737
frame0343.jpg -0.21742949018907856 0.18393399319145692 -261.94119974784485
frame0344.jpg -0.21211378884226345 0.1841669489778715 -263.3318318092537
frame0345.jpg -0.20754830771514787 0.18453888111057626 -264.32942813311814
frame0346.jpg -0.2038494799603552 0.1848336164471179 -265.59432921527576
frame0347.jpg -0.20275917384030145 0.18600503823359774 -266.6828116983737
frame0348.jpg -0.19520116274639449 0.18517064270972944 -267.90498152289524
frame0349.jpg -0.19184043103593587 0.18535922615627945 -269.2865010642827
frame0350.jpg -0.18746291389598926 0.18538934757709724 -270.3539247117695
frame0351.jpg -0.18739878714616592 0.1853646451334054 -270.3703757339249
frame0352.jpg -0.18233000633350865 0.18481739046545825 -271.50099582645026
frame0353.jpg -0.17879369334320938 0.18464116137472145 -272.8733367731979
frame0354.jpg -0.1751818298625323 0.18481197142277567 -274.22649247799995
frame0355.jpg -0.1711584015984155 0.18445687183848009 -275.0807064872123
frame0356.jpg -0.16699080651109127 0.1839408721172017 -276.6909709579364
frame0357.jpg -0.1632201217985722 0.18374551361999925 -277.7103399916673
frame0358.jpg -0.15799308429811973 0.1827694856206668 -279.04208752277003
frame0359.jpg -0.15445141545432614 0.1822235173188731 -280.3248644204852
frame0360.jpg -0.15034880232631695 0.18145728131338806 -281.41586883229934
frame0361.jpg -0.14442693894914918 0.1799514670572852 -282.5864539962155
frame0362.jpg -0.13759615162749114 0.17848093253627406 -284.8918917068228
frame0363.jpg -0.1347502507472939 0.17782338824053934 -286.2982189361571
frame0364.jpg -0.13122026969397474 0.1767610122641597 -287.34322260427183
frame0365.jpg -0.1271871257089429 0.1751536507386467 -288.54854406758255
frame0366.jpg -0.123511376136312 0.1736128005708063 -289.83209771575764
frame0367.jpg -0.12098290656392133 0.17283022909233214 -291.31000118243605
frame0368.jpg -0.1176108464460516 0.17137630094828432 -292.75885943686114
frame0369.jpg -0.11252153650449724 0.16950961052981298 -295.4932037205804
frame0370.jpg -0.10850308554673264 0.16797873106023406 -297.14479867907676
frame0371.jpg -0.1150225056762746 0.1691339089098654 -296.0256011822044
frame0372.jpg -0.10041538770653972 0.16414181795376814 -297.61769677237385
frame0373.jpg -0.0975017409270366 0.1625032516971706 -298.7264921285992
frame0374.jpg -0.1048464550672914 0.16330084640655834 -299.9720052044578
frame0375.jpg -0.10423890114709901 0.16312680055942747 -300.0474005735389
frame0376.jpg -0.08998616687570153 0.15789945194677574 -303.29154489658197
frame0377.jpg -0.08660089921807725 0.15578370376654685 -304.47428419626794
frame0378.jpg -0.08433869092234411 0.15403682868463747 -303.48068461165343
frame0379.jpg -0.09008570000708427 0.15413751339430062 -304.11436033142337
frame0380.jpg -0.07695026329352245 0.1490866731557636 -308.0919508151563
frame0381.jpg -0.0748442202976006 0.1471615715456602 -306.8114871166323
frame0382.jpg -0.06993147812474956 0.14419139335351075 -310.6950432448507
frame0383.jpg -0.067561281039905 0.14183934007977034 -311.79993561408304
frame0384.jpg -0.06399944502336696 0.13910990979956006 -313.10654850563526
frame0385.jpg -0.07091784192366055 0.13903177157108434 -311.3065709964164
frame0386.jpg -0.05575734852201538 0.1313603543883038 -316.82778458945955
frame0387.jpg -0.052586984965087125 0.12857727220775528 -318.2189438555404
frame0388.jpg -0.05095559368406919 0.12640475244093072 -316.8305766064602
frame0389.jpg -0.04896162389329306 0.12371522820431105 -317.8222553984508
frame0390.jpg -0.04448461248057055 0.12029683536637242 -321.6159899356778
frame0391.jpg -0.05052277871413458 0.11918224326146795 -320.19360612101315
frame0392.jpg -0.040944276276923854 0.1145150400550614 -321.6908545586206
frame0393.jpg -0.0390365938003308 0.11136900930548944 -322.73499067183866
frame0394.jpg -0.0342556901092817 0.10751362224449444 -326.6906256856597
frame0395.jpg -0.0398045372158384 0.10547927272972217 -326.1022064554833
frame0396.jpg -0.037969969772052116 0.10244593961711283 -325.88981847012593
frame0397.jpg -0.03568334488521282 0.0991519310121808 -327.15019488920643
frame0398.jpg -0.0269372153633134 0.09438385601535912 -331.424436712127
frame0399.jpg -0.031980294734485916 0.09534789538342896 -328.34820830883785
frame0400.jpg -0.029309859354312923 0.09185413759082307 -330.0950289445374
frame0401.jpg -0.02345665947493361 0.08765668359514013 -331.54678703883906
frame0402.jpg -0.02029107829832604 0.08386419077454621 -334.7823047384747
frame0403.jpg -0.020381006956069172 0.0808738952920112 -336.0473161117428
frame0404.jpg -0.022919100580324973 0.07792923049237367 -335.42348397440435
frame0405.jpg -0.015867516088721285 0.07383071467005639 -336.33655389292386
frame0406.jpg -0.017258462324116937 0.07072232123349825 -337.6586575444329
frame0407.jpg -0.013695608144716574 0.06673598764660467 -340.77681782732645
frame0408.jpg -0.012265379169001313 0.06316552483707673 -340.126385763773
frame0409.jpg -0.013297552084844212 0.05580210952323837 -342.00583325052105
frame0410.jpg -0.012729399146968828 0.052107354122470126 -344.5071889000238
frame0411.jpg -0.008092049867354591 0.048315616601880336 -344.6297570397341
frame0412.jpg -0.010306705360608836 0.044473966660925415 -346.91535438302685
frame0413.jpg -0.010043512946194077 0.040607944335556916 -348.17242021712286
frame0414.jpg -0.0047169309207255716 0.03656210123212068 -350.08156620683195
frame0415.jpg -0.007585205927196591 0.03265369299161643 -349.3426286782203
frame0416.jpg -0.007490737531516079 0.028557419636299 -350.7288100587296
frame0417.jpg -0.0034154207984582784 0.02444544990525172 -354.12090546141
frame0418.jpg -0.00311988737492306 0.020448326217932813 -354.74440516596326
frame0419.jpg -0.0013722816839593747 0.016493894604223618 -356.64100564056184
frame0420.jpg -0.0046043105426396775 0.012541922894996182 -356.1809797617954
frame0421.jpg -0.004668322768949682 0.008338114715569986 -356.47816296785305
frame0422.jpg -0.002571135735573235 0.004229360457921663 -360.1665775885382
frame0423.jpg -0.0025370141858836732 0.004234604934771836 -360.16005914274814
frame0424.jpg -0.0030477870144800003 0.00016848558512563434 -361.02863308797015
frame0425.jpg -0.0034905235235000946 -0.0036020958373745218 -361.21207718718466
frame0426.jpg -0.0047062763255769705 -0.007588532411684383 -363.39781856677547
frame0427.jpg -0.004642746719011113 -0.0114287627095201 -363.3853403730322
frame0428.jpg -0.0041446105040796755 -0.015333928902158003 -364.9823347860494
frame0429.jpg -0.006676316489749929 -0.019351503462769815 -366.3452495707428
frame0430.jpg -0.006102517365189962 -0.023369647735141157 -368.4028844695246
frame0431.jpg -0.005766299717589351 -0.027334498792677547 -368.9540007219712
frame0432.jpg -0.00751929728646568 -0.031167661892145933 -370.2278219567777
frame0433.jpg -0.00934558833619438 -0.0387907275141505 -372.51849201772666
frame0434.jpg -0.007728841259747156 -0.04199477936038401 -374.75968726976794
frame0435.jpg -0.011061035698011009 -0.04639153357960107 -374.9187651447853
frame0436.jpg -0.011397754614185 -0.05021537798152656 -375.68122006767794
frame0437.jpg -0.013603745033403369 -0.05415018138761359 -377.5898573579364
frame0438.jpg -0.016373631884213175 -0.05875379752155027 -378.1118875000031
frame0439.jpg -0.014244182626279994 -0.06118873105819182 -380.2575453591847
frame0440.jpg -0.016305564557225864 -0.0650286343296423 -380.91368842057113
frame0441.jpg -0.01713662921816602 -0.06901716076699248 -382.57488968901646
frame0442.jpg -0.020846187202781214 -0.07285710934642617 -383.45147405476035
frame0443.jpg -0.019551675001584456 -0.07574342961236813 -384.98568080239943
frame0444.jpg -0.024678367132143983 -0.08083119975740025 -386.14046060163963
frame0445.jpg -0.022732676943846786 -0.08324237744820354 -388.19448790349816
frame0446.jpg -0.028804393911741506 -0.08792292554110387 -388.5029424253145
frame0447.jpg -0.02879936887107645 -0.08792199972240572 -388.5070992937382
frame0448.jpg -0.02549098093256577 -0.0896347398816818 -389.8088011178954
frame0449.jpg -0.03030458470888305 -0.0938500646384706 -391.74569675315536
frame0450.jpg -0.030613366391811617 -0.09680693545200614 -392.3734799785224
frame0451.jpg -0.03191938555806552 -0.099832812352133 -393.8027268456295
frame0452.jpg -0.03859849359646928 -0.10439939977579726 -395.38437407736694
frame0453.jpg -0.038071388024064304 -0.10705474961334337 -395.9186847296081
frame0454.jpg -0.04007300997863688 -0.11015867975896583 -397.4525375192145
frame0455.jpg -0.04418618071038901 -0.11387903290559245 -396.65969297554915
frame0456.jpg -0.043662074607534816 -0.11603383340988647 -399.710353388325
frame0457.jpg -0.04748715345882959 -0.119404165918504 -401.34109635871573
frame0458.jpg -0.052635530755714935 -0.12562768813150094 -403.3389862192837
frame0459.jpg -0.0537162248301884 -0.1278639699347073 -404.82472516728814
frame0460.jpg -0.057644641116353826 -0.13121861931238726 -405.8811763282725
frame0461.jpg -0.06088953575287352 -0.13419502974618475 -407.2891748444832
frame0462.jpg -0.06445577945558474 -0.13699364833667582 -405.8396026825313
frame0463.jpg -0.06766250157110039 -0.13977876266466369 -409.7961224935291
frame0464.jpg -0.0687529702137815 -0.14135463338434215 -410.8044557293672
frame0465.jpg -0.07418949589343342 -0.14473243194369229 -412.3268960315901
frame0466.jpg -0.07825552491239313 -0.14741515250021472 -413.42830392073586
frame0467.jpg -0.08030330419440107 -0.14919292844772472 -414.5544267332416
frame0468.jpg -0.08181876477268141 -0.15078768549305238 -415.80418827283086
frame0469.jpg -0.08594024960613933 -0.15323774998926698 -416.9530711092949
frame0470.jpg -0.090920651587466 -0.1557457764249286 -418.17896775051844
frame0471.jpg -0.0895908904794165 -0.15525700049426105 -415.06557134416545
frame0472.jpg -0.09400193384559856 -0.15778560413629036 -419.53542579500254
frame0473.jpg -0.09517628983621976 -0.1589962364493579 -420.4029638435847
frame0474.jpg -0.10023093795875856 -0.16121400766311667 -421.70058340418575
frame0475.jpg -0.10264288357566144 -0.16260373432065447 -419.79225717914414
frame0476.jpg -0.10572250458763592 -0.16437420849429107 -421.0660134758685
frame0477.jpg -0.10989489573284164 -0.1662670284673528 -422.28644219162334
frame0478.jpg -0.11369632881959403 -0.1679082340934901 -426.7176760682381
frame0479.jpg -0.11736861319576375 -0.16941868634603094 -427.6853392012661
frame0480.jpg -0.12004987028636427 -0.17052265769771702 -428.9264249875348
frame0481.jpg -0.12486420567895792 -0.17234278795470664 -430.28832234621484
frame0482.jpg -0.13141546108106436 -0.17448864876004078 -432.59106085567237
frame0483.jpg -0.13538152363489556 -0.17574842862502876 -433.75478157679083
frame0484.jpg -0.1387052135344617 -0.17661205387344373 -435.09415137922554
frame0485.jpg -0.1426942800488139 -0.17775545986048188 -436.23036635872234
frame0486.jpg -0.15967099268012552 -0.18379449500820302 -437.0684853478097
frame0487.jpg -0.1499584846648748 -0.1791659091738308 -437.82632955465346
frame0488.jpg -0.15163668538321234 -0.17908895627232613 -438.23406811136766
frame0489.jpg -0.1548189487886562 -0.17954091555551702 -438.77047523279293
frame0490.jpg -0.1547297219538707 -0.1788170047160224 -439.07638625948397
frame0491.jpg -0.15579384673373192 -0.17885351734866792 -439.1783521986838
frame0492.jpg -0.15837258018007844 -0.17953755215205405 -439.5252988160826
frame0493.jpg -0.15667062529693535 -0.1787485287473094 -439.34249288263806
frame0494.jpg -0.1586632117446103 -0.1795488598787172 -439.55827007959954
frame0495.jpg -0.1586552834108194 -0.17954590492533026 -439.5572658408357
frame0496.jpg -0.15986749612597145 -0.18004531374675722 -439.639639239452
frame0497.jpg -0.1591186141861049 -0.17975171132476275 -439.5537720768816
frame0498.jpg -0.15989706434926365 -0.18008755117250844 -439.61458958572496
frame0499.jpg -0.1598918975037733 -0.18007625359977394 -439.6192664580173
frame0500.jpg -0.16030403781396932 -0.1802473936203639 -439.6116106662357
frame0501.jpg -0.1584013445188957 -0.17950295387467458 -439.5264914016432
frame0502.jpg -0.15846241071973124 -0.17953179523720625 -439.5261169229332
frame0503.jpg -0.15729304849591394 -0.17904428648149825 -439.4771981136785
frame0504.jpg -0.15807441715879814 -0.17935203038752248 -439.53017613980467
frame0505.jpg -0.15689683081470546 -0.1788861412813363 -439.50695782759084
frame0506.jpg -0.15690514943837686 -0.17887372825993136 -439.5361032216529
frame0507.jpg -0.15707646888386376 -0.1789565273950687 -439.5646174973247
frame0508.jpg -0.15770082463938684 -0.17921241514248054 -439.57661098181586
frame0509.jpg -0.16000424826595505 -0.1801182382200115 -439.63200141687906
frame0510.jpg -0.1572801418080076 -0.17911992650666528 -439.5233812100289
frame0511.jpg -0.15857319755967364 -0.17961913133188565 -439.45835804808274
frame0512.jpg -0.1591893052284665 -0.17983504404412914 -439.4887726538899
frame0513.jpg -0.15856308195862429 -0.1795832042427026 -439.5137222077552
frame0514.jpg -0.15824360568523665 -0.17945935425887347 -439.4833280951355
frame0515.jpg -0.1584693528818768 -0.1795448222125028 -439.5467503825861
frame0516.jpg -0.15836971354595378 -0.1795102239876381 -439.5430903887698
frame0517.jpg -0.15835682594264447 -0.17950454990807435 -439.5397678358842
frame0518.jpg -0.15758390842223968 -0.1791820876460692 -439.4438776107128
frame0519.jpg -0.15762389283569805 -0.17919649152328426 -439.44359483498107
frame0520.jpg -0.15763731247460575 -0.17919821087207305 -439.4469023526709
frame0521.jpg -0.1577301396048662 -0.17923817518563273 -439.45919649975724
frame0522.jpg -0.15801201237581974 -0.1793334921303005 -439.50618141544743
frame0523.jpg -0.1583606159949773 -0.17948253960376878 -439.52750221747374
frame0524.jpg -0.1579856750829233 -0.17935621286908968 -439.5275860955491
frame0525.jpg -0.15826880629320533 -0.1794260111339333 -439.49260684163073
frame0526.jpg -0.1582842456514354 -0.1794289239623198 -439.4976989289734
frame0527.jpg -0.1582648081685092 -0.17945984255898795 -439.5629587695038
frame0528.jpg -0.15891717876951333 -0.17970955145982556 -439.5594411628777
frame0529.jpg -0.1583767957534102 -0.17950325438230794 -439.5374761239648
frame0530.jpg -0.15835304532493266 -0.17949401271911106 -439.55401965127055
frame0531.jpg -0.16009809838706554 -0.18017081192906934 -439.5764985268972
frame0532.jpg -0.15852255912704144 -0.1795531097589943 -439.53046360592697
frame0533.jpg -0.1576472545425327 -0.17923312619503304 -439.48101976668215
frame0534.jpg -0.15906621637330176 -0.17978016638092562 -439.5656915586405
frame0535.jpg -0.15838547791467097 -0.17951619812223818 -439.49206554382454
frame0536.jpg -0.15763136137639167 -0.17922464552941442 -439.4857127371582
frame0537.jpg -0.1576857953139137 -0.17924383976145958 -439.5183269006388
frame0538.jpg -0.15781942958380007 -0.1792937891948393 -439.5284554413571
frame0539.jpg -0.1585092040492246 -0.1795646627922508 -439.5394585241102
frame0540.jpg -0.15878871689988847 -0.17962441137489035 -439.4005292760752
frame0541.jpg -0.15994092523467207 -0.18009600589159125 -439.44565918973535
frame0542.jpg -0.15833403097678642 -0.1795110444787004 -439.54304898648263
frame0543.jpg -0.15800712978549822 -0.17937118937961044 -439.5473604786738
frame0544.jpg -0.15785351572236808 -0.17930631038655198 -439.46364211309333
frame0545.jpg -0.1580138865087951 -0.17936523386300954 -439.4590603778855
frame0546.jpg -0.15697823099412042 -0.17903131952888918 -436.33779621099154
frame0547.jpg -0.15811372820261815 -0.17945449043863212 -436.2802352250261
frame0548.jpg -0.1581549083393125 -0.17946325737719238 -436.2723735594177
frame0549.jpg -0.15694195341839492 -0.17891810534592725 -439.51954441180055
frame0550.jpg -0.1577573875055166 -0.17927398791597127 -439.57198060061927
frame0551.jpg -0.1578108413507957 -0.17923477707331542 -439.36423654554017
frame0552.jpg -0.15717244515282552 -0.1791321809862028 -436.2395221292968
frame0553.jpg -0.1569821394975691 -0.17904565680946755 -436.2312170161258
frame0554.jpg -0.15701776298675166 -0.17905538227400614 -436.2189406437493
frame0555.jpg -0.15912816301908386 -0.17975351801092218 -439.43178158634987
frame0556.jpg -0.15974696602633506 -0.1799954443810385 -439.4684535673067
frame0557.jpg -0.1570975026418846 -0.17903011902935698 -436.2461190532873
frame0558.jpg -0.1571147377192172 -0.17903844466890484 -436.249185229252
frame0559.jpg -0.166688332159509 -0.1827161146375062 -439.164409356186
frame0560.jpg -0.16658477224022106 -0.18267472533468354 -439.184405739577
frame0561.jpg -0.16696047572791975 -0.1828292089734088 -439.13267857871375
frame0562.jpg -0.15724017506231747 -0.17914260985856992 -436.2882125371411
