frame0000.jpg 0.0 0.0 -0.0
frame0001.jpg -0.00010771351695050724 -0.0004409734825033293 -0.06900346540486438
frame0002.jpg -0.0001930957745876624 -0.0009266140619663359 -0.010784810724960956
frame0003.jpg -0.00013937068164269673 -0.0007101748214040577 -0.022463758533786002
frame0004.jpg -0.00016840140580322684 -0.0007100483687955836 -0.04511734123158671
frame0005.jpg -0.00016967786855491651 -0.0007163737404555742 -0.04389172253585742
frame0006.jpg -0.00016967786855491651 -0.0007163737404555742 -0.04389172253585742
frame0007.jpg -0.00011441381756832583 -0.0004916038436378192 -0.054151421682670633
frame0008.jpg -0.00010591830480216837 -0.000453754835012307 -0.057175857513465975
frame0009.jpg -0.00010591830480216837 -0.000453754835012307 -0.057175857513465975
frame0010.jpg -0.0001448836411336906 -0.0006411952708578291 -0.10230250302577766
frame0011.jpg -0.0001926171276051061 -0.0008289144975176793 -0.09338799197778276
frame0012.jpg -0.00025169103605711526 -0.001122487718759817 -0.07692539070027743
frame0013.jpg -0.00027177216050411714 -0.0013363945709301852 -0.11542022945941235
frame0014.jpg -0.00027653439908635055 -0.0013032173316755438 -0.12387380524638565
frame0015.jpg -0.00026289800994669637 -0.0012494222457749276 -0.09949133372261736
frame0016.jpg -0.0002688770028154732 -0.0012890437003528286 -0.09196142058178096
frame0017.jpg -0.0002688770028154732 -0.0012890437003528286 -0.09196142058178096
frame0018.jpg -0.00024326918756380084 -0.0010674317928878266 -0.09689122453626074
frame0019.jpg -0.0002516961250870837 -0.0010959590971646503 -0.06248234886393779
frame0020.jpg -0.0002516961250870837 -0.0010959590971646503 -0.06248234886393779
frame0021.jpg -0.00026901767870463555 -0.0012140544201516227 -0.08885674158952878
frame0022.jpg -0.0002643880071527653 -0.0011952443674558776 -0.08761995046812615
frame0023.jpg -0.00026679709817008826 -0.0012050450213805662 -0.0820081660627608
frame0024.jpg -0.00028885747654693635 -0.0014280758387604296 -0.088161671081186
frame0025.jpg -0.00030934104025650666 -0.001577532757427475 -0.06656121762323079
frame0026.jpg -0.0002240519377810786 -0.0010096159774848725 -0.05154467064727712
frame0027.jpg -0.00019144740938883652 -0.0008379385310560236 -0.04462313235100483
frame0028.jpg -0.0001979796185379513 -0.0008607253506510089 -0.05505918320134996
frame0029.jpg -0.00020693770254172507 -0.0008611618801018775 -0.030888384624577363
frame0030.jpg -0.000260836959173887 -0.0008808035716325217 -0.12199018386646535
frame0031.jpg -7.032102320095096e-05 -0.0004101690750769788 -0.07105824290252934
frame0032.jpg -2.5838657416719816e-05 -0.0001426712140772072 -0.0786088529667393
frame0033.jpg -0.00021020539914050682 -0.001005347278254753 -0.06806502642211794
frame0034.jpg -0.00011051330579041021 -0.00042293553011651583 -0.10404502317900058
frame0035.jpg -0.00015242646422346145 -0.0007838893805180043 -0.16647677085205567
frame0036.jpg -0.0001667221541017593 -0.0007540843396056329 -0.1825084438138699
frame0037.jpg -0.00021632790406355716 -0.0010057499533154507 -0.1229411176689137
frame0038.jpg -0.00023157328432611856 -0.0011642831010799284 -0.08284641079723834
frame0039.jpg -0.0002301622339338879 -0.0011421832031607258 -0.08693704834781013
frame0040.jpg -0.00021213284843950834 -0.0010558284185607266 -0.0844422819157179
frame0041.jpg -0.00014055688921406974 -0.0005206424969287133 -0.12029918164690186
frame0042.jpg -0.00016467275055618468 -0.0006560474210291563 -0.11957656999076205
frame0043.jpg -0.00016500784987146552 -0.0006542061411211268 -0.1061689782504868
frame0044.jpg -0.00012649239408929746 -0.0006064441522147504 -0.06350027811263108
frame0045.jpg -0.00015911205177140042 -0.0006265935009537532 -0.03513862130238462
frame0046.jpg -0.00022863531827235767 -0.0010243879456433471 -0.010845910993766037
frame0047.jpg -0.00021379473955050946 -0.0009742954789150161 -0.02068478212252368
frame0048.jpg -0.00014179707127522589 -0.0007412483007000688 -0.05609531657897899
frame0049.jpg -0.0001578580491631884 -0.0008201470943259438 -0.056087757419296426
frame0050.jpg -0.00015601573110687693 -0.000816113563318945 -0.044464125374249285
frame0051.jpg -0.00018901229470560601 -0.0010430291529019786 0.0024495484174858607
frame0052.jpg -0.00012888874393123946 -0.0006798267376143972 -0.00026772970780306705
frame0053.jpg -0.0001284571005245642 -0.0006613096879821968 0.005804070622204744
frame0054.jpg -0.00014072367730699168 -0.0007658414905760651 0.002808465566702673
frame0055.jpg -0.00013657449789040825 -0.0007212980144795557 0.0001469935384829033
frame0056.jpg -0.00011906034018162068 -0.0005814877480223362 0.0026712052902521715
frame0057.jpg -0.00014270991685122323 -0.0008081612918576133 -0.022204037904895186
frame0058.jpg -0.00016004525726414411 -0.0009084172193568244 0.0017360512907893893
frame0059.jpg -0.00018982915562000714 -0.0010363283658333547 -0.005976706950353288
frame0060.jpg -0.0002905218869707056 -0.0017779333065142406 -0.08140074936248269
frame0061.jpg -0.00013945969176030768 -0.0007337211111791152 -0.00843121718662308
frame0062.jpg -0.00012673777312443546 -0.0006410218600158119 -0.012140445982377936
frame0063.jpg -0.00011561785565460183 -0.0005574263535708611 -0.03289923034425382
frame0064.jpg -0.00017314332163945645 -0.0011275370982217461 -0.08058447577633919
frame0065.jpg -0.00017314332163945645 -0.0011275370982217461 -0.08058447577633919
frame0066.jpg -0.00018408984319819672 -0.0011836652810130945 -0.08469400497335043
frame0067.jpg -0.00018389157741687337 -0.0011826675674042025 -0.08384464950013394
frame0068.jpg -0.00017576249639981756 -0.0011383680806192186 -0.0902772439582594
frame0069.jpg -0.00040082661768529214 -0.0022043204506222948 -0.028251215225517982
frame0070.jpg -0.0003603638667163853 -0.0019997204683299945 -0.030565128816605083
frame0071.jpg -0.00039746409173657335 -0.002139076547465964 -0.05365181848521991
frame0072.jpg -0.00032361149115777533 -0.001648851735285367 -0.02622868477377321
frame0073.jpg -0.0003020967564541845 -0.0015715958202785912 -0.02607366668631276
frame0074.jpg -0.00025446460992918293 -0.0013706359106159412 -0.05394250305954177
frame0075.jpg -0.00034942907421810183 -0.0019194654713094086 -0.05901523144448052
frame0076.jpg -0.0002504570858158852 -0.0013896540213522242 -0.057581754182361035
frame0077.jpg -0.00026367876120639386 -0.0014911552687608945 -0.06304195230858946
frame0078.jpg -0.00027175611794193937 -0.001537672491023509 -0.06766094911019266
frame0079.jpg -0.000395401501372075 -0.002178026983579729 -0.03153143191115401
frame0080.jpg -0.00032247807661966933 -0.001855006328991249 -0.08269406455066626
frame0081.jpg -0.0004161755883916735 -0.0022385885364927826 -0.03727082020056767
frame0082.jpg -0.00035384763253783164 -0.001948512506140352 -0.06605848911219367
frame0083.jpg -0.00025383612637703613 -0.0013151273477363795 -0.011906715194949158
frame0084.jpg -0.0003750699906689062 -0.0019354908808970012 -0.009034290740606576
frame0085.jpg -0.00035389272088501164 -0.0018849254785602441 0.0190840837278121
frame0086.jpg -0.00036349403860820383 -0.0019465682971995426 0.017311830208511722
frame0087.jpg -0.0003702111454208024 -0.0019737978507868748 0.009249563258786123
frame0088.jpg -0.0003787516544654981 -0.002030067304601177 0.007437153940339958
frame0089.jpg -0.0003787516544654981 -0.002030067304601177 0.007437153940339958
frame0090.jpg -0.00022601702191962753 -0.0010647607242871627 -0.03984395094840839
frame0091.jpg -0.00023816848488541285 -0.0011803252649701802 -0.030385828446933976
frame0092.jpg -0.00029979780214552744 -0.0014327873278344814 -0.12960291203285446
frame0093.jpg -0.0003392903727626722 -0.0016014058141803455 -0.12770739628953992
frame0094.jpg -0.0002787625770125025 -0.0013287245012717204 -0.064195251400679
frame0095.jpg -0.0002885815601683324 -0.001399485567198618 -0.06744946346122772
frame0096.jpg -0.0002603596764880733 -0.0012787878298464786 -0.0428561589778558
frame0097.jpg -0.0002879344481576577 -0.001407603180709978 -0.04272681583770792
frame0098.jpg -0.00039671546098173993 -0.0018781080853019574 -0.05801550816567892
frame0099.jpg -0.00039411969328857034 -0.0018645414566999254 -0.05336233152988359
frame0100.jpg -0.00036621926601195046 -0.0017160861478439052 -0.04868719915862044
frame0101.jpg -0.00035302893749599405 -0.0016144550588627325 -0.0800676765277768
frame0102.jpg -0.00031977297380279444 -0.0014720510351868314 -0.06988396790768936
frame0103.jpg -0.000299599191002569 -0.0013591545646283974 -0.07860398642938407
frame0104.jpg -0.00029651378496059694 -0.00131753298949858 -0.09182293376619732
frame0105.jpg -0.00031017000737561804 -0.0006706922392281243 -0.14803127957682896
frame0106.jpg -0.0005173606917069144 -0.0001395860894218607 -0.04596003814080645
frame0107.jpg -0.0005703154243798495 0.0016003910204224607 0.08000601231950291
frame0108.jpg -0.00046754573311836846 0.004977560067513372 0.18164415863123426
frame0109.jpg -0.0007705910177951237 0.0070422819109751044 0.1543066574046424
frame0110.jpg -0.0006201790042272169 0.010745970584026434 0.14597216471252245
frame0111.jpg -0.0005447818382219903 0.01376491899218489 0.1414056952000697
frame0112.jpg -0.00029767354522697385 0.018137498371801414 0.007941817578145504
frame0113.jpg -0.0003051280801398635 0.018092544087969887 0.00743448032215762
frame0114.jpg -0.00032063358138091635 0.022381990093218854 0.003759084357753586
frame0115.jpg -0.00043426939123682 0.02636346572576059 0.1709035050886963
frame0116.jpg -0.0003836210540028931 0.030440707483617917 0.11569792620388447
frame0117.jpg -0.00011197058685069594 0.035553662380869315 -0.07389930500589971
frame0118.jpg 0.00026283924038254976 0.044806241414558634 0.013341332302677826
frame0119.jpg 0.000383641602887461 0.049562341885239766 -0.27824372843549955
frame0120.jpg 0.0006971358963042441 0.05393649756388078 0.04014717395343461
frame0121.jpg 0.0011276100989574716 0.05889318455033329 -0.1650413494024545
frame0122.jpg 0.0013232475916480982 0.06395707833914796 -0.21430854467662866
frame0123.jpg 0.0012323775942454825 0.06893636381341961 -0.18594665604536947
frame0124.jpg 0.0011150155866917512 0.07292998594691577 0.1238182530059754
frame0125.jpg 0.0015533507214333456 0.0778684452301612 0.015085717466908647
frame0126.jpg 0.0020637214959054115 0.08307685831914248 0.27476939583624915
frame0127.jpg 0.002149632697739906 0.08675183928076619 0.16730906567815926
frame0128.jpg 0.0024811863278557463 0.09239511944291072 0.1662837206782969
frame0129.jpg 0.0026262536579196825 0.09670246351098748 0.1038230088410474
frame0130.jpg 0.003292988808665853 0.10125754006622753 0.1464174479144585
frame0131.jpg 0.003873264224748714 0.10661349846243244 0.23233213082089135
frame0132.jpg 0.0040423816350184175 0.11075491615552736 0.21510877562597394
frame0133.jpg 0.0043813358187351215 0.11558890358718238 0.3665033476728104
frame0134.jpg 0.004935385116558569 0.12136092594574036 0.16443897053311296
frame0135.jpg 0.005274663511920949 0.12529031481023084 0.3708880902284456
frame0136.jpg 0.0056148124835956395 0.13016710590929328 0.3628849456974597
frame0137.jpg 0.00561649545389374 0.13016352564976846 0.3665608109784568
frame0138.jpg 0.005997024497866349 0.13486209468198326 0.4140269488656825
frame0139.jpg 0.006128037533375798 0.13888642893255626 0.3996946512552485
frame0140.jpg 0.006620450097163985 0.14753737368943848 0.4200855697655117
frame0141.jpg 0.0067070738460349244 0.14784896816534926 0.3968167719338074
frame0142.jpg 0.007068030277343569 0.15322688531383352 0.6360457376157904
frame0143.jpg 0.007560922509519599 0.16181165265284164 0.7253972745402875
frame0144.jpg 0.007501445552590898 0.16602621856247285 0.5832318536721655
frame0145.jpg 0.007673565968677548 0.17065770216866924 0.7054180950684138
frame0146.jpg 0.007945535430874007 0.17439597942978408 0.6771497378036075
frame0147.jpg 0.008677860386611683 0.18065426565048395 0.7669636484040899
frame0148.jpg 0.008885093324025511 0.1856924588231674 0.8872014680750537
frame0149.jpg 0.008625431464688455 0.1895388567279213 0.8898945458427069
frame0150.jpg 0.00852967449393971 0.1937323724414387 0.8728200549028899
frame0151.jpg 0.008974686460084938 0.2002279968690336 0.8407242793620219
frame0152.jpg 0.00916189100220377 0.20482700866706066 0.9897122784870988
frame0153.jpg 0.009271584426003482 0.2097764553536599 0.9062064277433388
frame0154.jpg 0.009319742364276335 0.21453799006415056 0.9147318570979102
frame0155.jpg 0.00972211638134027 0.2193708271037345 0.8714538193612321
frame0156.jpg 0.009909058051696869 0.2232741351744707 0.9228136721396971
frame0157.jpg 0.0100440599840719 0.2284915132399917 0.8071924187338572
frame0158.jpg 0.009888803679832331 0.23257692698736554 1.0755334071759894
frame0159.jpg 0.01002784544969601 0.237646463068668 0.9868893187855488
frame0160.jpg 0.009996003428839412 0.2426492376233553 1.071962636682578
frame0161.jpg 0.010090334945307866 0.2429326695945332 1.0612989018128234
frame0162.jpg 0.010117161807823571 0.24719739302919566 0.9026636341064904
frame0163.jpg 0.010397211896733484 0.2520580002869892 1.0377338926766688
frame0164.jpg 0.010842229340032095 0.2576674331290154 0.9731048715573738
frame0165.jpg 0.010998423054109294 0.2665332641769669 0.8758611949320657
frame0166.jpg 0.011369281616240805 0.2723961280090721 1.0030906553476366
frame0167.jpg 0.01141202361320863 0.2763376551470789 1.1572180246976649
frame0168.jpg 0.011781387600909491 0.281163003714452 1.214774220509864
frame0169.jpg 0.011703566525146786 0.2850215877191013 1.0945185711112742
frame0170.jpg 0.01206321699357249 0.290594982509573 1.3440914390696062
frame0171.jpg 0.01230256064502218 0.29523379441026665 1.306657548216239
frame0172.jpg 0.012597814856827816 0.2997654981343369 1.2611829360184799
frame0173.jpg 0.012400918670652685 0.3040932983489049 1.2825050698914204
frame0174.jpg 0.01259451141436263 0.3087646769597438 1.3497387219718162
frame0175.jpg 0.013122994596059813 0.31417261496863624 1.4612553700254378
frame0176.jpg 0.013692420112020778 0.31996970687500714 1.3328684944625782
frame0177.jpg 0.0136403097623167 0.3244313957867148 1.4182035372271422
frame0178.jpg 0.013626154773372132 0.32925866522734176 1.3703218254096512
frame0179.jpg 0.013731588882231638 0.3338549047683285 1.393719162921179
frame0180.jpg 0.014031628794599224 0.3385466866353116 1.3252764701362258
frame0181.jpg 0.01435653699388466 0.3432866073532941 1.3443283459739008
frame0182.jpg 0.01428214446311106 0.3485370365554077 1.2903957380352264
frame0183.jpg 0.014524722549168909 0.3538121432603831 1.423020664044904
frame0184.jpg 0.014730549461537 0.3578388967001175 1.2423326707065512
frame0185.jpg 0.014704194267124425 0.3576947603777249 1.2920523640074535
frame0186.jpg 0.01516242405254291 0.3625693368183212 1.42219288094004
frame0187.jpg 0.014809212368476682 0.3661781020909892 1.3707968389573593
frame0188.jpg 0.01506461421271331 0.3723356642364393 1.3689445797710629
frame0189.jpg 0.015394643719518916 0.37744490577741735 1.247115334273336
frame0190.jpg 0.01623750738134684 0.3876060317544025 1.29499993003222
frame0191.jpg 0.01644767557202137 0.3930336875068064 1.2592687515361451
frame0192.jpg 0.01604159791423941 0.39619173822887255 1.4065933179740489
frame0193.jpg 0.01652581276685221 0.402187411319791 1.3771929075308795
frame0194.jpg 0.01643927034868184 0.4065680034370187 1.3481291961210664
frame0195.jpg 0.01660292468390176 0.4122794821052611 1.1775710848229677
frame0196.jpg 0.016560457018860192 0.4163501536233054 1.4490428897639782
frame0197.jpg 0.01695973961035879 0.4215911205575841 1.3302160250607942
frame0198.jpg 0.01726429970165311 0.4268315728877117 -1.3634813563475299
frame0199.jpg 0.016678560107790202 0.4296220679595613 1.3559113877908409
frame0200.jpg 0.017252503570239858 0.4358796057149087 1.3358830421291172
frame0201.jpg 0.0171137503873027 0.4401010652102754 1.2734477043817092
frame0202.jpg 0.01703014519393936 0.4441478003416409 1.4129060786182264
frame0203.jpg 0.017448539284453418 0.4501494114293503 1.2482165481035559
frame0204.jpg 0.017721231194455678 0.4554254935710617 -0.9953363673143922
frame0205.jpg 0.017787104022387534 0.4598222818457448 1.3533759348081789
frame0206.jpg 0.018253225243929642 0.4651383755495144 1.393107989888828
frame0207.jpg 0.018276250457649332 0.4696096281017204 1.3052596647496444
frame0208.jpg 0.018125171995798082 0.4742999911013937 -0.8156283672648728
frame0209.jpg 0.01815515742639551 0.4743703119509479 -0.8315406111749114
frame0210.jpg 0.01833050377760695 0.4792108734143447 1.310006720005718
frame0211.jpg 0.018907246111687842 0.484275732361987 1.3805888005740603
frame0212.jpg 0.019124879855263042 0.4937425720074512 1.4963216672980717
frame0213.jpg 0.0189371509223924 0.4980361590235057 1.352812816862156
frame0214.jpg 0.0190679904594144 0.5023594320128363 1.3309816739691598
frame0215.jpg 0.019537369014763998 0.5075252516770798 1.2137089528627651
frame0216.jpg 0.02009763636159001 0.5132114294304607 1.3005329262978629
frame0217.jpg 0.019643187121796638 0.5167917379748111 1.348340953442936
frame0218.jpg 0.01967576911854846 0.5217352339253198 1.3655091514983628
frame0219.jpg 0.01792597390745601 0.5219379751295888 1.6054013952497794
frame0220.jpg 0.02061878697586228 0.5321489240569723 1.1446910469059854
frame0221.jpg 0.02065579836490272 0.5368198332784984 1.269305166605492
frame0222.jpg 0.020940778998124715 0.5421873943601077 1.2199426224718528
frame0223.jpg 0.021119710599233985 0.5469320814160712 -0.2641699803103659
frame0224.jpg 0.021454694547563657 0.5519665341144618 1.1718469298795873
frame0225.jpg 0.0216634994340921 0.5569169300108103 -0.08267702786173035
frame0226.jpg 0.02180906758795304 0.5610007906071421 0.22353247400138027
frame0227.jpg 0.021444355385077496 0.5647634717514652 0.4139018684024727
frame0228.jpg 0.021611132255687667 0.5694623416578396 1.8166873466307347
frame0229.jpg 0.021897555416013653 0.5744030080464848 1.8043497258855892
frame0230.jpg 0.02203690823586016 0.5791150082424846 1.870801003153301
frame0231.jpg 0.022354481122267237 0.5850465643575603 0.8183579802659771
frame0232.jpg 0.022460150282497704 0.5898319807180192 1.81120209518709
frame0233.jpg 0.022306760505581447 0.5895501659853124 1.8243201405336704
frame0234.jpg 0.01994190810584484 0.5903381488104292 2.4423201010428266
frame0235.jpg 0.022465884887441532 0.5994605865700194 1.9878048232969068
frame0236.jpg 0.022916364470433964 0.6095821605695194 2.027485589191272
frame0237.jpg 0.022768415813519568 0.6144628171365136 2.1344759810071614
frame0238.jpg 0.02310809947859896 0.6192453299215612 2.1696225608833872
frame0239.jpg 0.0234130751428944 0.6242445923445843 2.0908837348966007
frame0240.jpg 0.022852699185292064 0.6286239483156535 1.2032088221412636
frame0241.jpg 0.022972665496813118 0.6338947347848766 1.2030854716718185
frame0242.jpg 0.02175909300488854 0.6365024297885188 2.4478088659424326
frame0243.jpg 0.02351904988111686 0.6438442788561497 1.177933207236773
frame0244.jpg 0.023246296437974517 0.6479686086783077 2.10353292084248
frame0245.jpg 0.023429099881134702 0.6533545535939491 1.831764578008198
frame0246.jpg 0.02205411508308913 0.656117813904836 2.199698270910225
frame0247.jpg 0.023546457579512764 0.6626722214932546 1.9622297885831803
frame0248.jpg 0.02401133704256203 0.6676423561950046 1.758277592006234
frame0249.jpg 0.02391259770832724 0.6725954676509415 1.7395880294371209
frame0250.jpg 0.02384124990419864 0.6773451561272572 1.7399586694727978
frame0251.jpg 0.02415195019012395 0.6821903469082274 1.7933693486416706
frame0252.jpg 0.024222285062708432 0.6864191856619789 1.9239477398363984
frame0253.jpg 0.02449054905312881 0.6916805869845322 1.73584321833375
frame0254.jpg 0.022594320387810982 0.6946687671355852 2.25895664331467
frame0255.jpg 0.024885720347147727 0.7015534556773084 1.5398551970849967
frame0256.jpg 0.02375739355435086 0.7050532859599704 2.0614292288525635
frame0257.jpg 0.025192856335597896 0.7066770877128563 1.2799795837545944
frame0258.jpg 0.02508613222658887 0.7109506590984269 1.7378439100455858
frame0259.jpg 0.023208782046381632 0.7145181570008436 2.4544578329993216
frame0260.jpg 0.025785223471128018 0.7261584530043239 1.750377102294356
frame0261.jpg 0.025574145300372303 0.7308884122032367 1.5739432589585711
frame0262.jpg 0.02567973050419925 0.7358015475716411 1.575200538832634
frame0263.jpg 0.024665584258028617 0.7396985895316054 2.0653998370882256
frame0264.jpg 0.02683934247194031 0.7452461868531088 1.4853918249201408
frame0265.jpg 0.026852526541347843 0.7502650647829952 1.3627763571931872
frame0266.jpg 0.02448582366419941 0.7539959028655757 2.40102682496412
frame0267.jpg 0.025029641806419037 0.7594429777133379 2.5256477054055124
frame0268.jpg 0.02584927006938101 0.7644533917256915 2.043822265696234
frame0269.jpg 0.02555754227321111 0.7690244321847424 2.320366106403936
frame0270.jpg 0.02773788877915553 0.7749709136418211 1.8541333967173723
frame0271.jpg 0.027140655857263246 0.7798675592457586 1.9893578970849184
frame0272.jpg 0.027692594711523244 0.7851404339657455 1.8426965000633573
frame0273.jpg 0.02792608490295559 0.7899267116563617 1.7071958839651231
frame0274.jpg 0.02815693085775592 0.7944542288386245 1.6968770622148948
frame0275.jpg 0.027141158143803527 0.7994560229639681 2.2049931324828638
frame0276.jpg 0.02831030204681223 0.8048043795095489 1.8587149135033847
frame0277.jpg 0.02844974642209605 0.8091481974913679 2.0197558174837207
frame0278.jpg 0.02877607291188938 0.8142591116933201 2.161605165927989
frame0279.jpg 0.02887453121897865 0.8190196569903171 2.1657396463349072
frame0280.jpg 0.029050636947134167 0.8236807588902084 1.610347509794189
frame0281.jpg 0.029066931324195463 0.8236957678431371 1.5644255310739277
frame0282.jpg 0.028766611183367707 0.8286497496863416 1.927087239080352
frame0283.jpg 0.029039694941858932 0.8338639883013277 2.013517570138818
frame0284.jpg 0.02759512303060108 0.8385105305173765 2.292573359049135
frame0285.jpg 0.027205239783771876 0.8484613199027567 2.163973043033188
frame0286.jpg 0.028414248730096126 0.8530730903445295 1.634562391332164
frame0287.jpg 0.02853382724510567 0.8582811816221241 2.0596781403967808
frame0288.jpg 0.028797536599584006 0.8628387168152087 1.5554318493018162
frame0289.jpg 0.02782418523238012 0.8684068442759414 2.248331107177521
frame0290.jpg 0.028786632651199406 0.8727467921798441 1.5017523776417756
frame0291.jpg 0.027317277578095656 0.8783094915079879 2.155382983442395
frame0292.jpg 0.027040701831115843 0.883375751868962 2.269486553743134
frame0293.jpg 0.029021795309146562 0.8875924549514889 2.280808199766008
frame0294.jpg 0.027658148483502232 0.8928366615325082 2.36137010492724
frame0295.jpg 0.027341930452528033 0.8976771661245408 2.612746042734196
frame0296.jpg 0.028965524486852405 0.9018475643228772 2.5248091485699216
frame0297.jpg 0.02907435705102468 0.9070108407567988 2.458368107802951
frame0298.jpg 0.02956561035412758 0.911994728347475 2.4626849678957923
frame0299.jpg 0.028791851264653726 0.9173540778681804 2.7583543016038954
frame0300.jpg 0.02937881939792736 0.9215339272238086 2.321443292865108
frame0301.jpg 0.03006392335930785 0.9259436383023628 1.7720819648760713
frame0302.jpg 0.02901330989211792 0.9321127135817394 2.4398266615574347
frame0303.jpg 0.03005682804412807 0.9363285800881748 1.7960929547346882
frame0304.jpg 0.030137661715268882 0.9409139249946218 2.0859657362808237
frame0305.jpg 0.030321513132592463 0.9407667142256718 2.059224428176408
frame0306.jpg 0.030039700839099518 0.9458407957432196 2.6686332899395184
frame0307.jpg 0.03023276507068523 0.9505848094806336 2.8181150596273388
frame0308.jpg 0.029646428545821838 0.9613832082321878 2.7617649175737755
frame0309.jpg 0.030767504044285188 0.9650762197203506 1.7976893599920098
frame0310.jpg 0.031067060592199658 0.9696502885963584 2.2972740728306507
frame0311.jpg 0.030798732228490774 0.9751233929974138 2.098730981922609
frame0312.jpg 0.030369938137806807 0.9808590761196812 3.0802549287488348
frame0313.jpg 0.030557702986385826 0.9853189318109576 3.0519471390828086
frame0314.jpg 0.03119368242727255 0.9897096208511657 2.9216561837248225
frame0315.jpg 0.03143907367682846 0.9943876626425912 3.01387334395316
frame0316.jpg 0.031003644073926636 0.9995839181106658 1.9334353419012844
frame0317.jpg 0.03136126580202009 1.0040129020626285 2.775651835996645
frame0318.jpg 0.031318706994835584 1.0088546456548215 2.960003404464936
frame0319.jpg 0.03029357263034155 1.014998287834414 2.7489539917646213
frame0320.jpg 0.03098409168064331 1.0187121076825134 3.062158659291172
frame0321.jpg 0.030778948140141205 1.0239018167926432 2.9680505965316994
frame0322.jpg 0.03084254050894575 1.0283730571787872 2.995256765485811
frame0323.jpg 0.031409841507385634 1.0324611588640042 1.5464244055694865
frame0324.jpg 0.031375882445490784 1.0378262775352018 3.0071208393452022
frame0325.jpg 0.03087310238199387 1.0433507348569475 3.042167046532032
frame0326.jpg 0.029776230154486882 1.0497990506894441 2.754462255118568
frame0327.jpg 0.031576526906530844 1.0517023587917291 2.469868630268014
frame0328.jpg 0.030499250777586032 1.0582576626419993 3.0708582793844985
frame0329.jpg 0.030318734201722486 1.0585618557297671 3.0457604168982946
frame0330.jpg 0.030582152884158 1.0630821209382757 3.4397640636145264
frame0331.jpg 0.029973112840180564 1.069036580694173 2.86714279380978
frame0332.jpg 0.03138271216805644 1.0714531718533025 1.9030845902256237
frame0333.jpg 0.03135934052233613 1.0816303666474458 1.8702465402642248
frame0334.jpg 0.030306158475197964 1.0882764398096751 2.1885634275189223
frame0335.jpg 0.030744872988333005 1.0928831899608866 2.7185806716904195
frame0336.jpg 0.031631340079878716 1.0967890866651708 3.395181905237561
frame0337.jpg 0.031141485790606663 1.1029789049276184 2.2671648013699564
frame0338.jpg 0.03136166758242332 1.1074231989134986 3.110947015857497
frame0339.jpg 0.03166817258759275 1.1115507242198086 3.3264849574182414
frame0340.jpg 0.031673381921557775 1.1173576527664195 3.457372410387458
frame0341.jpg 0.033029588149675104 1.1192456775897581 1.4795641616749384
frame0342.jpg 0.0321983783143881 1.1262001568107858 2.388021794537816
frame0343.jpg 0.03221035489105417 1.130916858679839 3.4373169524320737
frame0344.jpg 0.03216055341058777 1.1361035756171702 3.418636816263652
frame0345.jpg 0.03205985776303116 1.142023587218843 3.5770577691481167
frame0346.jpg 0.032637310278115284 1.1457768154785908 3.300326950279731
frame0347.jpg 0.032420841730731176 1.1508216292500328 2.8247269793702268
frame0348.jpg 0.031952350891642715 1.1568312491650288 3.1355280957221106
frame0349.jpg 0.03259778507681799 1.1596566356785545 3.104508878376457
frame0350.jpg 0.03198556832687538 1.166775927564463 2.486672194527221
frame0351.jpg 0.032411358345828256 1.1703889779216765 2.352589586153928
frame0352.jpg 0.031890383642487814 1.1762805019619202 3.470129187050216
frame0353.jpg 0.031871923308313836 1.176330145554148 3.4689574055072985
frame0354.jpg 0.03198091895113025 1.180352061932744 3.2171243828641605
frame0355.jpg 0.03225186625858378 1.1842154746970237 3.0692251812039117
frame0356.jpg 0.03207598463308392 1.1892679114604594 1.7368000579163352
frame0357.jpg 0.030933092102725986 1.197368310050423 3.2002013783562004
frame0358.jpg 0.03202216498257615 1.2039249216959698 2.9086853115031577
frame0359.jpg 0.031158283389352726 1.2117108537277794 3.1622447263883853
frame0360.jpg 0.031147807685921125 1.2167005616030977 2.8173638963498315
frame0361.jpg 0.03111225003952645 1.2217346084814038 2.831484563923228
frame0362.jpg 0.03166026482114487 1.2246544070329846 1.3949891397462162
frame0363.jpg 0.03173394215983344 1.229122053149735 3.2199923755950834
frame0364.jpg 0.031791849781904365 1.233864951175763 3.3024795219339635
frame0365.jpg 0.031658239606067395 1.2393992307933772 3.5119776604442565
frame0366.jpg 0.031188020892520263 1.245824295963214 2.6878976141095285
frame0367.jpg 0.031893913065693835 1.2480135022604308 1.6865614583840969
frame0368.jpg 0.032288359164580234 1.2516608951401418 1.7447277640312504
frame0369.jpg 0.03128699243737215 1.2596426377757672 1.6663500735248244
frame0370.jpg 0.031048956750656494 1.2657201379041805 2.6799522635836603
frame0371.jpg 0.031563799797591274 1.269490158801266 1.4373406516138534
frame0372.jpg 0.03218640854770305 1.2721483829628608 1.4782773420255946
frame0373.jpg 0.032439612137498686 1.2760638894125411 2.0300854535416843
frame0374.jpg 0.03097408116871025 1.2863244847771431 2.6586027154629828
frame0375.jpg 0.031474815111802064 1.289346706204897 1.7673397961908277
frame0376.jpg 0.03146937867798566 1.2948579416882366 3.2250982719123966
frame0377.jpg 0.03130016952273201 1.295373179023391 2.9874088005353823
frame0378.jpg 0.03211816582148308 1.2973323584623084 2.587871817879632
frame0379.jpg 0.032121595355107835 1.3023219022147858 2.3014699004566492
frame0380.jpg 0.03262197386470378 1.3061024975092306 2.528523189564756
frame0381.jpg 0.03177793896956865 1.3138190456243248 1.9770290436965587
frame0382.jpg 0.032138739079424834 1.3231040179486664 3.834350690211475
frame0383.jpg 0.03280495653694987 1.326352283237822 3.3819747274212126
frame0384.jpg 0.03219079413226738 1.3341780575132132 2.8824766173575647
frame0385.jpg 0.03307957668199324 1.3350725916341877 2.4546008324403386
frame0386.jpg 0.032274470131834376 1.343389474986059 1.8948928955416973
frame0387.jpg 0.032164722489798236 1.349060494123253 2.8137518548809632
frame0388.jpg 0.032252991798701225 1.3535010093491229 2.026293184764273
frame0389.jpg 0.0323960149857031 1.3582113594865979 1.9323552787423428
frame0390.jpg 0.032553300894044734 1.362992440168633 3.1752822661480797
frame0391.jpg 0.0332186454571336 1.3655022256251128 2.243296839222296
frame0392.jpg 0.034472868734027266 1.3663430409016468 2.748983575221284
frame0393.jpg 0.03389571253862672 1.374181012771113 1.915908709182868
frame0394.jpg 0.03327572280658003 1.3826063470505292 2.934210348584138
frame0395.jpg 0.03454492667247438 1.382312058661127 2.3238637347119897
frame0396.jpg 0.0342769037152324 1.387864308963639 1.9075071156689096
frame0397.jpg 0.03434955219123253 1.391770192264687 1.4848638594798431
frame0398.jpg 0.03477189110454815 1.3958204152467797 3.0007761186753816
frame0399.jpg 0.03484905990178644 1.4009130464235888 1.8356256162648508
frame0400.jpg 0.03533469493697117 1.4049236390442923 3.0138383313956574
frame0401.jpg 0.035120288031740166 1.4059123456401776 2.9407510331698905
frame0402.jpg 0.03358087254776493 1.4178080914012807 2.519680810199592
frame0403.jpg 0.035088582941795954 1.4154220644707831 2.9297046756129888
frame0404.jpg 0.035388957462783976 1.4251487540415315 1.1040020428593538
frame0405.jpg 0.03501851845917086 1.4324121875918328 3.1272233816350057
frame0406.jpg 0.03524746314713628 1.4359699727861834 1.8861200749101648
frame0407.jpg 0.03526905240789008 1.4412722876990485 3.170767100896264
frame0408.jpg 0.035497792920282815 1.4459812177438494 0.7928255977204216
frame0409.jpg 0.035755898919314744 1.4489395540846266 2.899730691167328
frame0410.jpg 0.03468645167975987 1.4588011383632862 3.454207402692276
frame0411.jpg 0.03519452597981132 1.4601730177726155 2.2402805908184646
frame0412.jpg 0.03579013960013583 1.4632152828841618 2.984574921442352
frame0413.jpg 0.035666039951328166 1.470007500415489 3.0414594803782644
frame0414.jpg 0.03570233147996915 1.4744500147938617 3.107609127493879
frame0415.jpg 0.03408185991396595 1.488225854487939 1.9925155376918255
frame0416.jpg 0.03600315834244566 1.483872140453259 1.1382957336709971
frame0417.jpg 0.03566023128260526 1.4906266034938709 2.256893653314853
frame0418.jpg 0.03664452354724712 1.4908282889183715 3.1770711803649316
frame0419.jpg 0.03607484890516538 1.4993961981095398 0.2562823023574613
frame0420.jpg 0.036310597365349966 1.503285338321403 3.0362781059061144
frame0421.jpg 0.03672848427378045 1.505963981871948 3.1305061160936294
frame0422.jpg 0.036667642406165664 1.5121408743571494 0.4809006917328502
frame0423.jpg 0.036469466605704604 1.518221338675957 3.2347409302771486
frame0424.jpg 0.03702347451305399 1.5210465874871812 1.155580211992425
frame0425.jpg 0.036996024682324165 1.52130147256192 1.1194827839949422
frame0426.jpg 0.03649117088807896 1.5295394816872347 3.3138631074700573
frame0427.jpg 0.036697311532677024 1.533518130344388 3.8817053573780265
frame0428.jpg 0.034956207533071985 1.5486389059119052 3.2849546635446663
frame0429.jpg 0.0367704687994953 1.5433556340229402 3.2948512974946023
frame0430.jpg 0.03637338699745346 1.5551567530217298 1.740816061426906
frame0431.jpg 0.036358569807978865 1.5612219480401641 2.9136501865233515
frame0432.jpg 0.03735105610623235 1.5608065776555202 3.689633139048277
frame0433.jpg 0.035224444076040584 1.5798185425656537 1.7007604887675412
frame0434.jpg 0.037102486574287885 1.5731498800011077 3.334993297102655
frame0435.jpg 0.03763808174052241 1.5739055929845889 3.2629916848722447
frame0436.jpg 0.03718386819565445 1.5817951378081148 0.9935181033705276
frame0437.jpg 0.0372597935842538 1.5869297610601487 3.5293827433755083
frame0438.jpg 0.035798935146432065 1.600160851424797 3.221563853063696
frame0439.jpg 0.03697011602730205 1.5987590117125792 0.20789359118422904
frame0440.jpg 0.03723820458681787 1.602050256925435 3.196054377897095
frame0441.jpg 0.03752079075900583 1.6059455893227628 3.2704200538653465
frame0442.jpg 0.03718072377254822 1.6140483864333215 0.5645347801234296
frame0443.jpg 0.03811121980429722 1.6134944816684924 3.3395777855717936
frame0444.jpg 0.03501289154427612 1.640096138608399 3.764521432553156
frame0445.jpg 0.03818046308823375 1.6245413996684874 3.3078777327678663
frame0446.jpg 0.03764318771455177 1.6338174983311458 3.5466464619403557
frame0447.jpg 0.03781831509033917 1.637190827747049 3.353741911981872
frame0448.jpg 0.03864093783729061 1.6369483555506474 3.3193745631338114
frame0449.jpg 0.038639690358944316 1.6369559625374341 3.3213877191041368
frame0450.jpg 0.03805014657616779 1.647439608108628 2.869965968241416
frame0451.jpg 0.038194286358025686 1.6497776983910581 3.179219434272322
frame0452.jpg 0.037314129733315486 1.6634258382842575 3.2872905581328147
frame0453.jpg 0.03836559253425198 1.6620997544671836 3.1564245418399213
frame0454.jpg 0.03800837935515955 1.67104576273992 2.9231968886488486
frame0455.jpg 0.03787115625491355 1.672100374598814 2.925532182487671
frame0456.jpg 0.03754296860331408 1.6837578585506312 3.0365512357757805
frame0457.jpg 0.037832070406850105 1.68737104692517 3.2922718975397545
frame0458.jpg 0.0384476049180772 1.6884555188297683 3.0318739757833537
frame0459.jpg 0.03746465772836505 1.6989153368500425 3.080695659811551
frame0460.jpg 0.038287316936459925 1.695770643903228 2.8870161836340116
frame0461.jpg 0.0376616493321863 1.7059523854510494 3.1473273709097205
frame0462.jpg 0.03764236368443585 1.711310803173682 -1.4962302898745448
frame0463.jpg 0.03848597876309656 1.7100266027474402 -2.13425801191152
frame0464.jpg 0.03738848320333177 1.7227450935039574 3.1403279230390067
frame0465.jpg 0.03775010606659912 1.7219642963719377 3.3550761883226428
frame0466.jpg 0.03805190208536946 1.7231653137295018 -2.0189808302290064
frame0467.jpg 0.03472354236983366 1.7493036795270005 3.6002377808462507
frame0468.jpg 0.0373859244274225 1.729732941775382 3.7260400446363504
frame0469.jpg 0.03724858810593601 1.7314025218013025 3.3991892498813385
frame0470.jpg 0.0369238262335122 1.7331555864531931 3.8483931333292563
frame0471.jpg 0.03722536087879924 1.7311838267738628 3.7368799676773214
frame0472.jpg 0.037629538435219656 1.728223934626474 0.049771033718288935
frame0473.jpg 0.03763550920734071 1.7281864845947 0.10130111443149573
frame0474.jpg 0.037522320282961215 1.7291385051276054 3.88406406998452
frame0475.jpg 0.03752493483161479 1.7290191644269275 3.772723303172532
frame0476.jpg 0.03757152329284763 1.7290295808004408 3.8633482184305934
frame0477.jpg 0.037612717415636536 1.7288401041813315 3.8291730860235496
frame0478.jpg 0.03752661638159338 1.7293010530971589 3.847917444184
frame0479.jpg 0.03753732149943223 1.7295142295358918 3.853725842200917
frame0480.jpg 0.037237823050329966 1.7315021459467066 3.6528426886502574
frame0481.jpg 0.03750372380063316 1.7296318788674214 3.76927517812132
frame0482.jpg 0.037492437011040665 1.7296088720434484 3.89187912308898
frame0483.jpg 0.03755255527056278 1.729163218491729 3.794932903351653
frame0484.jpg 0.037473349879837185 1.7296967151981424 3.8662301491762254
frame0485.jpg 0.0374706580005616 1.7296847087735352 3.938681443556147
frame0486.jpg 0.037528084372748134 1.7292244393295106 3.864808368228686
frame0487.jpg 0.03759600070393987 1.7288454184693132 -0.3936435914697435
frame0488.jpg 0.03760653692452698 1.7288670093072005 -0.1782146113483085
frame0489.jpg 0.03761256088963938 1.7286269150771352 -0.3523063475564993
frame0490.jpg 0.037625247629080594 1.7285279690786144 -0.3671480752739053
frame0491.jpg 0.037585815056109584 1.7289029390726205 -0.32091691309627235
frame0492.jpg 0.037104424435635004 1.7323727970994995 3.5838335157865804
frame0493.jpg 0.037094765978206164 1.7324876448322653 3.6576406219915207
frame0494.jpg 0.03726088736494415 1.7315064619578089 3.7909832389985962
frame0495.jpg 0.03712742904426747 1.7324811279454484 3.8236615517906807
frame0496.jpg 0.03761882768744052 1.7287623802031988 -0.5587632520118712
frame0497.jpg 0.03761882768744052 1.7287623802031988 -0.5587632520118712
frame0498.jpg 0.03761269902427955 1.7287653880449287 -0.4052380956643928
frame0499.jpg 0.03748373022902829 1.7298212694702682 3.864259754135555
frame0500.jpg 0.037575166705048464 1.7290494610238736 -0.33057009535139503
frame0501.jpg 0.037508830515305285 1.7297470967956352 3.869872525795628
frame0502.jpg 0.03751340241876988 1.7297276941072268 3.846675751757505
frame0503.jpg 0.03759092364839745 1.7290132441685329 -0.2913021214045613
frame0504.jpg 0.03745855887264893 1.7304090372528111 3.876748027210667
frame0505.jpg 0.037690912329576776 1.7284781429196807 3.7899436649231713
frame0506.jpg 0.03766059465815996 1.7287534625310936 3.7854204743950737
frame0507.jpg 0.037338612532984095 1.7311894817728624 4.067423492698366
frame0508.jpg 0.03753966178717527 1.7296289470230022 3.8956177414980906
frame0509.jpg 0.0376043747495457 1.7290476129414118 -0.5323039975693626
frame0510.jpg 0.037539449647616685 1.7294278077274043 3.878668641746816
frame0511.jpg 0.037618105163520384 1.728681090464469 3.8411628377776235
frame0512.jpg 0.03771448099545693 1.7280498688759682 3.6582677384371856
frame0513.jpg 0.037599304311366384 1.7288212380595869 3.874764438240102
frame0514.jpg 0.03750057873503365 1.729597750631836 3.888950733821885
frame0515.jpg 0.03738188856181024 1.7303582682779508 3.7014109500257315
frame0516.jpg 0.03736730759204965 1.7304930653611796 3.7239108128909617
frame0517.jpg 0.03764054673237605 1.7285666566856337 3.734661117163802
frame0518.jpg 0.037633081595155986 1.7286154292599296 3.7133804582217538
frame0519.jpg 0.03707042668148941 1.7327303359856132 3.7865153820419226
frame0520.jpg 0.037157422980337314 1.7320930510402686 3.670291657002276
frame0521.jpg 0.037156404350410684 1.7321013015173872 3.6707004536675463
frame0522.jpg 0.037187834531413055 1.7318344822353011 3.6262520971163976
frame0523.jpg 0.03749555871484922 1.7296617290408527 3.730400097554
frame0524.jpg 0.03750776599221461 1.7295869445110341 3.756685053312271
frame0525.jpg 0.037563473867839085 1.729200284267643 3.769766754704824
frame0526.jpg 0.03759131445583808 1.728986664754678 3.758733394565541
frame0527.jpg 0.03762902634237708 1.7286629279562904 3.714887613321152
frame0528.jpg 0.03707713071698837 1.7327043473152088 3.7573730479506415
frame0529.jpg 0.037560476387546116 1.7291119075637766 3.695763052876532
frame0530.jpg 0.03753664279979718 1.7291936907810792 3.79349881860537
frame0531.jpg 0.0375245740010397 1.7294384406890355 3.710713959441462
frame0532.jpg 0.03749080240447944 1.7296014331131306 3.8233364524252793
frame0533.jpg 0.037472208337803965 1.7297522581993103 3.8692989549614794
frame0534.jpg 0.0376178220053538 1.7285192430200356 -0.6086261911243396
frame0535.jpg 0.03751208985115861 1.7294626507310515 3.769217186729146
frame0536.jpg 0.037669017147921036 1.7282465015171655 -0.4852457276349057
frame0537.jpg 0.03724505531363398 1.7314073559041163 3.624457147508141
