frame0000.jpg 0.0 -0.0 -0.0
frame0001.jpg -0.0002359082687262745 0.0006486114823555706 0.08214108069045628
frame0002.jpg -0.00017991551456392324 0.0005491950378624345 -0.02497787693531984
frame0003.jpg -0.00017991551456392324 0.0005491950378624345 -0.02497787693531984
frame0004.jpg -0.00017991551456392324 0.0005491950378624345 -0.02497787693531984
frame0005.jpg -0.00017991551456392324 0.0005491950378624345 -0.02497787693531984
frame0006.jpg -0.00017991551456392324 0.0005491950378624345 -0.02497787693531984
frame0007.jpg -0.00017991551456392324 0.0005491950378624345 -0.02497787693531984
frame0008.jpg -0.0012052952594421929 0.0034042117774295637 0.08173180386562381
frame0009.jpg 3.9032653339159635e-06 -0.0002454687441897625 -2.3710800473000395
frame0010.jpg -0.0003095528287958502 0.0006496276923155424 -0.04474056218516355
frame0011.jpg 7.339661749495281e-05 -0.00038114040484127 -2.632783605984621
frame0012.jpg 5.544572462605986e-05 -0.0003055559218786722 -2.6248667973890973
frame0013.jpg -4.0311381282773326e-05 -7.056655147701774e-05 -2.594303386386513
frame0014.jpg -0.0012506565574821262 0.003471317521288345 0.09310995043344876
frame0015.jpg -9.584891896965511e-06 -0.00010031265846497989 -2.590231029202162
frame0016.jpg 3.6337249175595834e-05 -0.0002434894804975293 -2.565223875294281
frame0017.jpg 2.611503971635247e-05 -0.00021133228229763392 -2.63363379320711
frame0018.jpg -0.00031413339933192714 0.0009282138657284539 0.006047760958055514
frame0019.jpg -0.0005046973490740339 0.0013690149545903152 -0.04675368038619892
frame0020.jpg -0.0004069043088983514 0.0010813438910384512 -0.002570048384820939
frame0021.jpg -0.00019408184889548724 0.0004472089100965223 -0.018759347611169527
frame0022.jpg -0.000450014895856538 0.0011452871440102968 0.02109273251264911
frame0023.jpg -0.000267325764237766 0.0004684046867995816 -0.10316129007106434
frame0024.jpg -0.00011733669299411447 4.9125430823686216e-05 -0.12956588585801534
frame0025.jpg -0.00011733669299411447 4.9125430823686216e-05 -0.12956588585801534
frame0026.jpg -0.0003203548765110337 0.000783168272482758 -0.000576946187270805
frame0027.jpg -0.00016959920424266335 0.0002168017095676297 -0.10205352627897338
frame0028.jpg -0.00016959920424266335 0.0002168017095676297 -0.10205352627897338
frame0029.jpg -0.00034146617346312414 0.0006672272528359575 -0.10453287446305312
frame0030.jpg -0.0005144425406883436 0.0012568542885919626 0.04119984462464647
frame0031.jpg 9.721998479901528e-05 -0.0004372239630397192 0.056172588533858266
frame0032.jpg 0.0001403079432971349 -0.00044756436704300966 -0.00909939471360323
frame0033.jpg 1.6494785572624646e-05 -0.00019972549374737628 0.11119985912916734
frame0034.jpg -1.662943107773694e-05 -6.119760517576072e-05 -0.1201351408268874
frame0035.jpg -0.0002998100195835458 0.0008593986378995878 -0.09781722245073028
frame0036.jpg -0.00014334874039113453 0.0004118727150808383 -0.15626462437527586
frame0037.jpg 0.00013263227631085732 -0.0004827526441116091 -0.1611218463110678
frame0038.jpg -2.689431728151767e-05 9.7732007708397e-05 0.07503029550249786
frame0039.jpg -5.9293184351424476e-05 0.0001649027633612778 0.05947122019269231
frame0040.jpg -9.100637644987444e-05 0.0002799812059712681 0.04333388169929401
frame0041.jpg 0.0001983230188520789 -0.0005817470556911008 -2.652761690480014
frame0042.jpg 0.00020909027375503654 -0.000610404385675145 -2.6673413148241587
frame0043.jpg -0.0002139839529710731 0.0006865783348543964 0.08198400364710677
frame0044.jpg -0.00028826482676598737 0.0009218720314873065 0.09345022374929678
frame0045.jpg -0.0001025419721037768 0.00035851380875307577 0.027458126543887056
frame0046.jpg -0.00017851575523763588 0.0005490858740875562 0.0427486760855962
frame0047.jpg 0.00011027403691479587 -0.00035842561259620976 -2.6635381730334284
frame0048.jpg 0.0001156635850462452 -0.0003734323730623847 -2.6687888645296747
frame0049.jpg 0.00010860873046229336 -0.00036518326286502233 -2.6289388616478737
frame0050.jpg 8.793450652658565e-05 -0.00032111390998880055 -2.652521449443705
frame0051.jpg -5.948937696402513e-05 0.00024465126732363884 0.03336616929408101
frame0052.jpg -0.0002387284510093252 0.0006912834150304478 -0.02151083680621655
frame0053.jpg -0.00040523787852693655 0.0011308069127921622 -0.036992780625938436
frame0054.jpg -0.00027618937780574365 0.000760033001510509 -0.08849998952123472
frame0055.jpg -7.444347494072812e-05 0.00022251751226673463 -0.09655209123517652
frame0056.jpg -0.0003086651912208749 0.0009373471578826245 0.00783556725155951
frame0057.jpg -0.00029127033582340483 0.0008736036172558197 -0.0052527600810737644
frame0058.jpg -0.00033319269502278797 0.001020684650509174 -0.01486806277003922
frame0059.jpg -0.00023758162671811442 0.000743342016444125 0.07016282692101193
frame0060.jpg -0.00018421315428381456 0.00034922982490333217 -0.06093956059797224
frame0061.jpg -0.00017779754966655494 0.00038281503289085454 -0.0752970584820286
frame0062.jpg -0.0012270264397202212 0.003426229016424808 -0.044462523975323055
frame0063.jpg -0.0003574718119219909 0.0009243497125448289 -0.08377220593577492
frame0064.jpg 0.00017249416185716388 -0.0006676573473165173 -2.638578575979435
frame0065.jpg -0.0013785984223403885 0.0039522385626794415 0.10832715055152407
frame0066.jpg 0.00012589148319507666 -0.0005450813738278515 -2.6731792719264966
frame0067.jpg 0.00015673355633639957 -0.000566449786902296 -0.06575018666745118
frame0068.jpg 0.00012844156405486214 -0.0004772832332832407 -0.053314316382594734
frame0069.jpg 0.00013772422059075783 -0.0006637274921854802 -0.12223943157090594
frame0070.jpg 0.00013177511460989811 -0.0006114280669303412 -0.12612528591358446
frame0071.jpg 9.344851133004186e-05 -0.0003505927867913085 -0.0788347076021114
frame0072.jpg 0.00020947736860761336 -0.0006483434474893166 -2.5709018706498914
frame0073.jpg 8.683813387177887e-05 -0.00037030924808608 -2.689284865433742
frame0074.jpg 5.0990866397209135e-05 -0.0002543892085936962 -0.11153160148903744
frame0075.jpg 2.815729577095713e-05 -0.0002721484673481024 -0.11714032678189927
frame0076.jpg 2.815729577095713e-05 -0.0002721484673481024 -0.11714032678189927
frame0077.jpg -0.0002429285166490529 0.0007068347386421244 -0.045622821567668816
frame0078.jpg -0.0003003052915012727 0.0008660506041005184 -0.02558301878938213
frame0079.jpg -0.00024326353990512272 0.0005781425361687028 -0.08143306249872616
frame0080.jpg -0.000248334743423655 0.0006933893842758494 -0.06160173769919234
frame0081.jpg 0.00015236680607007278 -0.0005550986695974461 -2.6636012307494226
frame0082.jpg 0.00013708615633823326 -0.0005200337565885825 -2.6848061424346605
frame0083.jpg 0.00013873528579625457 -0.0005156204740068553 -2.681774770804962
frame0084.jpg 0.00011657605477132016 -0.00046867655713131174 -2.6558188115491523
frame0085.jpg 0.0001074106461434228 -0.00043257268068943433 -2.5836200327225702
frame0086.jpg 6.462154986343288e-05 -0.00042640717217210737 -0.10892394319405993
frame0087.jpg -8.446806274089636e-05 4.9359292954469785e-05 -0.06441878869065297
frame0088.jpg 1.475454075418889e-06 -0.00024878840933710133 -0.1714810075925369
frame0089.jpg -0.00028028245930269903 0.0005075213545831336 -0.09843404354572227
frame0090.jpg -0.00022464853945502637 0.0006873198316723844 0.06179247551804683
frame0091.jpg -0.0016688752135994055 0.00470528580460183 -0.12536516746868231
frame0092.jpg -0.001425190463960316 0.004000820498414837 0.053773723139619284
frame0093.jpg -0.0001976134969038285 0.000436420628158629 0.046706755205686734
frame0094.jpg -2.754187302216173e-05 -4.8302334976169735e-06 -0.0994502622208889
frame0095.jpg -4.214907544216898e-05 4.483822118651619e-06 0.03717266162258365
frame0096.jpg 9.926162069833397e-06 -0.00016795878822079246 0.01792285802322442
frame0097.jpg 9.20382732591024e-06 -0.0001657344474553632 0.018219811756589918
frame0098.jpg -0.00030367889759091006 0.0007232398140119326 0.043102369056424415
frame0099.jpg -0.00025625398421892317 0.0005393406844423153 -0.011313611589547018
frame0100.jpg -4.194923854278543e-05 -1.3231848671427053e-05 -0.1619180179706088
frame0101.jpg 0.00013614954609653324 -0.0005338866506254088 -0.15276905201730845
frame0102.jpg 0.00022344625437150265 -0.0007103716007556617 -0.07161914204114002
frame0103.jpg -0.00027902701949322013 0.0006880245462791247 0.009131900535304526
frame0104.jpg -0.00045654513651889904 0.0010600490365858116 -0.07046717501962407
frame0105.jpg 6.421824670329077e-05 -0.00029760476836047814 -0.10458185094446988
frame0106.jpg 6.606204956030454e-05 -0.00030627120491996934 -0.08979404496138374
frame0107.jpg -5.700865274836776e-05 -0.00013577320074676012 -2.5421111068908564
frame0108.jpg -1.9966400475198652e-05 -0.0002397573439618545 -2.569365287815544
frame0109.jpg -1.1021776332811826e-05 -2.7816609780983583e-05 0.09261987474998364
frame0110.jpg -0.00029713925622878464 0.00080604115172872 0.13750641550407838
frame0111.jpg -0.0004013871907482245 0.0010958578961422225 0.13880139060581187
frame0112.jpg -0.00034706212612358383 0.0009505064902893172 0.12690327879745975
frame0113.jpg -0.00015601012739590458 0.0003394987630047602 -0.04381263209301224
frame0114.jpg 0.00029255098630668523 -0.0009736717781480387 -0.17836460358231784
frame0115.jpg 0.000292883401807622 -0.0009744638186170477 -0.17855296765387846
frame0116.jpg 0.000292883401807622 -0.0009744638186170477 -0.17855296765387846
frame0117.jpg -7.1306545879869525e-06 -8.115352545120105e-05 -0.017849184134872197
frame0118.jpg 0.0002658326568662493 -0.0009246183116667754 -0.2001121123745162
frame0119.jpg 7.429371823880403e-05 -0.0003539714030038831 -0.11938744797505706
frame0120.jpg -0.00018630394420658463 0.0002895203580908067 -2.487692315627541
frame0121.jpg -0.00014056981595137044 0.00018544259192655144 -0.01968404386485768
frame0122.jpg 0.0001931945545890234 -0.00158512629252623 -3.3681335637769974
frame0123.jpg -0.0016258263582683394 0.002192592622143093 -1.969694171216832
frame0124.jpg 0.00014120656321019425 -0.0054952832623024256 -4.903154994896439
frame0125.jpg -0.0007221542780148026 -0.006980268130406532 -5.2182148700994
frame0126.jpg -0.001352776407545767 -0.01017276310448178 -6.264140633767223
frame0127.jpg -0.0018127963568618367 -0.014181241222521715 -7.4982040736413325
frame0128.jpg -0.004108789580083446 -0.013589800947297193 -5.238237656576233
frame0129.jpg -0.003536178704317215 -0.021830982752574214 -9.32662436156649
frame0130.jpg -0.006205721520066679 -0.020657364589419545 -8.132913857280267
frame0131.jpg -0.005837713567265236 -0.0282515049183414 -8.334937034405126
frame0132.jpg -0.006632001673450703 -0.03308259710700728 -9.214157089286935
frame0133.jpg -0.0077344137939077484 -0.037333987057074816 -13.349150180856473
frame0134.jpg -0.010873060549925862 -0.03693368923476362 -11.513871910760088
frame0135.jpg -0.01060847940011814 -0.04491885508081058 -12.571741330556954
frame0136.jpg -0.011885552201153941 -0.0488255071877344 -13.578615931903961
frame0137.jpg -0.013418846635519538 -0.05284379724236935 -17.463449461407222
frame0138.jpg -0.015276902367944547 -0.055881272960664634 -15.953531335355187
frame0139.jpg -0.01880923234870759 -0.05593112044974507 -17.18821832826561
frame0140.jpg -0.01881830299249989 -0.05592814265148601 -17.20763556596127
frame0141.jpg -0.02050037895079011 -0.05967804220991321 -17.82352268664852
frame0142.jpg -0.02119412483212413 -0.06709594921979066 -21.65359372450111
frame0143.jpg -0.025409091412456557 -0.06735438672330958 -20.55894283859152
frame0144.jpg -0.02540430834563748 -0.07518898799243062 -21.28152344123549
frame0145.jpg -0.029187874042855038 -0.07610439670057371 -22.329530324306237
frame0146.jpg -0.03305670565579051 -0.08569847506306287 -26.532638710811554
frame0147.jpg -0.03679748620606396 -0.0867411503779776 -25.31641954839105
frame0148.jpg -0.03809142303782263 -0.09326942669386397 -25.984254538473568
frame0149.jpg -0.042293569808668136 -0.09415119960825764 -27.57467335577282
frame0150.jpg -0.04314655293543844 -0.10034549635109846 -27.87738644450325
frame0151.jpg -0.04686918834560907 -0.10319999255731613 -29.430327906612987
frame0152.jpg -0.050130705679580966 -0.1062640020789694 -32.14667259921353
frame0153.jpg -0.0523734106759329 -0.1103411667854884 -31.40075480308389
frame0154.jpg -0.05560994642896182 -0.11373919843050312 -34.55348892290882
frame0155.jpg -0.058552309388885324 -0.11696975237482506 -35.729615300739994
frame0156.jpg -0.06142043898958328 -0.12012797226404492 -34.32966902907232
frame0157.jpg -0.06465670528223537 -0.12361741617044905 -38.00215201790515
frame0158.jpg -0.06754756821649892 -0.12629597505893925 -36.89072288181698
frame0159.jpg -0.07232770264663307 -0.12783633885103 -38.696123334145824
frame0160.jpg -0.0732391676039865 -0.13346492115834213 -41.70488178490083
frame0161.jpg -0.07784190966791919 -0.1348446974526996 -39.868614320693375
frame0162.jpg -0.08171853736411337 -0.13756028767672687 -41.087668710747685
frame0163.jpg -0.08297216504349275 -0.14191519929942162 -44.251382275755894
frame0164.jpg -0.08299395357920666 -0.1419009600065576 -44.251668665337455
frame0165.jpg -0.08794438612432467 -0.14319209885723608 -44.69111373889682
frame0166.jpg -0.09234442978479393 -0.1447907044217011 -44.736564007297595
frame0167.jpg -0.0948548601746472 -0.14859574167687112 -46.68680582792445
frame0168.jpg -0.10029364241986917 -0.14995007171958594 -46.688690430501424
frame0169.jpg -0.10403947889463416 -0.1525837250890537 -48.28395410666355
frame0170.jpg -0.11188644812885483 -0.15766578817918253 -50.08908111214274
frame0171.jpg -0.1159200018655 -0.15946960437304292 -50.67996273530756
frame0172.jpg -0.11978935385358502 -0.16174983105432986 -52.15167779786943
frame0173.jpg -0.12438886207502554 -0.16365224942099724 -53.31783535503454
frame0174.jpg -0.12821145231259667 -0.16566709396656526 -53.89984463724495
frame0175.jpg -0.13232559855153278 -0.16764172649861306 -55.3568260192257
frame0176.jpg -0.13618084612216086 -0.16981994248849575 -55.70697487987972
frame0177.jpg -0.13978256504912978 -0.17221344698698782 -58.088587575103205
frame0178.jpg -0.14421313440039366 -0.17388858389874734 -58.606196546888064
frame0179.jpg -0.14694864845813296 -0.17633398519932533 -59.89182764591928
frame0180.jpg -0.15238687944151855 -0.17662246344338678 -61.137372060919134
frame0181.jpg -0.15630747966547304 -0.17823970212400678 -61.73256697291341
frame0182.jpg -0.16194654603891534 -0.1788449456754195 -62.5205454313093
frame0183.jpg -0.16337744219938038 -0.1817892829944757 -64.36099482660264
frame0184.jpg -0.16794029133547628 -0.18265295859121425 -64.80473946554056
frame0185.jpg -0.17462229909093202 -0.18274930286986404 -66.00391035786427
frame0186.jpg -0.17787695021131025 -0.18438269565523885 -65.98028687381576
frame0187.jpg -0.18047558338703856 -0.18628120647720933 -68.19971921113954
frame0188.jpg -0.1810909834705514 -0.18596451585554852 -68.24467244595492
frame0189.jpg -0.18404658269591026 -0.18735018126020367 -68.96117882428233
frame0190.jpg -0.19024379364543012 -0.18719365845936095 -69.21125499201194
frame0191.jpg -0.19384158095536286 -0.18822802444571327 -69.68244002300851
frame0192.jpg -0.1990192634624448 -0.18883387478455227 -72.16761423598633
frame0193.jpg -0.20272560586623106 -0.1901011797787362 -73.47017612992077
frame0194.jpg -0.21184880820985072 -0.19129051902711144 -74.2784859645398
frame0195.jpg -0.21675062709785253 -0.19156094968656973 -75.10780257327579
frame0196.jpg -0.2201037711852814 -0.19217605353231576 -77.24037336551159
frame0197.jpg -0.22385760870437169 -0.19266624375240096 -78.583878306884
frame0198.jpg -0.2277178322725296 -0.19313217120946724 -79.49795857009255
frame0199.jpg -0.2334981904049277 -0.1925577653947696 -80.74919456812479
frame0200.jpg -0.2361572665294707 -0.19327839343170736 -81.75968362949409
frame0201.jpg -0.24149187633549302 -0.1930300773794477 -82.92814252670355
frame0202.jpg -0.2460094639743833 -0.19282755008123773 -81.95101404879016
frame0203.jpg -0.24960911544996925 -0.19320716050594172 -84.88065261648707
frame0204.jpg -0.2528165025804179 -0.1934889715462663 -84.41713812283722
frame0205.jpg -0.2583294176094881 -0.19245002209536088 -86.86480127198578
frame0206.jpg -0.2619924374586137 -0.19212637261608345 -87.8519562721999
frame0207.jpg -0.2676952906155435 -0.19117204054244613 -89.22606385362135
frame0208.jpg -0.2701552604263317 -0.19128390665037892 -90.00036911904967
frame0209.jpg -0.27767449756491186 -0.18941505520971771 -89.23676966454344
frame0210.jpg -0.2794711284695044 -0.18962270788619232 -92.26186714264685
frame0211.jpg -0.2852257553995892 -0.1883552259164989 -93.37587429677193
frame0212.jpg -0.2844713449109176 -0.18863554111642386 -93.326208318538
frame0213.jpg -0.2889014486197351 -0.1877006754183653 -94.28648199798941
frame0214.jpg -0.29217859123237844 -0.18709885995084788 -95.28770274981741
frame0215.jpg -0.29720507516671785 -0.18572835698910506 -96.22021115444261
frame0216.jpg -0.3020350032802803 -0.18415981244904472 -97.53310309807596
frame0217.jpg -0.3056139902140718 -0.18300489035742268 -98.53630579788006
frame0218.jpg -0.30912988533910835 -0.18189089867941485 -99.31793562275944
frame0219.jpg -0.3183951912104541 -0.17856611926460916 -101.40057921549848
frame0220.jpg -0.3222247237653025 -0.17709483947067772 -102.3660258753532
frame0221.jpg -0.32642228754856323 -0.17556332322295504 -103.48095165391399
frame0222.jpg -0.3308997112261129 -0.17365552573230925 -104.54584491648815
frame0223.jpg -0.33423098143387797 -0.17221268033643825 -105.56255150789852
frame0224.jpg -0.33789008567839784 -0.17049699697123166 -106.49187188203925
frame0225.jpg -0.3428285586120856 -0.16820660752803854 -107.67368261168257
frame0226.jpg -0.3472539602398955 -0.16608415296179244 -108.7345034476318
frame0227.jpg -0.35058396328088354 -0.16433771243387166 -109.77587347392573
frame0228.jpg -0.3556999896361627 -0.16163364633960775 -110.79199290182069
frame0229.jpg -0.3580164054518516 -0.15979211319028286 -111.76653579443405
frame0230.jpg -0.3627338109027601 -0.15722681933605176 -112.74638505967636
frame0231.jpg -0.3663597823050185 -0.1546809430284134 -113.69616307264558
frame0232.jpg -0.3693147215108954 -0.15234617769777042 -114.72428183430927
frame0233.jpg -0.3826045346637308 -0.14601765039985207 -115.95997608235396
frame0234.jpg -0.3776096243389137 -0.14674965585302613 -116.82928858228102
frame0235.jpg -0.3804697211753587 -0.14436741325479127 -117.85827078435769
frame0236.jpg -0.3802438754422484 -0.14443166383772185 -117.77873917213765
frame0237.jpg -0.3839209405231764 -0.14178972878762391 -118.88336037192886
frame0238.jpg -0.3884940066441459 -0.13860050539779864 -120.04401741671957
frame0239.jpg -0.39138747573306176 -0.13605115769843815 -121.17897066672155
frame0240.jpg -0.39505823359685655 -0.13308246998340856 -122.16162726084718
frame0241.jpg -0.4061028867457917 -0.12702045124417574 -123.69113564437369
frame0242.jpg -0.4014450485397727 -0.1272153416063302 -124.16922373010344
frame0243.jpg -0.4082042149564447 -0.12123926882171895 -126.23445140786288
frame0244.jpg -0.4099993635651148 -0.1187019445106913 -127.60118655597263
frame0245.jpg -0.4101434242982114 -0.11865066813175268 -127.6026452180563
frame0246.jpg -0.413921662802783 -0.11336396665553353 -129.01497973715544
frame0247.jpg -0.4165778067743503 -0.10960954825293984 -130.44917400032938
frame0248.jpg -0.4225322159713391 -0.10469184479891594 -131.437291562503
frame0249.jpg -0.4236064498858864 -0.10267394781077066 -132.307509360884
frame0250.jpg -0.427400052240172 -0.09847007218831796 -133.90245363929176
frame0251.jpg -0.4300770104802917 -0.09492932864325976 -134.62256138941999
frame0252.jpg -0.4311839353832263 -0.09224957097329586 -136.03793726654735
frame0253.jpg -0.43464352788998817 -0.08827816585644796 -136.97071038226287
frame0254.jpg -0.4376703847536182 -0.08437613637296762 -138.0801988743736
frame0255.jpg -0.4406515667917199 -0.08065187112439245 -138.94760579488013
frame0256.jpg -0.44274180114935857 -0.07701286263649845 -140.34829113759264
frame0257.jpg -0.4453968176958805 -0.07300489529495058 -141.36652143776473
frame0258.jpg -0.44707340413700425 -0.06960399431390413 -142.72528086283555
frame0259.jpg -0.4497987654628408 -0.06548421263003952 -143.6500862402969
frame0260.jpg -0.4497135979914018 -0.06552559903421859 -143.67620269338883
frame0261.jpg -0.4510681127567831 -0.06200697498247705 -144.83628413679682
frame0262.jpg -0.4529261186955371 -0.05838763932553459 -145.88162694093495
frame0263.jpg -0.4563749470090338 -0.05353962643037447 -146.8604259862941
frame0264.jpg -0.4577104834523938 -0.04965748256582275 -148.17809520887545
frame0265.jpg -0.4592779507313071 -0.045597354351916114 -149.2274020405039
frame0266.jpg -0.4614954299718565 -0.0412854877998623 -150.3215569905852
frame0267.jpg -0.4660023062771931 -0.03216044100613985 -152.4484011114559
frame0268.jpg -0.4664139719952941 -0.028659995876378325 -153.49118552151188
frame0269.jpg -0.4698057508694017 -0.023236004112027225 -154.59036836188847
frame0270.jpg -0.4694277156270253 -0.01992715781876705 -155.55433160528122
frame0271.jpg -0.4698955876395276 -0.016088876953038317 -156.61482822553077
frame0272.jpg -0.4727017845276753 -0.010537858648505871 -157.48418097163463
frame0273.jpg -0.4727502126183284 -0.006833192832124996 -158.60502645562138
frame0274.jpg -0.4736264671462158 -0.0026930570790427433 -159.7762587776424
frame0275.jpg -0.4754586165562367 0.0023866768004033034 -160.84296488995662
frame0276.jpg -0.4782349638849893 0.007811976167635237 -161.94260267321806
frame0277.jpg -0.4769540138886318 0.01094153009189286 -163.08775595464962
frame0278.jpg -0.4777011964218687 0.015611273104831125 -164.14094177117857
frame0279.jpg -0.4785953071638786 0.020399981088126767 -165.27550068006153
frame0280.jpg -0.4783200853708369 0.024417206287307952 -166.15972172796418
frame0281.jpg -0.4793624949453274 0.02939062059990072 -167.36897315503722
frame0282.jpg -0.4782992757490811 0.03308195073149117 -168.4067684050107
frame0283.jpg -0.4781507722408145 0.037137782079140085 -169.49194323958713
frame0284.jpg -0.4783719702593507 0.03725425207765262 -169.52917401125177
frame0285.jpg -0.4793527109908595 0.04234583362806985 -170.368858669116
frame0286.jpg -0.4793141841175028 0.04680401733120845 -171.56036258394911
frame0287.jpg -0.4803503177234624 0.052016769782790316 -172.61719655184152
frame0288.jpg -0.4793637436921885 0.05591400933190563 -173.6866455304614
frame0289.jpg -0.4793046532636461 0.060830483794926477 -174.55576300364655
frame0290.jpg -0.4783464847936543 0.06930523773747728 -176.76361419960222
frame0291.jpg -0.47959640198541903 0.07499038766184521 -177.7857631965429
frame0292.jpg -0.4780892737457796 0.07878675278992966 -178.80818077475467
frame0293.jpg -0.4776940585027701 0.08305656029736946 -179.59722574673236
frame0294.jpg -0.4778037844940482 0.08834476871246624 -180.4987867811102
frame0295.jpg -0.4758959393029558 0.09207187416673104 -181.55611940256497
frame0296.jpg -0.4760831061505642 0.09734914715297233 -182.5855119822636
frame0297.jpg -0.4766702463468458 0.10345093337139502 -183.27850147683174
frame0298.jpg -0.472951583782927 0.10602675784711918 -184.63980114552731
frame0299.jpg -0.4730922864317709 0.11114152091990326 -185.57562227492485
frame0300.jpg -0.472095123613364 0.11624568746350873 -186.68479218039613
frame0301.jpg -0.4709776824513409 0.12075612090490832 -187.64864188953598
frame0302.jpg -0.4688033853537802 0.1244802337472906 -188.73297520825963
frame0303.jpg -0.4672113240862111 0.12893325071056916 -189.84467020576056
frame0304.jpg -0.4661412175278917 0.13364768008170505 -191.09757791262462
frame0305.jpg -0.4655477722896112 0.13867214025821775 -191.96694230896904
frame0306.jpg -0.4620571497560152 0.14170978712441573 -193.0944045010692
frame0307.jpg -0.4622725628999342 0.14740607456013566 -194.1793815447033
frame0308.jpg -0.4622725143114922 0.1474088142471522 -194.17324870829628
frame0309.jpg -0.4592111781797579 0.1504759529625128 -195.25788143349808
frame0310.jpg -0.4577252435897807 0.15480705251433213 -196.37879274255695
frame0311.jpg -0.45404839360377 0.1573088505288073 -197.58238037673047
frame0312.jpg -0.4527304347418766 0.16139946102033875 -198.4355959115197
frame0313.jpg -0.4526504858431341 0.1668568928193149 -199.80445585761726
frame0314.jpg -0.448167162246548 0.17427633622050098 -201.73680470113084
frame0315.jpg -0.4460626749083417 0.1784457254347826 -202.67527425182288
frame0316.jpg -0.4441625793772943 0.18335236109559472 -203.62877918234278
frame0317.jpg -0.4411177325165684 0.18681533306769627 -204.81375010727126
frame0318.jpg -0.4370436496556465 0.18910557421834714 -206.01492744301723
frame0319.jpg -0.4344886448745369 0.19301300954764627 -207.00571536333763
frame0320.jpg -0.4316146223017042 0.19613416826106053 -207.9235648993057
frame0321.jpg -0.4299664730094013 0.2006047778398475 -209.0357355306041
frame0322.jpg -0.4268140455516231 0.20432837573582568 -209.97289948677772
frame0323.jpg -0.42235993772856506 0.20593968975804527 -211.08430204374028
frame0324.jpg -0.420425063894061 0.2103274445951231 -211.97849073242637
frame0325.jpg -0.41954909174576094 0.2165890703894404 -213.2457217617384
frame0326.jpg -0.41276805959489865 0.21616568863669045 -214.159336010357
frame0327.jpg -0.4102596618760985 0.21989889122428266 -215.400591326407
frame0328.jpg -0.4052246362742932 0.22089623687566207 -216.3507322343066
frame0329.jpg -0.4041606504982176 0.2262440358729268 -217.76139225089418
frame0330.jpg -0.40101913014768975 0.2293365695162983 -224.71523575085422
frame0331.jpg -0.4011738610534336 0.2368400050465175 -219.87647117009465
frame0332.jpg -0.3997162812195227 0.2350648916358428 -219.95370878994686
frame0333.jpg -0.3921197776548143 0.2337523130956438 -220.89678724777355
frame0334.jpg -0.3895422791686885 0.2378934497647689 -222.24760594517898
frame0335.jpg -0.3864719596863593 0.2409317890007459 -222.84443290702947
frame0336.jpg -0.3796054638134097 0.24618464499372905 -225.04185840927155
frame0337.jpg -0.3796054638134097 0.24618464499372905 -225.04185840927155
frame0338.jpg -0.37650937328859424 0.2488213110698062 -225.95393760058232
frame0339.jpg -0.3680478143140529 0.2529339067935969 -228.03618211925357
frame0340.jpg -0.36562825232545854 0.2568676214587553 -229.2857358797082
frame0341.jpg -0.3634532736802111 0.26212042425870097 -230.30142522155683
frame0342.jpg -0.3565713765871088 0.2608494195950153 -230.93691504341888
frame0343.jpg -0.35351176512985594 0.2641528284374789 -231.87304752380533
frame0344.jpg -0.3506569305132695 0.2684525588517463 -233.20193723330055
frame0345.jpg -0.34456875570570217 0.2678544223699398 -233.96542814556057
frame0346.jpg -0.34159228601699376 0.2715581431598885 -234.90193163293287
frame0347.jpg -0.3361754058803441 0.27208603591392144 -236.1293658856108
frame0348.jpg -0.3317052833591194 0.2729631855882736 -237.17637771870486
frame0349.jpg -0.3287469819085015 0.2764549964175579 -238.06971718813196
frame0350.jpg -0.3242507771981385 0.27811116003902075 -239.4686816819756
frame0351.jpg -0.3196429750550261 0.27925078193072506 -240.40736377909724
frame0352.jpg -0.31527464717037224 0.280572884860366 -241.58745086342208
frame0353.jpg -0.31034519335153593 0.28114454937113226 -242.46661714486885
frame0354.jpg -0.30671640760579016 0.2837358062979916 -243.66570861288358
frame0355.jpg -0.30202286220297986 0.2840630387378792 -244.70178338340423
frame0356.jpg -0.30200962521657393 0.2840373924461355 -244.68840901691
frame0357.jpg -0.2975231802198061 0.2846655447167308 -245.75913486498072
frame0358.jpg -0.2941040112891824 0.2869679939281616 -246.8503842076817
frame0359.jpg -0.28905821460817305 0.28665261921311064 -247.74634074993753
frame0360.jpg -0.2819247776278433 0.2914378406463338 -249.81309644550743
frame0361.jpg -0.2819247776278433 0.2914378406463338 -249.81309644550743
frame0362.jpg -0.2762208755275166 0.2904091732989685 -250.99886844942716
frame0363.jpg -0.26795533705348906 0.2929320382866843 -252.87124422907738
frame0364.jpg -0.2622210714703843 0.29085836992730235 -253.8503371069236
frame0365.jpg -0.2596988292018466 0.2941715294395724 -254.82009175878352
frame0366.jpg -0.2558650521157944 0.2967674928019128 -255.70509995267594
frame0367.jpg -0.24896764150221054 0.2932597660334905 -256.7749932402578
frame0368.jpg -0.2447023737956719 0.2942843351080656 -257.78343318827365
frame0369.jpg -0.2398829732217065 0.2945021174124749 -258.7372291864236
frame0370.jpg -0.2367805851129149 0.2976658467861629 -259.53989154743306
frame0371.jpg -0.22980279636970274 0.2932585118411196 -260.70546733258726
frame0372.jpg -0.22551474868411164 0.29318021371511416 -261.631280945023
frame0373.jpg -0.22173969447656244 0.29420812028286325 -262.3752496517584
frame0374.jpg -0.2176351258579277 0.2947545155212229 -263.6614614384795
frame0375.jpg -0.21226650131914854 0.2936058830527001 -264.6361492643172
frame0376.jpg -0.2082233725480293 0.2944916343974143 -265.61082509750156
frame0377.jpg -0.20321654749093365 0.2932993014621881 -266.61990960966415
frame0378.jpg -0.19790927027288324 0.29120271551361443 -267.76056274701176
frame0379.jpg -0.19391038029429872 0.29196579461385064 -268.5128077806219
frame0380.jpg -0.19401618401807308 0.2920755429571409 -268.66747666649684
frame0381.jpg -0.1884432101202581 0.2889396371332344 -269.52603118774334
frame0382.jpg -0.18411911583104454 0.2879487852384381 -270.4467227065243
frame0383.jpg -0.17994111086155035 0.2877583884155966 -271.3508328399634
frame0384.jpg -0.1707121587214017 0.28458643231190195 -273.25701260599254
frame0385.jpg -0.17091262979157099 0.2849941634231146 -273.20679836575755
frame0386.jpg -0.16193571103243107 0.28257187962393204 -275.3192659432653
frame0387.jpg -0.15762039519529436 0.2811709277547764 -276.40754839279043
frame0388.jpg -0.15406312193924832 0.2822070443543268 -277.3228761982035
frame0389.jpg -0.14944583750849638 0.2800725488470703 -278.2838757168239
frame0390.jpg -0.14503598965660036 0.2780053179770159 -279.3104078514832
frame0391.jpg -0.1408129635057668 0.27679980664764114 -280.1372957748998
frame0392.jpg -0.13610165140646194 0.2740542246095147 -281.27183210808744
frame0393.jpg -0.13237155894238833 0.27389559604315017 -282.11844209330945
frame0394.jpg -0.127644713195525 0.27096936212336664 -283.3267969351414
frame0395.jpg -0.12306552153277643 0.2679598685441424 -284.349770829119
frame0396.jpg -0.1196560457493284 0.2682359307577201 -285.22230971220597
frame0397.jpg -0.11484184991521387 0.26481760135984705 -286.38429985152254
frame0398.jpg -0.11066435932406303 0.2626251168783743 -287.2848479579216
frame0399.jpg -0.10688808287728782 0.26100992631046593 -288.49640546507567
frame0400.jpg -0.10276157227792672 0.2573101612877621 -289.55778575286513
frame0401.jpg -0.0998365216522508 0.2573826531296249 -290.79172606340126
frame0402.jpg -0.09501172302739362 0.25268067920730475 -291.85983494982395
frame0403.jpg -0.09130307945142964 0.2503828359019553 -292.7505080902148
frame0404.jpg -0.09128770055979214 0.2503651093095354 -292.7690721622306
frame0405.jpg -0.0881059845766925 0.2498368475087376 -294.1371458231425
frame0406.jpg -0.08367714136023825 0.24583553151793755 -295.3092150498102
frame0407.jpg -0.07977763994665367 0.24284867728720544 -296.166120994887
frame0408.jpg -0.07235076637154107 0.2360779118737606 -298.2551043904952
frame0409.jpg -0.07233406264259358 0.23606003679138315 -298.27472908958873
frame0410.jpg -0.06514851458798393 0.23033318462400315 -300.54113697891944
frame0411.jpg -0.06148634941496443 0.22707279449125245 -301.5898037770629
frame0412.jpg -0.0585011389263077 0.22588315261088385 -302.68624851525954
frame0413.jpg -0.05434381129642592 0.2206928956696176 -303.71121557795027
frame0414.jpg -0.050969296027534784 0.21709110958631836 -304.71781508856384
frame0415.jpg -0.04735249539615236 0.21250280487768025 -305.73402529606574
frame0416.jpg -0.044563218539382776 0.2101499284335349 -306.8037889730066
frame0417.jpg -0.04196163915487704 0.20776797094217492 -308.1653124135075
frame0418.jpg -0.038782582374681726 0.2040108218534764 -309.012303688638
frame0419.jpg -0.035626293552735916 0.20005340933761093 -309.69082359520036
frame0420.jpg -0.03369625084705777 0.2000954282034053 -315.969022141046
frame0421.jpg -0.02967078868575915 0.19204528538711368 -312.34692858297245
frame0422.jpg -0.025236917372714232 0.1832691510107544 -312.94558199545196
frame0423.jpg -0.02398065502106426 0.18522278777506485 -319.09196897468854
frame0424.jpg -0.021794989620509242 0.1826148925133807 -315.4115245444355
frame0425.jpg -0.019481631356481968 0.17981581854329615 -320.9101672039377
frame0426.jpg -0.017096447138311655 0.1762066028138988 -317.86249798762765
frame0427.jpg -0.014736251724093263 0.17262449019698126 -318.5322533655769
frame0428.jpg -0.015062842173846097 0.17379159357679186 -318.45463103302285
frame0429.jpg -0.012365277748819722 0.16843350753154615 -319.6217626876292
frame0430.jpg -0.009988290966453955 0.1644540508599293 -320.7127920433933
frame0431.jpg -0.0075577013091436265 0.15938210904889355 -321.88678800498997
frame0432.jpg -0.005148547641202234 0.15482555730964356 -323.00959876577565
frame0433.jpg -0.003066751180049579 0.15054742592287496 -328.04439473651905
frame0434.jpg 0.00037809886078973837 0.14293530083121986 -325.8311952914203
frame0435.jpg 0.0029096848498864213 0.13578883722858834 -326.9976190495155
frame0436.jpg 0.0012107469157853626 0.14663764842766405 -327.9377763898502
frame0437.jpg 0.005831747887979126 0.1295278815238722 -329.08414840236463
frame0438.jpg 0.0073913767123193206 0.12595578004326655 -329.95375555500544
frame0439.jpg 0.009044209590604216 0.1205145341100186 -330.9499453880861
frame0440.jpg 0.010270371569676452 0.11713356512372723 -331.8981652333175
frame0441.jpg 0.011628183115719122 0.11245669472503808 -332.9825168344842
frame0442.jpg 0.01324484830304645 0.1067782113375012 -334.0163984351562
frame0443.jpg 0.014390612029932491 0.1023815059266346 -335.15879180363623
frame0444.jpg 0.015063214082445915 0.09972505123521838 -335.9597847402712
frame0445.jpg 0.016315148518227678 0.09431532380421677 -336.9457450232106
frame0446.jpg 0.017130044860454413 0.0905337252565874 -341.73721820477573
frame0447.jpg 0.017581758678988542 0.08745719155823688 -338.8356364357787
frame0448.jpg 0.018853825066777203 0.08135534976821104 -339.9542659588092
frame0449.jpg 0.01918172906380991 0.07800711457306038 -340.93473200573914
frame0450.jpg 0.020231697527817668 0.07266245534825322 -345.90661639465094
frame0451.jpg 0.020727787359035327 0.06879380604763999 -343.16435081924135
frame0452.jpg 0.0207247921628446 0.06881645871110548 -343.16427046542947
frame0453.jpg 0.021087451374927187 0.06394224296893193 -343.95069078247695
frame0454.jpg 0.02163908033022221 0.058545671853835385 -348.8584219276575
frame0455.jpg 0.02173352525360165 0.05457240665740224 -346.0920166513026
frame0456.jpg 0.021624240229938658 0.05060912025441629 -347.1779595421072
frame0457.jpg 0.021877430640032912 0.04516377534884878 -351.88928405449553
frame0458.jpg 0.021259615778926745 0.04276985207226429 -352.17455313436636
frame0459.jpg 0.01984192605463076 0.03834766941642041 -351.4799164569814
frame0460.jpg 0.01951687466301916 0.03337563463942488 -352.4584398529661
frame0461.jpg 0.020823391843978627 0.02224053901980065 -356.9523195563361
frame0462.jpg 0.01862285860941485 0.02490387954299589 -354.45885177887897
frame0463.jpg 0.019916957328972355 0.013624054953621229 -358.9960544604774
frame0464.jpg 0.018205534570318788 0.014282513015817781 -356.9452882329845
frame0465.jpg 0.01883334301630991 0.005012731961919307 -357.5825640151235
frame0466.jpg 0.018331120741695458 -8.331086731018511e-05 -361.9748003915694
frame0467.jpg 0.017367482562594194 -0.003295089611149801 -362.7760755168166
frame0468.jpg 0.01674510189515202 -0.007928796031844999 -364.0275314327053
frame0469.jpg 0.016116971324511255 -0.012796155043294113 -365.19082477275424
frame0470.jpg 0.01361993254475745 -0.01118054502321021 -363.1803225962826
frame0471.jpg 0.012546287703047004 -0.014975531593499796 -363.89070383505566
frame0472.jpg 0.011457669061667964 -0.019809814532614628 -365.3245478485825
frame0473.jpg 0.011003073453890344 -0.02652590957489812 -368.5284421745765
frame0474.jpg 0.010374399058463156 -0.032619930804014485 -367.19602788977176
frame0475.jpg 0.008964098427440947 -0.03688117449037194 -371.0700958698699
frame0476.jpg 0.009093961102181865 -0.037166687435579535 -371.1761083700238
frame0477.jpg 0.007727491987961875 -0.04169542108321797 -372.28006012042306
frame0478.jpg 0.005934526126786941 -0.044788095815039286 -372.851047618047
frame0479.jpg 0.005133603653144946 -0.05003519474795592 -371.689110718217
frame0480.jpg 0.0035510192202923975 -0.05443661684214726 -372.7925603537995
frame0481.jpg 0.001976392883322065 -0.058563396429159774 -373.9314422945358
frame0482.jpg -0.002185719632956769 -0.06261724740671208 -375.5921474694777
frame0483.jpg -0.003597199217151879 -0.06474808132462548 -376.65836467404677
frame0484.jpg -0.004410252409060383 -0.06711310357303082 -376.1397101989743
frame0485.jpg -0.006004226479654654 -0.0666536945673495 -376.90958232770464
frame0486.jpg -0.004974012302760914 -0.07094011927890584 -378.95735377643894
frame0487.jpg -0.0056265785485830324 -0.07099065857681691 -379.1621998813187
frame0488.jpg -0.006231546518103665 -0.0699953441938455 -376.7678257104516
frame0489.jpg -0.007074476237380645 -0.06843099164443202 -377.5704593374793
frame0490.jpg -0.006137952817427046 -0.07058670903678095 -378.8001112412041
frame0491.jpg -0.007069140482092052 -0.06815548055192297 -376.9496133761001
frame0492.jpg -0.006353792644291395 -0.0698450149202436 -376.8735058082337
frame0493.jpg -0.005814587144475483 -0.0711435798532701 -378.9636798069487
frame0494.jpg -0.006143165858671425 -0.07035070026732687 -378.8247379947903
frame0495.jpg -0.0059631529665038685 -0.07076692424068093 -378.9131331161092
frame0496.jpg -0.005948981083019056 -0.07082126745338037 -378.961260213709
frame0497.jpg -0.005944590089090125 -0.07082287816993015 -378.9171285921977
frame0498.jpg -0.006259315627285284 -0.06994490972495719 -376.83452776136187
frame0499.jpg -0.006259030923149594 -0.0699585064478879 -376.83864621688804
frame0500.jpg -0.006259030923149594 -0.0699585064478879 -376.83864621688804
frame0501.jpg -0.006388803282745936 -0.06979506212251799 -378.2980754594498
frame0502.jpg -0.006113886549000011 -0.07027166700636255 -376.87879829184635
frame0503.jpg -0.006201307786890264 -0.07010812188277228 -376.97294112173023
frame0504.jpg -0.00616394544913422 -0.07015275812142321 -376.79837307514384
frame0505.jpg -0.00616394544913422 -0.07015275812142321 -376.79837307514384
frame0506.jpg -0.006160917353875278 -0.07015972620475985 -376.7993833367721
frame0507.jpg -0.0060772738470191295 -0.0703439506125894 -376.67841128762876
frame0508.jpg -0.006159863540572543 -0.07015450766326872 -376.6340385650112
frame0509.jpg -0.006197019728627943 -0.07007277865931197 -376.64811055786623
frame0510.jpg -0.0058977170251983254 -0.07089963742984212 -379.02233891296794
frame0511.jpg -0.006316668162575194 -0.06981614947937115 -376.86427885821485
frame0512.jpg -0.006131908431793932 -0.07023615108420435 -376.8230999328061
frame0513.jpg -0.006186490879909397 -0.07014195143613068 -376.8254583177721
frame0514.jpg -0.006328112604939654 -0.06983021778262108 -376.8834297584642
frame0515.jpg -0.006013543362328358 -0.07052491025779163 -376.9525208176967
frame0516.jpg -0.0059724392606074475 -0.07061310756706984 -376.9454422915291
frame0517.jpg -0.006119192528208675 -0.0704536101353903 -378.8879352447986
frame0518.jpg -0.005949038783654395 -0.07085086599290102 -378.72585311046004
frame0519.jpg -0.007050190277385016 -0.0682695924353372 -377.34400813718685
frame0520.jpg -0.007037348815640873 -0.06830488304668167 -377.4954481736807
frame0521.jpg -0.0058524095332863 -0.07102853599503373 -378.8288795371968
frame0522.jpg -0.0058837282556183645 -0.0709876760575362 -378.9860500128318
frame0523.jpg -0.006282158967013611 -0.06993353221126468 -376.78955817825045
frame0524.jpg -0.006280101576238825 -0.06993812698960003 -376.79098256875244
frame0525.jpg -0.00585388719325424 -0.07100848771455857 -379.0003966030554
frame0526.jpg -0.005853480719636331 -0.07100952358656436 -379.0038494322854
frame0527.jpg -0.005853920232502967 -0.07101117011648975 -378.9979274701463
frame0528.jpg -0.006188818660302849 -0.07013824618420432 -376.7784634650688
frame0529.jpg -0.0062225168996075395 -0.07003229167977743 -376.6605167255797
frame0530.jpg -0.00627018966668644 -0.0699702119521285 -376.9356263539368
frame0531.jpg -0.006293582284176848 -0.06995215315202738 -376.95147326913775
frame0532.jpg -0.006266575601216649 -0.06999213835360797 -376.9225042272748
frame0533.jpg -0.006269069659146122 -0.06998476738278624 -376.95174164994114
frame0534.jpg -0.006103666700055438 -0.07035100061554568 -376.9038720557847
frame0535.jpg -0.006146767235043392 -0.07025925063870095 -376.9054571158878
frame0536.jpg -0.0061274546213282285 -0.0703044023817514 -376.9154214390255
frame0537.jpg -0.006198192489415785 -0.0701252491080609 -376.8679849530092
frame0538.jpg -0.0062457435834763686 -0.07003524880201131 -376.8277991163528
frame0539.jpg -0.006162133926917883 -0.07022539787437906 -376.82199637493403
frame0540.jpg -0.0068190800952591035 -0.06889565548313746 -377.96047923184767
