frame0000.jpg 0.0 0.0 -0.0
frame0001.jpg 0.001402142157503401 -0.0003186294329175246 -0.03474795980060691
frame0002.jpg 0.001041270369673252 -0.0002254499788703478 -0.06386755404429947
frame0003.jpg 0.00023116104619519398 -8.137484333079105e-05 0.045406569675687736
frame0004.jpg -0.00012711239834233438 -1.109194496157386e-05 0.0523340404804353
frame0005.jpg -0.00012711239834233438 -1.109194496157386e-05 0.0523340404804353
frame0006.jpg -0.00012711239834233438 -1.109194496157386e-05 0.0523340404804353
frame0007.jpg -0.00012711239834233438 -1.109194496157386e-05 0.0523340404804353
frame0008.jpg -0.00012711239834233438 -1.109194496157386e-05 0.0523340404804353
frame0009.jpg -0.00040561195474543934 2.8330016893313823e-05 0.06344976342001171
frame0010.jpg -0.0010579102055089224 0.00016790332784553718 -0.048506971982007034
frame0011.jpg -0.00047221069851086805 6.415682005752502e-05 -0.02473500697591716
frame0012.jpg 4.9988309075047636e-05 -4.4877706128835604e-05 0.10687125038627916
frame0013.jpg -1.1164061854600574e-05 -2.303201196343663e-05 0.038403982857341736
frame0014.jpg 0.0005817603253941938 -0.0001621062843384069 -0.041100357876822896
frame0015.jpg -0.00010936136437350688 -3.9878747265317983e-05 -0.038214384273277266
frame0016.jpg 0.00019226722703268064 -5.50266042245589e-05 0.01488465267368592
frame0017.jpg 0.0006276399488974215 -0.00014662699075524305 -0.015945298714154173
frame0018.jpg -0.00010204681664773891 -7.501263849356952e-06 -0.045686257451258
frame0019.jpg 0.00035960284787580054 -0.00010658427640745668 0.01905761873471142
frame0020.jpg 0.00038217330962852836 -0.00011199186093558181 0.022465312485782717
frame0021.jpg -0.0012822198134510398 0.00020971470349950272 -0.06251751398234348
frame0022.jpg -0.0007813419706125765 0.00013662004660075348 0.13151760855169511
frame0023.jpg -0.0007759888218433563 0.00014230319743973279 0.14979177055311385
frame0024.jpg 0.00012605934648814222 -4.796382787711624e-05 -0.17932128125021773
frame0025.jpg 3.796338647268796e-05 -4.3025321683796255e-05 -0.05473215693440033
frame0026.jpg 9.741153068671168e-05 -3.615886523553941e-05 0.05229983691851648
frame0027.jpg 0.001475261035717149 -0.0003167745124243137 -0.11532666390329427
frame0028.jpg 0.0015903291280329034 -0.000343490566055643 -0.11875589043155507
frame0029.jpg -0.00026959049560567586 5.525219345748773e-05 0.05640678645464555
frame0030.jpg -0.0014574218294075858 0.0002546146176711744 -0.08624856148682168
frame0031.jpg -0.0009713478835581377 0.00017446828354427237 0.18585775489935416
frame0032.jpg -0.0006320935031019506 0.00010697734618385264 0.1412406047861456
frame0033.jpg -0.0005999762251298214 9.758066178537224e-05 0.11348795519625793
frame0034.jpg -0.0006176182101736925 0.00010761513299683032 0.08989974344717827
frame0035.jpg -0.0006341899745466043 0.00010179563262355335 0.06167681697003076
frame0036.jpg -0.0004904886564797622 6.618312435057389e-05 0.044323761369670096
frame0037.jpg -0.0004529253500332248 5.629444954556061e-05 0.04056673601482687
frame0038.jpg -0.0004514960310825973 6.655733090779648e-05 0.05874328152464805
frame0039.jpg -0.0004156134026231842 5.2546733176603855e-05 0.02549533662972583
frame0040.jpg -0.0004757263748493197 3.634607260556133e-05 -0.06657489782805459
frame0041.jpg -0.00094186395350215 0.00017115003758465686 0.09455843682320883
frame0042.jpg -0.0012992997186078007 0.0002286624272188112 0.09777028285347616
frame0043.jpg -0.0005648602552948352 7.005701513075056e-05 -0.04968053978718004
frame0044.jpg -0.0003861261427563337 2.7042002425040044e-05 -0.058497282393137236
frame0045.jpg -0.0009702592262294627 0.00016169917224144182 0.05737286640353904
frame0046.jpg -0.0003748297250398615 5.287682782769345e-05 0.02019844409410027
frame0047.jpg -0.00020572153997189618 1.701176120965264e-05 -0.12384552313412805
frame0048.jpg 0.0013944326338930792 -0.000331456611100347 -0.08563438833092595
frame0049.jpg -6.1019424243211145e-05 4.334289225560875e-05 0.05243142963878278
frame0050.jpg 0.0018029985882159754 -0.00038257483999413864 -0.20044606272295093
frame0051.jpg 0.0013112613218377567 -0.0002711203844139819 -0.11305526543788467
frame0052.jpg -0.0007915353619826713 0.00021239285755570675 -1.508892188580739
frame0053.jpg -0.0008700302834976773 0.00023331495411771 -1.5609336304683823
frame0054.jpg 0.0005769697367918037 -0.00013439466015654374 -0.1234818294520628
frame0055.jpg 0.000180347813224092 -5.1501458797686515e-05 -0.12712010179388508
frame0056.jpg 0.00010160400539902704 -3.558539855805603e-05 -0.12370555862436634
frame0057.jpg 0.0002117381321591577 -5.823857566113524e-05 -0.10016368354445876
frame0058.jpg 0.0025130844618613288 -0.000540543573804921 -0.169043122116554
frame0059.jpg 0.0006963878319930562 -0.00014985333976949846 -0.10516926335959666
frame0060.jpg -0.001343172976030457 0.00021251905895542186 0.08060900463112786
frame0061.jpg -0.0018810500757163121 0.00035493470202271004 -0.030170864228672583
frame0062.jpg -0.0012778487479394324 0.00023642083207420396 -0.03299623042725545
frame0063.jpg -0.0013946013894310266 0.0002601505385564753 0.039978079303148506
frame0064.jpg -0.0011935475344843586 0.00020486257938158033 0.05371518292100685
frame0065.jpg -0.0011903946936133018 0.00021325896902145956 0.013616865410936891
frame0066.jpg -0.0007456325156673245 0.00011247287034905157 -0.07331527031440023
frame0067.jpg 0.0001992667481153135 -8.318581885008748e-05 -0.17233531053168635
frame0068.jpg -0.00101776605462979 0.00017212903506352655 0.102494979001303
frame0069.jpg 0.00031595382618217384 -0.00012169354734318613 -0.01162852422835976
frame0070.jpg 0.00018042856768226998 -9.328442569537836e-05 -0.003821439816001157
frame0071.jpg -0.00045970255610228476 4.1622450607656944e-05 0.04688044201221903
frame0072.jpg -0.0004528802410164789 4.0380076597484726e-05 0.04685096202121361
frame0073.jpg 4.3371117220864175e-05 -5.243773272468559e-05 0.02245078403168171
frame0074.jpg -5.652355899968033e-05 -3.44546369350848e-05 0.037893444148799686
frame0075.jpg 0.0001083025621929917 -6.362111898019041e-05 0.03269407046611941
frame0076.jpg -0.00037303012446444764 3.3118882891110946e-05 0.04415620330560304
frame0077.jpg -0.00033575473431855747 2.2346570969779275e-05 0.051232074894641315
frame0078.jpg -0.0002795300620732976 1.4979070063217401e-05 0.03399456452982006
frame0079.jpg -0.0010111369516713224 0.00016741837058008202 0.09035964619506474
frame0080.jpg -0.0011070824579096645 0.00018705232474925724 0.094259816846786
frame0081.jpg 0.0005920838002184233 -0.00019906885019917308 0.06865608473537027
frame0082.jpg 0.000338542420982066 -0.00013505502634687645 0.05634536898545809
frame0083.jpg 0.00033443990452207585 -0.00011723858252516542 0.07495276186094295
frame0084.jpg -0.0011423337041229886 0.0001776716265761249 -0.02112348597054888
frame0085.jpg -0.0011333126102717466 0.0001730144972834429 -0.027078276160918305
frame0086.jpg -0.0008684200141533224 0.00012364014240235353 0.06692036594302417
frame0087.jpg 0.00042638028776206805 -0.00015166706827887677 0.02238566761487936
frame0088.jpg 0.00042638028776206805 -0.00015166706827887677 0.02238566761487936
frame0089.jpg 0.00011018809644773513 -9.024196321675936e-05 0.03321824953153698
frame0090.jpg 0.0019884851576320484 -0.000431859568472958 -0.12171017464716935
frame0091.jpg 0.0011027509875972874 -0.0002408747751725125 -0.024243883711528174
frame0092.jpg 0.0011508775741511925 -0.00025413453549102407 -0.0387649982618138
frame0093.jpg 0.0012383751201753292 -0.0002776791317109035 -0.05357016369927292
frame0094.jpg 0.0018655378246124012 -0.00039215461610696864 -0.07571211776063401
frame0095.jpg 0.0016125461874723294 -0.0003421812548758625 -0.06394719107315087
frame0096.jpg 0.0014117135840629972 -0.00029691433305452315 -0.031158679441029038
frame0097.jpg -0.0007928335612123558 0.00015960362646784014 0.05708097979002396
frame0098.jpg 0.00046644721867965613 -0.00011079469250057256 -0.004828760304860428
frame0099.jpg -0.0008905507768301547 0.0001788590580950711 0.015761500286372018
frame0100.jpg -8.291399325880619e-05 1.1937538167433016e-05 0.04739744800459627
frame0101.jpg 0.0005801599829071548 -0.00012860394668715906 -0.04827863389697211
frame0102.jpg -0.0003134199539739947 6.648178596623349e-05 -0.009076240544724326
frame0103.jpg 3.7528669570383056e-05 -3.1898993442208256e-05 0.095435482292095
frame0104.jpg 0.0023681155047205558 -0.0004928215451087753 -0.038022415966745514
frame0105.jpg 0.0029752832874347 -0.0006184438704085841 -0.05465212122996593
frame0106.jpg 0.001163753346347431 -0.0002682093140672565 -0.027716740170237883
frame0107.jpg 0.0011463231575071155 -0.00025758735713957403 -0.013119948349059513
frame0108.jpg 0.0009171346949499408 -0.0002110633244612303 -0.0053966703551422465
frame0109.jpg 0.0008706675698211168 -0.00019871873022414053 -0.008880501594514045
frame0110.jpg -0.00015458474888668553 2.1266181453391866e-05 0.057976057956279324
frame0111.jpg -0.00021094305215704382 4.4034352822013066e-05 0.05295800586630522
frame0112.jpg -0.00021094305215704382 4.4034352822013066e-05 0.05295800586630522
frame0113.jpg 0.0001933472287337636 -4.580717844764986e-05 0.014084146208511462
frame0114.jpg 0.00029497213735028886 -5.893748316858778e-05 0.011993341413962548
frame0115.jpg -0.00015539057983084934 2.8584747089079883e-05 0.055976968788013115
frame0116.jpg 7.218187381927831e-05 -2.273721795931603e-05 0.05840908392757661
frame0117.jpg -0.0001888722923905516 8.617819676209239e-05 -1.5936247090537334
frame0118.jpg 0.0019990015779671557 -0.00045488282884069355 -0.10545990636009947
frame0119.jpg 0.0018216513246897656 -0.0004254337940204042 -0.08962390024957011
frame0120.jpg -8.539781016093531e-05 -4.6440525021981676e-05 0.03523736771961942
frame0121.jpg 1.0398352422969806e-05 -8.525916336909504e-05 -0.014852615427711963
frame0122.jpg 0.00044659076520445304 -0.00015336835904476107 -0.021207804017952497
frame0123.jpg 0.00045038607335260214 9.02287243319203e-05 0.07658502565425539
frame0124.jpg 0.00222121428448424 0.001098338382436091 0.14290720193044987
frame0125.jpg 0.00021363699425965487 0.003732869774287832 0.8581694826115245
frame0126.jpg -0.0014728486209909075 0.006511339685101772 1.4178359840814063
frame0127.jpg -0.0019901095554584643 0.012807741737568802 2.743698631575592
frame0128.jpg -0.0015615327099492574 0.016028182973772075 3.5702653476229846
frame0129.jpg -0.0006925546187642027 0.015874549588965774 3.5090074391217327
frame0130.jpg -0.005946515614932806 0.023583431634705616 3.600518671634976
frame0131.jpg -0.005960290287759211 0.027171040766646084 6.099011717655305
frame0132.jpg -0.0037795271409849867 0.030720465439833845 6.984848037765991
frame0133.jpg -0.006651639229201872 0.03505505509276079 7.5809923296688595
frame0134.jpg -0.006859110799584889 0.038798195095764765 8.660665400755287
frame0135.jpg -0.009120963363445641 0.04320253793923152 9.475440436786467
frame0136.jpg -0.008883307860742493 0.04316559111728527 9.512893705838627
frame0137.jpg -0.009435218505791166 0.047163791365791664 10.249781485338724
frame0138.jpg -0.012246992270666413 0.05130978455330912 11.189795017845379
frame0139.jpg -0.015454136000937646 0.055341211503546234 12.154962946132715
frame0140.jpg -0.015521585659854831 0.05914035090502012 13.002176881824289
frame0141.jpg -0.01714849797977406 0.06312822778618676 13.965285522385605
frame0142.jpg -0.019594679529281064 0.06723432319037191 14.780738013919976
frame0143.jpg -0.021891246291745128 0.07158036425750322 15.530875010957544
frame0144.jpg -0.02549492031832224 0.07591891447179677 16.611264217431973
frame0145.jpg -0.02968416095184965 0.08027944294270747 16.25040197050241
frame0146.jpg -0.02764150247243935 0.08412202996953234 18.22582753556523
frame0147.jpg -0.03228548294229208 0.08840060293599825 18.84757790640296
frame0148.jpg -0.03605734881519272 0.092562462313787 19.079436985785566
frame0149.jpg -0.036604484353282576 0.09667644477150664 19.79226000435611
frame0150.jpg -0.0433845204996748 0.10504589250985286 22.27530591995733
frame0151.jpg -0.04512133594621511 0.10907068328662728 23.07985757586442
frame0152.jpg -0.04853615884245878 0.11304273682436415 23.863300233107168
frame0153.jpg -0.05192560325045047 0.11676404685792965 24.47057285957203
frame0154.jpg -0.05302028012875421 0.12031254471646108 25.35938344793477
frame0155.jpg -0.0453071125148453 0.12399174565956672 25.04902352734085
frame0156.jpg -0.059992526363935074 0.1275722864145629 26.86560332552944
frame0157.jpg -0.0638849528449693 0.13139507235980455 27.33352246701704
frame0158.jpg -0.06860971400138324 0.1350869588587503 28.329526750510656
frame0159.jpg -0.05504056886370707 0.13862277482909502 28.84144972377813
frame0160.jpg -0.0677500457459981 0.1383563007522585 29.624114019009234
frame0161.jpg -0.07255142797878962 0.14175771370838575 30.312876637270588
frame0162.jpg -0.0758158050551441 0.14498223006526373 31.445390958784714
frame0163.jpg -0.07853873738540272 0.1482082019960661 32.38878107842745
frame0164.jpg -0.08172225511435298 0.15164957304581286 32.467122579501144
frame0165.jpg -0.0844612253056847 0.15523475420826213 34.148897577870784
frame0166.jpg -0.08733479228976038 0.15876685383759764 34.722104500900095
frame0167.jpg -0.09082049404230803 0.1619578874445504 35.89511848679317
frame0168.jpg -0.09403274780978332 0.16535312483702452 36.45031233542228
frame0169.jpg -0.09845447538301927 0.16852727321494118 37.04760602703941
frame0170.jpg -0.10252082178064367 0.171753501698292 38.216794592668506
frame0171.jpg -0.10663721009655798 0.1749184541603188 39.0360096432758
frame0172.jpg -0.10993646643137923 0.17820892010862052 39.841852746107115
frame0173.jpg -0.1116668416869136 0.18173786953696572 40.92982886979098
frame0174.jpg -0.11759361853674928 0.18517407244109468 41.19958254284585
frame0175.jpg -0.11991566835391873 0.1880548355023851 42.5350188527337
frame0176.jpg -0.1276985822427431 0.19361521450598132 44.249514063017656
frame0177.jpg -0.13043874929729732 0.19608066656196665 45.07270552463672
frame0178.jpg -0.13416960958498433 0.1989927577409996 45.64691813027487
frame0179.jpg -0.14019770564946685 0.201780027348969 46.34094530786064
frame0180.jpg -0.14356136750564855 0.2044658923144644 47.288149189261034
frame0181.jpg -0.14777911987373554 0.20683133928778727 47.872834753537845
frame0182.jpg -0.14039394316235065 0.21108952365545575 48.40847912508249
frame0183.jpg -0.1557241493102034 0.2112254594831328 49.42406805398787
frame0184.jpg -0.15571161447726026 0.2112140508436928 49.4290057931811
frame0185.jpg -0.15720751276583364 0.2139078171314658 50.36076396343997
frame0186.jpg -0.16409484207098712 0.21574507961740386 51.2166721380423
frame0187.jpg -0.15955386001626878 0.21944478863358385 52.04189225401893
frame0188.jpg -0.1698342213214456 0.22077677397432088 52.90399716366432
frame0189.jpg -0.17608171718695026 0.22279713949744007 53.92323174828859
frame0190.jpg -0.18143223805604075 0.2242892790605555 54.77413074310009
frame0191.jpg -0.18490529534615496 0.2264912187300382 55.608841674797475
frame0192.jpg -0.189702596756138 0.2283457669700949 56.5473220287016
frame0193.jpg -0.1944440726411684 0.2300945267702744 57.3318033854245
frame0194.jpg -0.19868103114866156 0.2320335975286313 58.946495686352726
frame0195.jpg -0.19323207932844969 0.2360597014551131 58.88934163642935
frame0196.jpg -0.2002072534839552 0.2369912271958461 59.8493744758471
frame0197.jpg -0.21073752407300048 0.2368558154693557 61.06278437283597
frame0198.jpg -0.2154961537173213 0.2380797793980779 61.92320273023997
frame0199.jpg -0.22134632007763744 0.2390973689371939 63.452760649407864
frame0200.jpg -0.2295471459785766 0.2416605342208051 64.63981382881278
frame0201.jpg -0.2347532783848676 0.2426905647184033 65.33123372981343
frame0202.jpg -0.23840186422948176 0.2440154913353481 65.85341807432853
frame0203.jpg -0.2380402148243285 0.2469723708012577 66.88362972424301
frame0204.jpg -0.24928356555856926 0.2463021535719816 67.39328318960084
frame0205.jpg -0.25452812550606363 0.24694112944770505 68.08554857933653
frame0206.jpg -0.2585404936973191 0.2480039632805089 68.92342716619946
frame0207.jpg -0.2630474254790116 0.24916542982818185 70.74512642698078
frame0208.jpg -0.26312943654844445 0.24914740358557885 70.7525414582905
frame0209.jpg -0.26701844417663845 0.24998053128303496 70.24336749301563
frame0210.jpg -0.27365913534533703 0.25008563798480216 71.14622016130637
frame0211.jpg -0.2780063556518334 0.25127825620791433 71.93833632730677
frame0212.jpg -0.2736396853103542 0.255177946440023 72.15176687256674
frame0213.jpg -0.2804095437340328 0.2549371202431432 73.0819736676432
frame0214.jpg -0.29466366596796023 0.25243985697594984 74.59797648265497
frame0215.jpg -0.2976851049288731 0.25340528760082165 76.19520113697406
frame0216.jpg -0.3007266986051861 0.2543340616340301 75.96360189600092
frame0217.jpg -0.30640212608358863 0.2543392927878313 76.95527747554438
frame0218.jpg -0.31096217578892177 0.2544844702545709 77.94720788033874
frame0219.jpg -0.3095445076625166 0.2572220897640252 78.02535922404437
frame0220.jpg -0.3210417720856301 0.2545618277950627 79.67309919590424
frame0221.jpg -0.3236325226067421 0.2550365938365178 80.41420109101435
frame0222.jpg -0.3291078743925573 0.2545294119557677 81.64484920837508
frame0223.jpg -0.33408536040136505 0.2542652253161265 83.74245103237062
frame0224.jpg -0.34224786806254714 0.25360894777576304 84.18380126718951
frame0225.jpg -0.3479924140526697 0.2526619406719509 86.02385558126919
frame0226.jpg -0.3522122407433957 0.2520145377812862 85.88806963770868
frame0227.jpg -0.3571776559583077 0.2512849259511717 87.87041351462534
frame0228.jpg -0.3614269490089265 0.25037499686298953 88.5307289563331
frame0229.jpg -0.3643615420210413 0.2502610145440077 88.81612632217461
frame0230.jpg -0.3710198143549115 0.24828126360496866 90.93922732378773
frame0231.jpg -0.3750455990188051 0.24738542100313246 90.82084436739883
frame0232.jpg -0.375034774874328 0.2473920406629185 90.83533089359636
frame0233.jpg -0.37967774658063214 0.24624366890918906 91.80574519086667
frame0234.jpg -0.3831812988542603 0.2458991689817431 94.01779671290994
frame0235.jpg -0.3841493732854852 0.2462547618867449 93.39562766855637
frame0236.jpg -0.3913558717297914 0.24380802420295594 95.1007422181028
frame0237.jpg -0.396059452627418 0.2424187866283368 97.02104166054657
frame0238.jpg -0.40043736125928703 0.24097848742132036 98.257185277552
frame0239.jpg -0.404599813640368 0.2398797044667245 99.18949629428396
frame0240.jpg -0.4091189848517446 0.23844098591550456 100.16198648420277
frame0241.jpg -0.4131006672190287 0.23702361751598605 101.17030880263272
frame0242.jpg -0.4176152009247549 0.2354336846601791 101.32081942264004
frame0243.jpg -0.4220013529723641 0.2336045157181553 102.26711230441369
frame0244.jpg -0.4255416650742172 0.23196342391158736 103.33672506688637
frame0245.jpg -0.42945578259586575 0.23016281431631996 104.43656866319007
frame0246.jpg -0.4344461071540233 0.22791628310929365 105.7315526015578
frame0247.jpg -0.4377271752330673 0.2261681246997003 107.44002206326894
frame0248.jpg -0.4458416972792712 0.2221507109868624 108.67492335417866
frame0249.jpg -0.4492667954011118 0.2202536866766599 110.64071072232665
frame0250.jpg -0.452157261218696 0.2181033733713571 111.18618908199257
frame0251.jpg -0.4551558383487969 0.21595950322936586 112.14621559125077
frame0252.jpg -0.4585785100580087 0.21362225682533914 111.96421461288848
frame0253.jpg -0.4623412578832176 0.2107774280585076 113.04642823908821
frame0254.jpg -0.4668848291490356 0.2076655453659466 114.29451905607368
frame0255.jpg -0.4705966203527773 0.20452911296027912 115.09300821281867
frame0256.jpg -0.4710578757961474 0.20433264419310807 115.96100883731506
frame0257.jpg -0.475066604358846 0.20133583561002968 116.21227121639043
frame0258.jpg -0.4787626511545457 0.19849547249191374 117.18284351176365
frame0259.jpg -0.4813214591257958 0.19611345487116355 117.81218945130941
frame0260.jpg -0.4842649886866781 0.19335661513166447 118.83538535943468
frame0261.jpg -0.4880325193482212 0.19038106917956213 119.73164132209804
frame0262.jpg -0.4916415370214241 0.1870531578692577 121.61147601737848
frame0263.jpg -0.4961059562579169 0.18305529698289646 122.84461886182459
frame0264.jpg -0.4990670135269306 0.1797990934444951 123.73123591331951
frame0265.jpg -0.5022406810736332 0.17667883978394278 123.93943746684485
frame0266.jpg -0.5058689674816719 0.17290982855616738 125.44767909707151
frame0267.jpg -0.5083170839620252 0.16968610306971882 126.03482227288636
frame0268.jpg -0.511368294542455 0.16660013106544766 126.33715045044922
frame0269.jpg -0.5142344712677157 0.16327892202764469 127.643024574065
frame0270.jpg -0.5179297763964164 0.15957200107380756 129.33358579927463
frame0271.jpg -0.5206547419981618 0.15621040800095878 130.1717916165583
frame0272.jpg -0.5256761415205695 0.14881413671192273 131.23365716121478
frame0273.jpg -0.528842093102252 0.14528259322367948 132.09321189733595
frame0274.jpg -0.5314107567900204 0.1413804428518781 133.44441606648587
frame0275.jpg -0.5339378836530321 0.1372867546517117 133.41558756608057
frame0276.jpg -0.5368240525402845 0.1334472943292689 134.00672297747658
frame0277.jpg -0.5386686375663762 0.12934969424090534 135.52252683981652
frame0278.jpg -0.5411312267246553 0.12511819347074732 135.9238388157683
frame0279.jpg -0.5434945843439729 0.12105321635831535 136.84428798775878
frame0280.jpg -0.5435132124024801 0.12104729749062125 136.8763817377277
frame0281.jpg -0.5466436597250551 0.11709924179891655 138.2978851161379
frame0282.jpg -0.5491835204671696 0.1133154290199606 139.2597903310916
frame0283.jpg -0.5509244275774041 0.10948954439416478 139.72576848478934
frame0284.jpg -0.5532679363859158 0.10493652065228004 140.5566880669422
frame0285.jpg -0.5560250155677807 0.10057553545287856 142.1250227795886
frame0286.jpg -0.5578984886650881 0.0962542795270586 143.14189850657812
frame0287.jpg -0.5592036847690467 0.09184473055902057 143.2873896594281
frame0288.jpg -0.5617506653992136 0.08761314613878153 143.87483964790388
frame0289.jpg -0.5636498824664719 0.08322774767792858 145.60824498956853
frame0290.jpg -0.5656468182464727 0.0792795856532587 146.43913444535258
frame0291.jpg -0.5671002606096021 0.07490435031557352 146.75128178170831
frame0292.jpg -0.5688722456489592 0.07107207718247405 147.4384479022167
frame0293.jpg -0.5702357899291239 0.0666131641838062 148.83631465094126
frame0294.jpg -0.5721797995498006 0.06212313955902826 150.35514522906755
frame0295.jpg -0.5733887246386846 0.058108789971684276 150.40793583481218
frame0296.jpg -0.5764125919291722 0.04960567190747856 153.2799441027654
frame0297.jpg -0.5772922502297942 0.04503739889032883 153.68146627680338
frame0298.jpg -0.5783911945346408 0.04049541135925749 154.50816000206655
frame0299.jpg -0.5794255548863582 0.035913083003988794 156.04720720014387
frame0300.jpg -0.5807024013843959 0.0315522193373054 155.99539094747215
frame0301.jpg -0.5813240183604322 0.026966098508952343 157.0835594944981
frame0302.jpg -0.582560383333463 0.022885369623900115 157.45141763398925
frame0303.jpg -0.5837875781555052 0.017789443844486996 158.39881516749037
frame0304.jpg -0.5837879209303704 0.01778962096925074 158.39892931740602
frame0305.jpg -0.5843623295377516 0.013191785240826426 159.2346754475252
frame0306.jpg -0.5849367664959629 0.008615962139708333 160.4356772299957
frame0307.jpg -0.5857653471112968 0.004884030876344868 161.69826785445238
frame0308.jpg -0.586443887508833 0.0005611290003404157 161.72115468397757
frame0309.jpg -0.5870072431992928 -0.003894545910151093 163.70361048519527
frame0310.jpg -0.5868975280506629 -0.009335157771286046 164.9033321379523
frame0311.jpg -0.5874141823314387 -0.012882039706756028 165.72866782460747
frame0312.jpg -0.5872093659500919 -0.018677878094277844 167.10867467083685
frame0313.jpg -0.5872345242325087 -0.02379660143364351 167.4269744481176
frame0314.jpg -0.5873177762088762 -0.02815503033164257 168.66883330657078
frame0315.jpg -0.5871227043629343 -0.032755549519639236 169.1665592381247
frame0316.jpg -0.5871437169913186 -0.03643080603933874 169.76658004174539
frame0317.jpg -0.5865746334299828 -0.04171124757542746 171.569864606147
frame0318.jpg -0.5866457158260876 -0.04441255782037387 171.91012880253678
frame0319.jpg -0.5860060296608415 -0.049724996778134016 171.94625370531753
frame0320.jpg -0.5853834429741724 -0.0587467831606627 174.7760147687635
frame0321.jpg -0.5841010437346306 -0.0653814409503882 175.47574829211652
frame0322.jpg -0.5846443388770911 -0.06731649514288751 176.5945918088963
frame0323.jpg -0.5840503656884252 -0.07181836249802886 176.16115013310315
frame0324.jpg -0.583133724946848 -0.07690983890781825 176.5868437423151
frame0325.jpg -0.5827207451737383 -0.08139949230514565 178.42874963494185
frame0326.jpg -0.5819804377291039 -0.08645125738685061 178.3914178017632
frame0327.jpg -0.5808554054015287 -0.09198585827490284 180.10817953947162
frame0328.jpg -0.5808626170392939 -0.09195370652003447 180.09779742822425
frame0329.jpg -0.5799723194024675 -0.09786372907885683 180.98949137106172
frame0330.jpg -0.5794096493127929 -0.1005759258345447 180.3477185396495
frame0331.jpg -0.5781326535568148 -0.10597560848455352 182.71660377926258
frame0332.jpg -0.5774202058771352 -0.10944135842331182 181.7934180183289
frame0333.jpg -0.5763521206844621 -0.1140049103730406 182.42273238180192
frame0334.jpg -0.5747775616839709 -0.11942832423932448 184.9868257473437
frame0335.jpg -0.5735169159955923 -0.12418225429193955 185.65803154055843
frame0336.jpg -0.5720771592444034 -0.12895639575247594 186.46487147353645
frame0337.jpg -0.5707889409045898 -0.1329079244200116 185.4741184827091
frame0338.jpg -0.5693445258383015 -0.13763200445904186 186.56856050395047
frame0339.jpg -0.5676369453831899 -0.14263056700637447 189.3142938076117
frame0340.jpg -0.5660799128515298 -0.14617356455196706 188.0958346791216
frame0341.jpg -0.5630488171203095 -0.15569594042395582 190.94476105631838
frame0342.jpg -0.5624208852571205 -0.1552308941774628 189.82493547389976
frame0343.jpg -0.5607843292638648 -0.15924653790628746 190.5812975669564
frame0344.jpg -0.5572466286406653 -0.16694725736836075 192.31494768055302
frame0345.jpg -0.5548404112482841 -0.172689022992687 195.1908122104957
frame0346.jpg -0.5519276793597098 -0.18004571827496688 196.41303322252378
frame0347.jpg -0.5499201916181148 -0.18330309394955085 195.72488278403554
frame0348.jpg -0.5485281924264617 -0.18525432825173696 197.92351839345767
frame0349.jpg -0.5461360518989156 -0.1896988377876694 198.78921840337105
frame0350.jpg -0.5437830175134606 -0.19380425238767124 199.46370963171387
frame0351.jpg -0.5416355483694681 -0.19739821511606984 198.23848198922676
frame0352.jpg -0.5403086738680601 -0.20241996644816848 200.34425596658008
frame0353.jpg -0.5391365542517313 -0.20072589229455173 198.87356019197856
frame0354.jpg -0.5368196571342592 -0.20360688330892526 201.98423008827058
frame0355.jpg -0.532323552639032 -0.2144798575214375 203.37981692148716
frame0356.jpg -0.5308821609724651 -0.21293341951632014 204.03531769005738
frame0357.jpg -0.5288828908041922 -0.21433244070615254 204.8658630189732
frame0358.jpg -0.525837770306185 -0.21904798739605136 206.0072600670049
frame0359.jpg -0.5231952758360453 -0.2218750523679224 206.50291071419156
frame0360.jpg -0.520264812124476 -0.2258505651631665 207.6669774941688
frame0361.jpg -0.5169217444166362 -0.2302775553992394 208.59019856189983
frame0362.jpg -0.5140295949144988 -0.23287566825025904 209.2420708518647
frame0363.jpg -0.5109901627718353 -0.2365215038543086 210.32455729943226
frame0364.jpg -0.5077828388406712 -0.23998933905520556 211.1117556249664
frame0365.jpg -0.5047216413560477 -0.2427129989514753 211.86225034501427
frame0366.jpg -0.498082009778189 -0.2494751318919495 210.27927622952404
frame0367.jpg -0.4947535587039002 -0.2528715363778805 214.08750834429887
frame0368.jpg -0.4914582650616193 -0.2559916208872522 215.1052372173138
frame0369.jpg -0.4872374752179052 -0.261093185810961 215.85237365693825
frame0370.jpg -0.4847390827339266 -0.26265416204454817 216.56631035205882
frame0371.jpg -0.4812235908601243 -0.26618245377877137 213.98677528450943
frame0372.jpg -0.47757160620670297 -0.2700530030296765 214.7880865674691
frame0373.jpg -0.4737551658303149 -0.274343724863926 218.9344615677533
frame0374.jpg -0.4707662512499987 -0.2762828794881933 219.73682788944146
frame0375.jpg -0.4666439576607818 -0.2801633329685448 220.2730417587793
frame0376.jpg -0.46662706350942795 -0.2802686075404626 220.26149269371345
frame0377.jpg -0.4628234225163391 -0.283488609347891 220.85494179947887
frame0378.jpg -0.4598150707894568 -0.2850120032148714 221.70247515608605
frame0379.jpg -0.4554315984731162 -0.28934208102860715 222.27716303030655
frame0380.jpg -0.4520636183786062 -0.29120707277712066 222.88710125025173
frame0381.jpg -0.44818928653720863 -0.294624833971159 223.56476892335385
frame0382.jpg -0.4438795820479201 -0.29853246073356043 224.17054025471109
frame0383.jpg -0.4401071081766583 -0.3012440720148918 224.87632531038818
frame0384.jpg -0.43623236763311857 -0.3041740011024037 225.75371669575574
frame0385.jpg -0.4322835811962112 -0.3065267128378823 226.16855892871877
frame0386.jpg -0.4280042086438295 -0.3098630853119928 227.02561827193563
frame0387.jpg -0.4243464047559434 -0.3120799018409487 227.92319085073638
frame0388.jpg -0.4202000433900306 -0.3146037351717945 228.21679187564166
frame0389.jpg -0.4163772182318314 -0.3170560374799753 228.82028751784253
frame0390.jpg -0.4120495470470615 -0.3202137333325205 229.68513247340093
frame0391.jpg -0.40242834220922974 -0.3276473962629418 231.08290086282935
frame0392.jpg -0.3991163879182808 -0.3281533481147549 231.6741410240073
frame0393.jpg -0.3948499381115377 -0.3305829670458974 232.4261836232774
frame0394.jpg -0.3908919382121049 -0.3325167101218888 233.3030517978916
frame0395.jpg -0.3855837044457972 -0.3361792797947759 234.04863879495446
frame0396.jpg -0.38035304352678456 -0.3395160124926637 234.74372791652442
frame0397.jpg -0.3764736984871701 -0.3403589678680947 235.50945228129453
frame0398.jpg -0.3722648624166472 -0.3419160123126657 236.45788689804849
frame0399.jpg -0.36824684122108503 -0.34315245287697904 237.33850170488853
frame0400.jpg -0.3684915563509232 -0.3427004812036123 237.32408493308918
frame0401.jpg -0.3633068697338125 -0.34609353927805064 238.21294383739465
frame0402.jpg -0.3581456964218579 -0.3483382700488356 239.11237982949643
frame0403.jpg -0.35418730741480603 -0.348988523639262 240.0709601094705
frame0404.jpg -0.3494281916804601 -0.3508029481816637 241.01784257560158
frame0405.jpg -0.34475427941978604 -0.3519818169570871 241.83380689280804
frame0406.jpg -0.3400228143427836 -0.35371058660509297 242.90782295538202
frame0407.jpg -0.3351470841839037 -0.3555047947778415 244.01318198956108
frame0408.jpg -0.3310207978171955 -0.3561740567777021 245.04546812172657
frame0409.jpg -0.3260504133164613 -0.3583893000458265 245.85775886652112
frame0410.jpg -0.32185463639836365 -0.3589034215425051 246.88828548114338
frame0411.jpg -0.3174605083860337 -0.3592118874305216 247.7973982068815
frame0412.jpg -0.31105600997466765 -0.3630155291835719 248.93296207090546
frame0413.jpg -0.3057446213892873 -0.3646284338492725 249.51224447286396
frame0414.jpg -0.3063037581920707 -0.3574820763740473 251.0039601957205
frame0415.jpg -0.3008625027498366 -0.3595935637753205 251.91576690140656
frame0416.jpg -0.2892770536260978 -0.3637128214365592 253.7678375774617
frame0417.jpg -0.2892541774162705 -0.3637344491865869 253.7790853368297
frame0418.jpg -0.28457911447390044 -0.3639504724990399 254.61150195140084
frame0419.jpg -0.27609409075211816 -0.3634290125754872 256.62142591543795
frame0420.jpg -0.26911753080303513 -0.3657783678696492 257.3076786044828
frame0421.jpg -0.26657045536031826 -0.362947199977026 258.0703352984318
frame0422.jpg -0.2616896141203643 -0.3633695227471368 259.07938795981164
frame0423.jpg -0.25524826436237785 -0.3651386267522998 259.6425192864862
frame0424.jpg -0.25524440510725416 -0.3651442023077097 259.6417364124982
frame0425.jpg -0.25234118899989977 -0.36273832527393773 260.32500822427454
frame0426.jpg -0.2473758528109581 -0.3632495697837135 261.3020588359799
frame0427.jpg -0.24192073934521585 -0.3635783688607045 261.99724275039836
frame0428.jpg -0.23851199947864676 -0.36177616528834783 262.71882422379105
frame0429.jpg -0.23200259560322176 -0.3637205875711835 263.4786407971574
frame0430.jpg -0.22807310089599425 -0.36194055876233866 264.01794333888625
frame0431.jpg -0.22316250890673275 -0.3620265212213086 264.70292861771225
frame0432.jpg -0.21803611745310308 -0.3623347489660719 265.50988992594245
frame0433.jpg -0.21272117491957804 -0.3619962057457256 266.01899302567284
frame0434.jpg -0.20857417328677247 -0.3608799530326745 266.8030924209177
frame0435.jpg -0.202822904760403 -0.3615842409786788 267.45914782901366
frame0436.jpg -0.19834601818484093 -0.3601069792238313 267.8805383660418
frame0437.jpg -0.1941907995529369 -0.3587328422406591 268.8653711503776
frame0438.jpg -0.18982329411511506 -0.35794208573394154 269.5443376936848
frame0439.jpg -0.18370695835649808 -0.3588797860099675 270.38424945719373
frame0440.jpg -0.17372217404682785 -0.3576003657019549 271.637515382019
frame0441.jpg -0.16821837389178498 -0.35700644317148306 272.415346257581
frame0442.jpg -0.1633593219283309 -0.35612278526610625 273.07228736468784
frame0443.jpg -0.15809665823209185 -0.35520432596499035 273.76843187615134
frame0444.jpg -0.15355560746774868 -0.3537395435662704 274.57347349236386
frame0445.jpg -0.14893959910312635 -0.3525679508119067 275.2831157803354
frame0446.jpg -0.14362637572164813 -0.3515505837423848 276.1253751229763
frame0447.jpg -0.13961831496113355 -0.34966718313128553 277.1181858872918
frame0448.jpg -0.13980092527939994 -0.3495050132568243 277.10924276170044
frame0449.jpg -0.13392821602407354 -0.3491254111932522 277.7192335922493
frame0450.jpg -0.12999517343706332 -0.3465670944107864 278.64551777099945
frame0451.jpg -0.12643264351446176 -0.34452644131358234 279.5139153072373
frame0452.jpg -0.12069459484275487 -0.3439196484358273 280.5963329602868
frame0453.jpg -0.11848973856602085 -0.34007633420113226 281.5653615206752
frame0454.jpg -0.11456637758398522 -0.33854228065083153 282.68934162082354
frame0455.jpg -0.1096190658971114 -0.33692385049404394 283.6062545528373
frame0456.jpg -0.10490093670076188 -0.3353643127298153 284.56892456704475
frame0457.jpg -0.10051197075738867 -0.3336832909833478 285.8831770917542
frame0458.jpg -0.09687847960178962 -0.3310176881695939 286.6061683058712
frame0459.jpg -0.09333303646559124 -0.3284221321458657 287.73578662303487
frame0460.jpg -0.08942805518537343 -0.32612177347272514 288.7058010382003
frame0461.jpg -0.08462729989443771 -0.3243976754741859 289.80092197956776
frame0462.jpg -0.07734055101778135 -0.31875839341047074 291.79443376563245
frame0463.jpg -0.07332062869645531 -0.316629678325331 292.9407705674267
frame0464.jpg -0.06864543042308145 -0.31456531368957924 293.88468485386767
frame0465.jpg -0.06550470301318399 -0.31123717655899463 294.9453141531757
frame0466.jpg -0.06416607805815573 -0.3075019777662514 296.20366731670856
frame0467.jpg -0.05683781313650401 -0.307578410855448 297.2523752959456
frame0468.jpg -0.05491011531385413 -0.3034910708540781 298.3635540141387
frame0469.jpg -0.05181628480180009 -0.30058970415701336 299.1533257929842
frame0470.jpg -0.047075470749470466 -0.2981977710920501 300.1893918127194
frame0471.jpg -0.044975167613682886 -0.2941298796097513 301.40281806875777
frame0472.jpg -0.044992385536605714 -0.2941233069923723 301.4022939733725
frame0473.jpg -0.04066604874053557 -0.2922838267351409 302.55983326636584
frame0474.jpg -0.03794319350405464 -0.2888656836388933 303.47778518049813
frame0475.jpg -0.035646016252248315 -0.28518173079365633 304.5194829288935
frame0476.jpg -0.03146247154264844 -0.2831054934747225 305.7417452083345
frame0477.jpg -0.02794216385395311 -0.2797081774890871 306.6043858709235
frame0478.jpg -0.024825871598627126 -0.2762770142917198 307.76886051422645
frame0479.jpg -0.020761204023797632 -0.2733480381499029 308.56582614043725
frame0480.jpg -0.0190982237734432 -0.2690595079072986 309.6992114313332
frame0481.jpg -0.015070048314287226 -0.2661836387056753 310.52464150383963
frame0482.jpg -0.01357741721854938 -0.26167970669883833 311.51168187971894
frame0483.jpg -0.01241517288240665 -0.2576951775018585 312.45550103146746
frame0484.jpg -0.010287656997715423 -0.254632105005041 313.27363643478526
frame0485.jpg -0.011826860632113405 -0.2504171735110296 313.9974103696681
frame0486.jpg -0.009737784202539894 -0.2495289374983952 314.56633440838266
frame0487.jpg -0.008299911925754508 -0.2490084141321924 315.06386577328493
frame0488.jpg -0.007377615586795373 -0.2487060973474121 315.3486934121982
frame0489.jpg -0.007990965681698617 -0.248340396619212 315.43617719949367
frame0490.jpg -0.007658657024493039 -0.24854829528119746 315.358558537995
frame0491.jpg -0.0077658263687467935 -0.2484799202649744 315.45185681581484
frame0492.jpg -0.007902989804289703 -0.24838695748642656 315.39595041985285
frame0493.jpg -0.008040247318584555 -0.24830636577591755 315.4490201527615
frame0494.jpg -0.007724862128176893 -0.2484913824394272 315.4414665919993
frame0495.jpg -0.007525432147836124 -0.248617908109008 315.44380176942053
frame0496.jpg -0.007525432147836124 -0.248617908109008 315.44380176942053
frame0497.jpg -0.007753218250998547 -0.24846212667304185 315.46585697844813
frame0498.jpg -0.007740946064405895 -0.2484973368012927 315.5014747303594
frame0499.jpg -0.0077686911655481675 -0.2484850104186761 315.48942768672873
frame0500.jpg -0.007586125333014823 -0.2485813969706067 315.45555104614766
frame0501.jpg -0.007324796111100935 -0.24874174507968425 315.3973096588923
frame0502.jpg -0.00752094024451319 -0.24859772183826556 315.43094796682317
frame0503.jpg -0.007573874526593438 -0.24857303717492096 315.43364025852856
frame0504.jpg -0.008339899908668562 -0.2481285783555013 315.59982706470527
frame0505.jpg -0.008451529446015084 -0.24808467506988646 315.4763489133842
frame0506.jpg -0.007919824788809732 -0.24838735220268685 315.47057663007945
frame0507.jpg -0.008853646193197298 -0.24779879986359535 315.47677140926675
frame0508.jpg -0.008845620370151555 -0.24779916003636965 315.4619089592686
frame0509.jpg -0.008411801597382272 -0.2480966674655961 315.5059487390588
frame0510.jpg -0.008539254962350216 -0.2479738690912197 315.60227444781003
frame0511.jpg -0.007989819340580802 -0.2483660491064641 315.49338039777587
frame0512.jpg -0.008087442687549927 -0.24829691859586936 315.543981735321
frame0513.jpg -0.008087591801767983 -0.2483282759102353 315.49013523375726
frame0514.jpg -0.008110794539334694 -0.24830855816802355 315.5003225408541
frame0515.jpg -0.008035662676352993 -0.24835276166989845 315.46042778152645
frame0516.jpg -0.008286635304287695 -0.24819031273549616 315.4004931150668
frame0517.jpg -0.008303241608221705 -0.2481807439323336 315.47187793279204
frame0518.jpg -0.008283948574808603 -0.2481880273722235 315.46610632341566
frame0519.jpg -0.00806975953218813 -0.2482766949076935 315.48515431756175
frame0520.jpg -0.00808392162657115 -0.2482674487171683 315.4845312302755
frame0521.jpg -0.007895479135784894 -0.2484129875796174 315.5301406506945
frame0522.jpg -0.00828846506717855 -0.2481622247905033 315.4873414856121
frame0523.jpg -0.007833293935014196 -0.2484292148821413 315.4530496459582
frame0524.jpg -0.00784444924523247 -0.24842010484939986 315.45567920927306
frame0525.jpg -0.007839114575836498 -0.2484333801392814 315.57406579552463
frame0526.jpg -0.008327013847720284 -0.2481593536462145 315.45270277764183
frame0527.jpg -0.0077526592517438014 -0.2485137274167456 315.52443419749403
frame0528.jpg -0.008000549357967603 -0.24836652519455216 315.49911187165804
frame0529.jpg -0.00800582762851302 -0.24836219878587001 315.49984313928354
frame0530.jpg -0.007997636941494163 -0.2483641826933944 315.52314386375264
frame0531.jpg -0.007645582169983928 -0.24857005362552126 315.4576309321336
frame0532.jpg -0.007646084792103859 -0.24856962431179835 315.45770536301114
frame0533.jpg -0.00804294252140688 -0.2483472813100976 315.44718039265086
frame0534.jpg -0.007953100157760129 -0.24841368042738615 315.43783501993363
frame0535.jpg -0.007862890661971426 -0.24847026060582955 315.4370412207792
