frame0000.jpg -0.0 0.0 -0.0
frame0001.jpg 1.95297116224534e-06 -0.00018743416768674908 0.02810046213405252
frame0002.jpg 4.534886663735805e-05 0.0002105175210205468 0.06368208567316454
frame0003.jpg 4.173705663199246e-05 0.0001893946708117172 0.06496061944527823
frame0004.jpg 5.157176087009429e-05 0.0003043776197266478 0.06340894077388885
frame0005.jpg 5.157176087009429e-05 0.0003043776197266478 0.06340894077388885
frame0006.jpg -7.963584943593045e-06 -0.00018083229346450448 -0.001760143318236605
frame0007.jpg -8.754912556228767e-06 -0.00019664751933772264 -0.002006505473716928
frame0008.jpg -8.754912556228767e-06 -0.00019664751933772264 -0.002006505473716928
frame0009.jpg -8.754912556228767e-06 -0.00019664751933772264 -0.002006505473716928
frame0010.jpg -3.220274834056053e-05 -0.0003311919249967779 -0.011032887020031305
frame0011.jpg -5.394883784879889e-06 -9.37305867869844e-05 -0.004396752223563797
frame0012.jpg -4.390673532385861e-05 -0.0003598529043559972 -0.08101047689095056
frame0013.jpg 3.132030761817546e-05 0.0001028550075068958 0.07227213017231437
frame0014.jpg -4.631764696605142e-05 -0.0002488412646078344 -0.09607093392618248
frame0015.jpg 4.953278494817507e-07 -6.78971826800446e-05 -0.049031567271921615
frame0016.jpg 0.0001699074068197869 0.0014271610987227473 0.03947550019925275
frame0017.jpg 0.00011155696524128398 0.0009678211207943819 0.03837583052411928
frame0018.jpg 9.176356489762714e-05 0.0006946857120770367 0.05315115254853798
frame0019.jpg 5.901909851466388e-05 0.00037900929457034303 0.07236512244488838
frame0020.jpg 6.852483639821036e-05 0.000510360488642907 0.14609635553626854
frame0021.jpg 5.3045324709864084e-05 0.0004837080418900507 0.07232588463266326
frame0022.jpg 5.171845193816792e-05 0.00047073221012972966 0.07388727771685848
frame0023.jpg 9.358188737507384e-05 0.0007412245401529548 0.08689629013510694
frame0024.jpg 8.795413112055952e-05 0.0006311014297631098 0.08678920781262876
frame0025.jpg 8.297219399844912e-05 0.0008309191780517928 0.11601254489909045
frame0026.jpg 3.010359239460987e-05 2.5504750660732414e-05 -0.016333540968157083
frame0027.jpg 3.0376787213737852e-05 1.977414534586786e-05 -0.007469965438370745
frame0028.jpg 7.10511701639313e-05 0.0004359399436484603 0.10719548085378393
frame0029.jpg 9.835912330838983e-06 -7.802302046408596e-05 0.06446638397458494
frame0030.jpg 5.5152375770071875e-05 0.0004699967710326242 0.07521253851997353
frame0031.jpg -6.460108194753739e-05 -0.00044341027669007557 0.014679502032543859
frame0032.jpg -4.7896435379534085e-05 -0.0004005341706205327 -0.0043220333973159174
frame0033.jpg -3.837959566474112e-05 -0.0004409960229762728 -0.02259668639384844
frame0034.jpg -4.020299859614389e-05 -0.00033760587556591235 -0.044768005473374256
frame0035.jpg -4.642394933342862e-05 -0.00047219280111752645 -0.08983256312139637
frame0036.jpg 1.4557291310036907e-05 0.0002655438887769793 -0.14980771202215448
frame0037.jpg 9.268052723931973e-06 5.658040736094656e-05 -0.05429472881040737
frame0038.jpg 7.152318083120138e-05 0.0005050337803122187 -0.027637941348138614
frame0039.jpg 0.00011996771890249917 0.0007376892730685347 0.1271315563831158
frame0040.jpg 0.00012022845804147107 0.0007241580581058791 0.120454337961396
frame0041.jpg 0.00014197096593831973 0.000965910070762951 0.12635903673325347
frame0042.jpg 0.00014318087146186886 0.0010416783262869498 0.12509470598195446
frame0043.jpg 0.00015792800625157274 0.0011084175215007764 0.08085528340033947
frame0044.jpg 0.0001232254350094826 0.0007559509830306651 0.12085517650270836
frame0045.jpg 8.427878828206096e-05 0.00031930350080639224 0.09964992566777477
frame0046.jpg 8.379365023710952e-05 0.0003152505206430834 0.09971129832371008
frame0047.jpg 4.509938831053117e-05 6.68252571513716e-05 0.12117355668646798
frame0048.jpg 1.931602264053929e-05 -0.00016592621682600154 0.13085823078530998
frame0049.jpg 1.933334698844932e-05 -0.00016893075848206006 0.13563466359141707
frame0050.jpg -4.827088966043199e-06 -0.0002140982965971508 -0.04840847754055288
frame0051.jpg 2.1363555314104567e-05 -0.00011202727176596279 0.07710352799031106
frame0052.jpg -3.385575090901687e-05 -0.0006904888998813606 -0.00446001570817621
frame0053.jpg -6.312284186508029e-07 -0.00026066604497859946 0.04868291171751468
frame0054.jpg -2.2072827682485227e-05 -0.000504137431107609 -0.037184291418533945
frame0055.jpg -3.859578053224167e-05 -0.0006666758960875938 0.024622986130246157
frame0056.jpg -2.8095725153569172e-05 -0.000576397942527368 -0.058267610865755486
frame0057.jpg 2.5752034415632325e-06 -0.0002905648516883348 -0.0052980515550178145
frame0058.jpg 4.0423246503081824e-06 -0.000261791811108337 0.012981528549353286
frame0059.jpg -1.488727999925054e-05 -0.0003872863146207944 -0.040771876047953966
frame0060.jpg 0.00016197098965652323 0.001546657156166921 -0.10246415413870387
frame0061.jpg 8.131980964470969e-05 0.0006374190836285364 -0.07892570629158653
frame0062.jpg 1.926910514062485e-05 4.2519625375658257e-07 -0.04636070577833352
frame0063.jpg 8.734691048525308e-05 0.0007050370180474094 -0.012787021324463162
frame0064.jpg 4.365673512117543e-05 0.000335983641668666 0.017207787181213276
frame0065.jpg 1.5490084033838894e-05 5.410788163214651e-05 0.08126156661460181
frame0066.jpg 9.644757268428954e-06 -0.00010436893697959787 0.09342301360770312
frame0067.jpg 6.508061505101578e-05 0.0005985747725494293 -0.05507537461229557
frame0068.jpg 3.1373122392117294e-05 -0.0001419543933517848 0.021243147074105552
frame0069.jpg 3.324879408318613e-05 -0.0001343574235385582 0.04345954975351866
frame0070.jpg 3.493551556791554e-05 -0.00011495890041685878 0.04208499742779399
frame0071.jpg 6.904334277805378e-05 0.00036753390097628064 0.01853217927398306
frame0072.jpg 2.9979886484521727e-05 0.0001344709164215025 0.004217161951129751
frame0073.jpg 7.908250367570415e-06 -2.9271240422902664e-06 0.02028439712398333
frame0074.jpg 3.092995939338982e-05 0.0002745804403779577 0.027559191065616623
frame0075.jpg 5.354399385368047e-05 0.00020851536601854505 0.09568401164315983
frame0076.jpg 4.592013292485819e-06 -0.0001594747507762921 0.09250666209324897
frame0077.jpg 5.03302540105218e-06 -0.0001395600059516525 0.08977545001160102
frame0078.jpg 0.00011879874040725471 0.001058129519646201 0.020894534649584923
frame0079.jpg 1.5073176469799646e-05 -4.894174546082267e-05 0.11552365291968412
frame0080.jpg 7.301716888605215e-05 0.00045204569127919934 0.039638331958732384
frame0081.jpg 2.8549960254475013e-05 9.063461655015224e-05 0.04312794576776382
frame0082.jpg 5.5295623416309595e-05 0.00035231684129845915 0.024398243492335214
frame0083.jpg -1.0571006972960067e-05 -0.00028250907752648096 -0.0053378969967191724
frame0084.jpg -1.4257639805276953e-05 -0.00013143626572033397 0.08227322228197005
frame0085.jpg 4.380630007450255e-05 0.00045290554784548233 -0.0071311225254402765
frame0086.jpg 5.47018858609301e-05 0.000451954534571459 -0.029184014421096038
frame0087.jpg 6.528261470618636e-05 0.0005613558998510457 -0.07127570406199757
frame0088.jpg 3.165227777907779e-06 3.1299029465210584e-06 0.03137387179454917
frame0089.jpg 3.450488831805813e-05 0.00016946326362814174 -0.03785160869298889
frame0090.jpg 0.00012638672569595497 0.0007766707553634935 0.019923886348009096
frame0091.jpg 0.00010645826342221945 0.0009600299613963787 0.058147502396051265
frame0092.jpg 0.00010844885112344256 0.0007928324104698795 0.05174545673710605
frame0093.jpg 0.00010319292662428189 0.0007569814538936075 0.08715761963112083
frame0094.jpg 0.00010452518070542188 0.0007750317037065207 0.0869769285342343
frame0095.jpg 0.000122191010837498 0.000844126475984447 0.17569944033538373
frame0096.jpg 0.00010142564917529074 0.0006064167224464821 0.1184128095784506
frame0097.jpg 3.474660022517557e-05 0.00023829887866361982 0.019509501192281262
frame0098.jpg 3.085035898743025e-06 -8.741917393246142e-05 0.027827287647870475
frame0099.jpg 1.8741336265839906e-05 -6.310813028931913e-05 -0.030543728055627464
frame0100.jpg 7.442547369153071e-05 0.00037277753916516203 0.10875552938966973
frame0101.jpg 0.00010766347326345536 0.0007523741524052023 -0.11374425988738596
frame0102.jpg 8.492774104517193e-05 0.00047562762357115175 -0.01727862507935945
frame0103.jpg 0.00017731764819604005 0.0015083531292468164 0.08247682658446003
frame0104.jpg 0.00013898601953282418 0.001104446959265632 -0.01404644755285156
frame0105.jpg 0.0001590632953202245 0.0014114061206367645 0.012897196346127723
frame0106.jpg 0.0001081530717110796 0.0008209256862919325 0.013366733293549031
frame0107.jpg -2.0337490253714403e-05 -0.0002404586646034292 -0.06739961518072728
frame0108.jpg 5.323737613748704e-05 -0.00010588372181725624 0.03506230958593217
frame0109.jpg 1.3156265981301055e-05 -8.482546579383342e-05 0.05719646102915193
frame0110.jpg 4.49753853971827e-05 0.00016733374330467346 0.11651414755817023
frame0111.jpg 6.333181990437659e-05 0.00021327024072325415 0.1479330019713441
frame0112.jpg 5.6820309640988e-05 0.00011511957016414288 -0.06538079661234583
frame0113.jpg 0.00016590396541215613 -0.00042231170813531983 -0.43921860499686505
frame0114.jpg 0.00032202188082971697 -8.507251494546304e-05 -0.8573886779657637
frame0115.jpg 0.00024687414016318505 -0.0021717528208934763 -3.126804492708713
frame0116.jpg 0.000362313256748812 -0.004599304301444469 -2.5310953762621247
frame0117.jpg 0.00010490723690440388 -0.007934554787821275 -3.4400070169840644
frame0118.jpg 9.1692849809522e-05 -0.0080131255977465 -3.4407867948139925
frame0119.jpg -0.00022573947418214562 -0.010665183245023687 -4.431335346757344
frame0120.jpg -0.00044091506374093273 -0.012103516298602377 -5.419676395059061
frame0121.jpg -0.0011610448380272814 -0.01837270487991381 -5.999912479612155
frame0122.jpg -0.0017366956834494525 -0.02306826635149739 -6.77943641851902
frame0123.jpg -0.0019363203989600922 -0.02544665144753389 -7.927004828154533
frame0124.jpg -0.0021493421125147205 -0.028369951470387 -11.38555141182025
frame0125.jpg -0.002555526981686559 -0.03196462420189551 -10.58330420075099
frame0126.jpg -0.0037236880053432907 -0.036025827134794734 -11.897352327817122
frame0127.jpg -0.0046027912734917025 -0.03826368246732987 -13.1703564922557
frame0128.jpg -0.005598002448244122 -0.04208230350242816 -14.155091189730241
frame0129.jpg -0.006577875637651982 -0.04667044596454117 -14.863133005731363
frame0130.jpg -0.007479496582339962 -0.05055363765917804 -16.126360737928852
frame0131.jpg -0.00981512357807971 -0.05799719382696725 -18.628736819502496
frame0132.jpg -0.011084822175806612 -0.06085195414102591 -19.72396183418234
frame0133.jpg -0.01234473495027107 -0.06463256637995396 -21.104911348662267
frame0134.jpg -0.014054449990618756 -0.06876549978365025 -24.582280676816026
frame0135.jpg -0.015204169759819062 -0.07147036762196664 -23.36049419435566
frame0136.jpg -0.01666186656691211 -0.07524475283172863 -24.513680652708636
frame0137.jpg -0.018361345731367336 -0.07994609425932064 -28.11834933079177
frame0138.jpg -0.019800544597345204 -0.0832347670051779 -27.006248925347123
frame0139.jpg -0.021643875895096015 -0.08566558739706961 -28.133317249293462
frame0140.jpg -0.02407283963890151 -0.09048593404908294 -31.848684832226066
frame0141.jpg -0.025249948395988767 -0.08358659998820518 -30.358583009550067
frame0142.jpg -0.025242018887830585 -0.08350068485237967 -30.31775643315359
frame0143.jpg -0.02779847419637569 -0.09462709670679684 -31.675691079141192
frame0144.jpg -0.030089672859676037 -0.0995589648135198 -32.98164566595814
frame0145.jpg -0.03173937862954886 -0.09429588053026937 -34.0280841483393
frame0146.jpg -0.03409284757122732 -0.1056708524436572 -35.36454011531895
frame0147.jpg -0.036235948103649857 -0.10857211095295437 -36.68250656522851
frame0148.jpg -0.03873234099659198 -0.11258206361516776 -40.0657985606516
frame0149.jpg -0.040938092821419435 -0.10834462735555248 -38.40494864969361
frame0150.jpg -0.04352825678266452 -0.11102171780296052 -39.84201791631764
frame0151.jpg -0.045949796518312366 -0.11508585472374452 -41.18103934626958
frame0152.jpg -0.04858342608278832 -0.12389258394117247 -42.403112818284
frame0153.jpg -0.051210277794801036 -0.12169189196527468 -42.92921300439364
frame0154.jpg -0.0541338949145382 -0.13038935507388216 -47.357023011751814
frame0155.jpg -0.05979584256967181 -0.12833696457742622 -47.584279739361676
frame0156.jpg -0.062413808201997135 -0.1372514202454742 -48.64294897828695
frame0157.jpg -0.06542256088696888 -0.14105166790663293 -49.69469531914075
frame0158.jpg -0.06861052819405783 -0.13823526616589482 -52.0103741036786
frame0159.jpg -0.07120416305188661 -0.145376696673988 -52.29083212704898
frame0160.jpg -0.07468236077245058 -0.14246397153233412 -54.293108548272755
frame0161.jpg -0.07755393266973293 -0.14480185109231564 -54.039369353639565
frame0162.jpg -0.08109052180155306 -0.14612235901899145 -55.80631890327017
frame0163.jpg -0.08424110440970829 -0.15027041427929771 -56.89143654112747
frame0164.jpg -0.08722723075801662 -0.15549097500216275 -58.27892772779962
frame0165.jpg -0.0908403529295674 -0.15849670828643966 -61.644913590216895
frame0166.jpg -0.09091945481485256 -0.1579499088900777 -61.629621015658905
frame0167.jpg -0.09450781061436066 -0.15752201937268825 -60.81709887401249
frame0168.jpg -0.09813846520319476 -0.15814816662300185 -63.23119707290003
frame0169.jpg -0.10164201871843984 -0.15957881936763488 -62.66445725124526
frame0170.jpg -0.10486999514472092 -0.16563111089511867 -66.70856211635656
frame0171.jpg -0.1093017662519219 -0.16267080134300102 -66.5498872054346
frame0172.jpg -0.11264736201286625 -0.16781908971253284 -68.80148587947265
frame0173.jpg -0.11622400724182134 -0.16935340265707008 -69.503966198711
frame0174.jpg -0.11948374648729185 -0.1709149063106883 -70.77829533731136
frame0175.jpg -0.12386706031950435 -0.16873485615558725 -70.70731800608282
frame0176.jpg -0.12723991854749442 -0.1721693207788859 -72.8845519754176
frame0177.jpg -0.13054893029105966 -0.1742814203596672 -72.93401315832837
frame0178.jpg -0.1344569044828132 -0.17497770916010846 -74.20506090073927
frame0179.jpg -0.14309731904030204 -0.17412148207506273 -77.11891367809166
frame0180.jpg -0.14634464603727618 -0.17775364681427602 -79.4243701179995
frame0181.jpg -0.15018326463083448 -0.17775346192725425 -78.94515324624462
frame0182.jpg -0.15414514698707749 -0.1775416839509925 -80.171746990409
frame0183.jpg -0.1579978392876735 -0.17849722666805293 -81.9984339655981
frame0184.jpg -0.16218171797256747 -0.17868346067693805 -82.7335214825398
frame0185.jpg -0.16650526896210166 -0.17861452929142702 -84.83537153028678
frame0186.jpg -0.17052793640567074 -0.17923132063544112 -86.00605350821812
frame0187.jpg -0.17449339330039718 -0.1795022525718305 -87.69170447317161
frame0188.jpg -0.17846535993951912 -0.1791916133493011 -88.26254239349274
frame0189.jpg -0.18174916399636148 -0.18163191925670397 -89.38351991370831
frame0190.jpg -0.18262173514389984 -0.1793346093557755 -89.30426270972406
frame0191.jpg -0.18598996411901525 -0.18076188001771692 -91.5711743217515
frame0192.jpg -0.1894796970913252 -0.1813487022697305 -91.70674014516285
frame0193.jpg -0.1949281109703652 -0.178398732023809 -93.01470477447296
frame0194.jpg -0.19859082405053904 -0.178860799974485 -94.47187193335934
frame0195.jpg -0.20266503413974646 -0.17837552861310493 -95.65620790068242
frame0196.jpg -0.20608832275294356 -0.1782712059375367 -96.91121483575049
frame0197.jpg -0.20983055093407926 -0.1774176442510626 -97.61852379375546
frame0198.jpg -0.2143977536031544 -0.17617328835077628 -98.98684031944002
frame0199.jpg -0.21775990267733256 -0.1770483791026055 -100.19509257648727
frame0200.jpg -0.22197841845219848 -0.1750611264077784 -102.26414920698141
frame0201.jpg -0.2245819714525012 -0.17735921053360193 -103.12532734476805
frame0202.jpg -0.2322079680837976 -0.17481604617762092 -105.74617851325635
frame0203.jpg -0.2370769215571771 -0.17197613005184018 -105.47269448507458
frame0204.jpg -0.2404989715546474 -0.17114403089803762 -107.09273824854448
frame0205.jpg -0.24347126865659874 -0.17126726626881386 -110.00243139487102
frame0206.jpg -0.2468612767340149 -0.17086224165326935 -110.4563515041815
frame0207.jpg -0.2517017247464045 -0.16717891585119146 -112.16045454523577
frame0208.jpg -0.25507579020716703 -0.1665673435925723 -113.36271540076432
frame0209.jpg -0.2596448494172544 -0.16339855330252714 -114.5501174712298
frame0210.jpg -0.2616733792657544 -0.16432856013743144 -115.72664869341722
frame0211.jpg -0.2677325678359016 -0.15849133493054868 -115.70438657839522
frame0212.jpg -0.2697548448415829 -0.15975725512991296 -118.3944744935656
frame0213.jpg -0.27258933440999616 -0.1590611788725632 -119.5546670837275
frame0214.jpg -0.2725477325029317 -0.15913208596482714 -119.53737484530771
frame0215.jpg -0.2764172961976807 -0.15699306566282706 -120.6598341935078
frame0216.jpg -0.2805189595131489 -0.15371638465047746 -119.61522936006037
frame0217.jpg -0.28435819833951764 -0.1506371698724753 -123.60449321738821
frame0218.jpg -0.2862525796600689 -0.1513628214573179 -124.15222903015987
frame0219.jpg -0.2898460435872293 -0.14793469239313506 -125.64787500530764
frame0220.jpg -0.29276438140918226 -0.1456379583832122 -126.67166607243462
frame0221.jpg -0.2961267561297948 -0.14356505575843131 -127.68000263973028
frame0222.jpg -0.2989475615125945 -0.14171217699154126 -129.2462224606575
frame0223.jpg -0.3020399602328883 -0.1391129083742222 -130.33237367056722
frame0224.jpg -0.3052746890224263 -0.13653568164489782 -131.49006993688835
frame0225.jpg -0.30824059472864035 -0.13366019296649656 -132.66610776539827
frame0226.jpg -0.31085126210137703 -0.1312518927217975 -134.11788622336044
frame0227.jpg -0.3163302802408029 -0.12548535976520545 -136.45826826889407
frame0228.jpg -0.3189780118976505 -0.12279849677012665 -137.58393721752503
frame0229.jpg -0.32140140271831324 -0.12026204148594075 -138.74379303819728
frame0230.jpg -0.3238298691679745 -0.11747678488558345 -136.96804150438265
frame0231.jpg -0.3272003743499693 -0.11302502378645884 -141.20356109037917
frame0232.jpg -0.32910728107400633 -0.11030426381112153 -142.1958643230316
frame0233.jpg -0.331408873645096 -0.10725365430174508 -143.58116366657376
frame0234.jpg -0.3336414049030551 -0.10401261347281557 -144.56067151820955
frame0235.jpg -0.337009478592883 -0.09884795513174406 -146.29777354505757
frame0236.jpg -0.33831505455622984 -0.09691984359103432 -147.36056833247278
frame0237.jpg -0.3402883640187928 -0.09370606692610653 -148.37648561509874
frame0238.jpg -0.34250101809561245 -0.08962697838738329 -149.69258306562114
frame0239.jpg -0.3422209000732669 -0.09002782851812527 -149.66742049004557
frame0240.jpg -0.3442346779937496 -0.08641215586614368 -150.9038707920661
frame0241.jpg -0.3466445588227559 -0.08183083536912968 -152.1271273844354
frame0242.jpg -0.3474896718400736 -0.07943695359354394 -153.36135265740958
frame0243.jpg -0.3487888230660981 -0.07644882375972033 -154.53229450608563
frame0244.jpg -0.3504868112454806 -0.07302383841131002 -155.67122270467732
frame0245.jpg -0.3518937357189797 -0.06997356846420519 -156.82172401694766
frame0246.jpg -0.3551519273967897 -0.06389791288200568 -158.19922910696582
frame0247.jpg -0.3551024336067428 -0.06256602820571819 -159.42170573998672
frame0248.jpg -0.35811165475136164 -0.05677359087686652 -160.625119029934
frame0249.jpg -0.3593563917506495 -0.053048314671235774 -161.94234461625794
frame0250.jpg -0.3606717110778223 -0.047318165753003384 -164.2710069523886
frame0251.jpg -0.3619589712911053 -0.04332968232344059 -161.63905972450925
frame0252.jpg -0.36330594428009777 -0.0389098715228774 -166.60254807823588
frame0253.jpg -0.36370627082183776 -0.0355156710797636 -167.88772460770255
frame0254.jpg -0.3642980601690519 -0.03171210846051572 -169.15535181492768
frame0255.jpg -0.3653982168710234 -0.02726481265102133 -170.42757132426598
frame0256.jpg -0.36616223370829976 -0.023095258537331083 -171.73555318526496
frame0257.jpg -0.3671465676342792 -0.018759784082964186 -169.44354671525974
frame0258.jpg -0.3672081145706137 -0.015503566485658385 -174.2365272498684
frame0259.jpg -0.3683067911639706 -0.010188951045335598 -175.3101131988615
frame0260.jpg -0.36851071149471293 -0.006557894257520361 -176.54820461895054
frame0261.jpg -0.369070335115239 -0.002412891440862264 -177.8440004432823
frame0262.jpg -0.3692092705512109 0.0017191519336205439 -178.94672053846634
frame0263.jpg -0.36911420619130747 0.0015407270826517314 -178.9425574063434
frame0264.jpg -0.3686024403643586 0.004648565293466807 -180.2156941430274
frame0265.jpg -0.377201717564524 0.02340766892614425 -181.71998168729976
frame0266.jpg -0.3686345335532519 0.013262364015876237 -182.4529905066758
frame0267.jpg -0.3684297948590664 0.01731520617406131 -183.7162375554761
frame0268.jpg -0.370361676087868 0.025388564675834262 -185.0117717568229
frame0269.jpg -0.3678082440054362 0.025521501935556374 -186.34107596150355
frame0270.jpg -0.3659136432852491 0.027107400594096547 -187.53794282681676
frame0271.jpg -0.3640725616342561 0.028795709013779924 -188.5634054493341
frame0272.jpg -0.3631544156447311 0.03237659527203364 -189.70867559770215
frame0273.jpg -0.3646019051843637 0.03989895206150172 -190.54407438025882
frame0274.jpg -0.3650561313406753 0.051466574436425716 -193.2369998601757
frame0275.jpg -0.36374316243125393 0.054253956724998206 -190.55995133906856
frame0276.jpg -0.3625908833068308 0.05776767599501699 -192.2468029584097
frame0277.jpg -0.362259659714464 0.06347468267205336 -196.83923161436593
frame0278.jpg -0.3608362665846035 0.06609401667018176 -198.01994028249015
frame0279.jpg -0.35933408476371204 0.06946821783986318 -199.20044877581915
frame0280.jpg -0.3578255747962427 0.07266026892859777 -200.36545100981544
frame0281.jpg -0.3567480291129566 0.07662916358209984 -201.51638094891544
frame0282.jpg -0.3555428200646437 0.08057360037414453 -202.78564261067245
frame0283.jpg -0.3540939348943521 0.08422980779672286 -204.05669879223427
frame0284.jpg -0.3522462607381429 0.08692303903100332 -205.3357816042529
frame0285.jpg -0.3508467426314237 0.09162838939137524 -206.56307454724939
frame0286.jpg -0.3490661371028651 0.09517109103650412 -207.63492553882756
frame0287.jpg -0.3489612328965349 0.09496857367083414 -207.63736301044528
frame0288.jpg -0.3466401107237785 0.09707529970923884 -208.93601078168098
frame0289.jpg -0.3458941827217012 0.1038158201928626 -210.25436192668437
frame0290.jpg -0.3431241754220342 0.10615665377303644 -211.36393415952702
frame0291.jpg -0.34176404974204005 0.11072519638284438 -212.7989932755624
frame0292.jpg -0.33893471551522664 0.11267060296307388 -213.81825052551812
frame0293.jpg -0.3368104128236618 0.11569538173232866 -215.0950568261435
frame0294.jpg -0.3345608201381925 0.1187062876716656 -216.47502552149948
frame0295.jpg -0.3321038843274209 0.12235185488881795 -217.62045565669655
frame0296.jpg -0.33028757683537663 0.1267969903422038 -218.88179311497552
frame0297.jpg -0.32726039415898445 0.12907232158184745 -220.22050161055918
frame0298.jpg -0.33063211930970393 0.14668511337076778 -220.12219438323243
frame0299.jpg -0.3201390027839384 0.14068747257019967 -223.94440271241925
frame0300.jpg -0.3160496440252827 0.1399015674023962 -225.20529396803437
frame0301.jpg -0.3143618454266326 0.14530985200201835 -226.5493405193793
frame0302.jpg -0.3113184549006523 0.14859725359688894 -227.5642201115905
frame0303.jpg -0.30790641301596505 0.14988810211977402 -228.93405683378865
frame0304.jpg -0.3048683042793185 0.15215617560279904 -230.07919549466493
frame0305.jpg -0.3016620252696577 0.15419266262125358 -231.42784594860058
frame0306.jpg -0.29922245880526993 0.15785395463324375 -232.6325805178889
frame0307.jpg -0.29629085425211155 0.1612618275365549 -233.84242036594588
frame0308.jpg -0.29322660308127313 0.16509226970564578 -235.0424283792744
frame0309.jpg -0.28887290986462016 0.1638279357418168 -236.29399983419617
frame0310.jpg -0.28655744316131593 0.1698798687304953 -237.70265630582853
frame0311.jpg -0.28651645927267405 0.16973702291080942 -237.7046973143677
frame0312.jpg -0.2827605036192041 0.17173358721952234 -238.85922133874237
frame0313.jpg -0.2790874370031807 0.1731660109957044 -240.27546374506474
frame0314.jpg -0.2747809138529742 0.17284300027422544 -241.33662841226877
frame0315.jpg -0.2716720182801124 0.1757554844670992 -242.51463447007526
frame0316.jpg -0.26860356415726266 0.17843311381756746 -243.83166591616046
frame0317.jpg -0.2645884165326177 0.1803428205738289 -245.02221213993758
frame0318.jpg -0.26126861369630844 0.18263057665095508 -246.35640411676638
frame0319.jpg -0.25685826184286553 0.18162760212069934 -247.50551637970278
frame0320.jpg -0.25380362085864433 0.1863467903310796 -248.91002028267997
frame0321.jpg -0.24952434405518506 0.1863804995942314 -249.9826463096442
frame0322.jpg -0.24544874229970445 0.18712701693895412 -251.32349275033985
frame0323.jpg -0.2380155951006923 0.18920888080939666 -253.7393116720647
frame0324.jpg -0.2345846409013157 0.1928026130053454 -255.06835418208408
frame0325.jpg -0.2298003940376364 0.19066043272907385 -256.16008109399314
frame0326.jpg -0.22616858385778155 0.19178554645143348 -257.51805647694283
frame0327.jpg -0.22259385044129645 0.19413642325669994 -258.8809919298291
frame0328.jpg -0.21870962893282955 0.19461376705625974 -260.0564452917505
frame0329.jpg -0.21490715456553508 0.1956090353328978 -261.25763241960595
frame0330.jpg -0.2105129721740483 0.19484126821942704 -262.4957220687432
frame0331.jpg -0.2068664375858576 0.1944598747336096 -263.56024055354874
frame0332.jpg -0.2037166207655132 0.19929592163578685 -265.2517213855701
frame0333.jpg -0.19905035832913467 0.1982905008807308 -266.10486002208233
frame0334.jpg -0.19497060404101607 0.19780350862265095 -267.51468123798514
frame0335.jpg -0.19491811584238744 0.19752223380313205 -267.52457008088504
frame0336.jpg -0.190955025412632 0.1975282425181203 -268.52955444758123
frame0337.jpg -0.18667244383869488 0.1962221174766356 -269.89051925242023
frame0338.jpg -0.18304085594551464 0.1966489096160116 -270.9844497374654
frame0339.jpg -0.17975277344139484 0.20120223665121906 -272.6524038801389
frame0340.jpg -0.17496001003333456 0.19708017839932826 -273.5090943756698
frame0341.jpg -0.1712891714407997 0.19873725126674607 -274.86261918854905
frame0342.jpg -0.1670814859193476 0.19832750965110288 -276.2268921373214
frame0343.jpg -0.16295644257313427 0.1982226156085089 -277.4049690871704
frame0344.jpg -0.1579832599750403 0.1895785179737348 -279.2914149029806
frame0345.jpg -0.15488536568893832 0.1963170793756592 -279.90030439824096
frame0346.jpg -0.15136319957397532 0.19579237777240185 -281.5194512296572
frame0347.jpg -0.14309161941392784 0.19487739776342802 -283.5717402211527
frame0348.jpg -0.13881041136777345 0.19067442561142864 -284.9327468842716
frame0349.jpg -0.1352763462609557 0.19123215679643127 -285.9736321354813
frame0350.jpg -0.13153577574645745 0.19205813127761628 -287.3764419057183
frame0351.jpg -0.12743475045645886 0.18645429707645766 -288.6961955740172
frame0352.jpg -0.1239038975051735 0.18748342848629576 -289.9314362844579
frame0353.jpg -0.12010299683675547 0.1862067751677795 -291.1265129396764
frame0354.jpg -0.11648264068473145 0.18468267364349894 -292.2805509029913
frame0355.jpg -0.1124876664452043 0.18444946681354205 -293.5038264218107
frame0356.jpg -0.1086315990607471 0.18310496690121594 -294.6015911577073
frame0357.jpg -0.10510834013217736 0.1809449110592535 -295.99454438948686
frame0358.jpg -0.10126841270067856 0.17802065095283684 -297.2551499406882
frame0359.jpg -0.10125296225550943 0.17754610404328974 -297.28954058959096
frame0360.jpg -0.09772142295726648 0.17486959237032054 -298.4227542614095
frame0361.jpg -0.09436745446804108 0.17322272975582492 -299.5939382524758
frame0362.jpg -0.09073991548361217 0.17167796955393771 -301.08983527829844
frame0363.jpg -0.08745671747204764 0.1677621720147821 -302.32034322814286
frame0364.jpg -0.08413044481266753 0.16596929458013754 -303.6185743587455
frame0365.jpg -0.08069005274581527 0.16445482162643518 -304.7712405042563
frame0366.jpg -0.07738721986990234 0.16104474306944574 -305.9557221781149
frame0367.jpg -0.0740449428026466 0.15967549930803746 -307.3966769075254
frame0368.jpg -0.07074198229999035 0.15561091938901006 -308.3834367771211
frame0369.jpg -0.06785570298780873 0.15420899346585648 -309.7975890017773
frame0370.jpg -0.06465354217097755 0.15119810763022 -310.9793514116702
frame0371.jpg -0.058559995765109486 0.14457415526432682 -313.4127259600776
frame0372.jpg -0.05560871602231116 0.14343221253179966 -314.4944975528928
frame0373.jpg -0.05279843150116415 0.14107554379816245 -315.8220700555551
frame0374.jpg -0.0500922657765162 0.13706227666848025 -317.0932780515016
frame0375.jpg -0.047344532352304715 0.13487923237963195 -318.22284968973844
frame0376.jpg -0.04503578528882821 0.13151060567995565 -319.369665070118
frame0377.jpg -0.0424343033178613 0.12727646961169958 -320.61116067007424
frame0378.jpg -0.039764962363679976 0.1242792842751292 -321.86645031842045
frame0379.jpg -0.037339877552929265 0.12026617591884235 -323.1910685591285
frame0380.jpg -0.034973216389421705 0.11778375803707505 -324.4457272351467
frame0381.jpg -0.03252986922168323 0.11516473469044647 -325.61938774111536
frame0382.jpg -0.03033171564451155 0.11138968288847656 -326.71939683038744
frame0383.jpg -0.030344549557476383 0.110761921466539 -326.7055425570038
frame0384.jpg -0.028225196666331113 0.10786598144436664 -327.9895944191058
frame0385.jpg -0.026172346567832426 0.1035887076837452 -329.29214806409146
frame0386.jpg -0.024023072023181036 0.10265942951191204 -330.51979164536147
frame0387.jpg -0.02203636751481377 0.09780264587840748 -331.6711321690031
frame0388.jpg -0.02021333784039176 0.09353727738807348 -332.88558515243557
frame0389.jpg -0.01830407097996988 0.09094552855328387 -334.11278729650104
frame0390.jpg -0.016626165933588385 0.08684306276245374 -335.38924683587356
frame0391.jpg -0.01511654481915135 0.08227699185378427 -336.6348542541813
frame0392.jpg -0.013437624847784845 0.07977410852634223 -337.55984323469477
frame0393.jpg -0.01194048015504932 0.07424116214364941 -338.92682801368693
frame0394.jpg -0.010462867832317748 0.07229778995942601 -340.1056309773264
frame0395.jpg -0.008032572991565021 0.06495530934437127 -342.66072282352417
frame0396.jpg -0.0068870660660684925 0.06024449078974161 -343.8494650292705
frame0397.jpg -0.005949329448933678 0.05625179802632769 -344.9906928133685
frame0398.jpg -0.004907504326140472 0.052515139760708526 -346.1865505778753
frame0399.jpg -0.003967873845785968 0.048458642105221286 -347.31791447950707
frame0400.jpg -0.0032124879796264767 0.04485568962033264 -348.5802320083456
frame0401.jpg -0.0026267696363371064 0.04033483419559293 -349.8195206082115
frame0402.jpg -0.001949961605456082 0.03545069128215867 -351.03280749399886
frame0403.jpg -0.0013581906313629927 0.03130462167172635 -352.24329067563764
frame0404.jpg -0.0007835716981119028 0.028018056997676663 -353.58401263296577
frame0405.jpg -0.000367269299780139 0.02251092411654795 -354.7098103765812
frame0406.jpg -0.00010983078364869368 0.019193658823923297 -355.9691470202145
frame0407.jpg -9.13401883752738e-05 0.019311961276165444 -355.90671909979983
frame0408.jpg 0.00029186328231090497 0.015916742111705004 -357.0521790273932
frame0409.jpg 0.00041431300591686517 0.01122032597096097 -358.37936381951243
frame0410.jpg 0.00048350658836861975 0.007510350371634016 -359.59439853499117
frame0411.jpg 0.0006861216241083143 0.004649606648995737 -360.8826509862735
frame0412.jpg 0.0005189349411162667 -0.00020490777870600465 -362.2828848874346
frame0413.jpg 0.0003561422776384937 -0.0038193823090832634 -363.2787017518296
frame0414.jpg 0.0005832527245859196 -0.005346107749320679 -364.5007818890696
frame0415.jpg -6.728922060749939e-05 -0.011027914574090318 -365.5860828986308
frame0416.jpg -0.0006369402704461918 -0.016387207488109463 -366.5464629749527
frame0417.jpg -0.000729608332533424 -0.018734391208353462 -367.80710220270106
frame0418.jpg -0.0012510505010650955 -0.023387083115792337 -371.14720523736673
frame0419.jpg -0.00270167043979076 -0.03262361249895107 -371.4983886803132
frame0420.jpg -0.0036345073358990242 -0.033233102745781506 -373.21269319719124
frame0421.jpg -0.004866105493974508 -0.040082271164185515 -374.2827454928813
frame0422.jpg -0.00583039630972985 -0.044352794182523525 -375.10953097581563
frame0423.jpg -0.006766652470549067 -0.0463806999771829 -376.2899197164318
frame0424.jpg -0.007924955903752938 -0.051730603848505904 -377.728298383714
frame0425.jpg -0.009082758602209964 -0.05485069070242251 -378.9920832054286
frame0426.jpg -0.010472196968188505 -0.058211626556596036 -380.3004271819388
frame0427.jpg -0.011911850539547814 -0.06329936175496115 -381.39355978075673
frame0428.jpg -0.013424888142120613 -0.06631934757123865 -385.12383611482323
frame0429.jpg -0.014836884852440722 -0.06963883166188277 -383.8705479046199
frame0430.jpg -0.016627715846893223 -0.07450897544069059 -385.3163007405063
frame0431.jpg -0.016526407559366334 -0.07371252676297264 -385.22565887806377
frame0432.jpg -0.01826831479365288 -0.0779914161678985 -386.100073079017
frame0433.jpg -0.020318597366932492 -0.08123899098239783 -389.95574783632463
frame0434.jpg -0.022138102543234842 -0.08550925942072972 -391.18351892842196
frame0435.jpg -0.02396359123478252 -0.08889318075336128 -392.5885580306775
frame0436.jpg -0.025913327449493945 -0.09177856970668416 -391.3116385587931
frame0437.jpg -0.02810422021283386 -0.09535135806276836 -395.00483517070967
frame0438.jpg -0.029959377404927694 -0.09717171878166876 -393.6805411827524
frame0439.jpg -0.0324008182386665 -0.1022424782684627 -397.27263859040403
frame0440.jpg -0.0345863762942171 -0.10453536632718692 -398.5817938877071
frame0441.jpg -0.03644947340183715 -0.10032673015864088 -397.11704363922377
frame0442.jpg -0.04163668481477074 -0.11404037574433865 -402.2394728287488
frame0443.jpg -0.04450009597967199 -0.1172320517754245 -403.6553199891108
frame0444.jpg -0.04727804112952543 -0.12122321421582515 -404.48665211052236
frame0445.jpg -0.04961736047758556 -0.12203953628826125 -403.260922022308
frame0446.jpg -0.052357112004266286 -0.12590011819233501 -404.5504601664914
frame0447.jpg -0.055496551082739015 -0.1283519477550548 -408.38432991659124
frame0448.jpg -0.058198170102823014 -0.13131734525888136 -407.21738470575673
frame0449.jpg -0.06145896036073445 -0.12804820973069664 -407.92016856169505
frame0450.jpg -0.06457792255835462 -0.13058983881904734 -409.9441402873932
frame0451.jpg -0.06732220229104434 -0.13899158021216487 -410.9224197328653
frame0452.jpg -0.07053583592596344 -0.1418808071837031 -411.9336840647976
frame0453.jpg -0.07401090934275686 -0.1377237894722294 -412.9197150776059
frame0454.jpg -0.07689473281401579 -0.14120962116396016 -413.81205977863766
frame0455.jpg -0.0769149598405441 -0.14103633863618156 -413.89538326727336
frame0456.jpg -0.0803454483174719 -0.14250275724317898 -415.8316282322614
frame0457.jpg -0.08334282406936575 -0.1464720830174389 -416.36608934108745
frame0458.jpg -0.08658467540771048 -0.15238636778623488 -417.96250164428335
frame0459.jpg -0.09058229493572774 -0.14990363770325776 -420.1603663267286
frame0460.jpg -0.09378463630722382 -0.15154500883104702 -421.4089478629092
frame0461.jpg -0.09701629251155212 -0.15327476715966876 -422.2855375674447
frame0462.jpg -0.10044012505837108 -0.15642445250856754 -423.2715709099709
frame0463.jpg -0.10340645403124303 -0.16069978492828513 -424.22379849047104
frame0464.jpg -0.10709672407157407 -0.16308500512596902 -425.5724665959366
frame0465.jpg -0.11081393958269996 -0.1648346537749009 -428.60536303454603
frame0466.jpg -0.11463020633559665 -0.16506813882531748 -427.9341457154736
frame0467.jpg -0.12287406337235887 -0.1647658040701753 -430.52691396047743
frame0468.jpg -0.1261896028139264 -0.1680158079571722 -432.6137979149597
frame0469.jpg -0.1298347148835502 -0.17055615318699735 -432.9769142347405
frame0470.jpg -0.1338458055966863 -0.1707380322590967 -434.0424294760965
frame0471.jpg -0.1383021957245572 -0.17005786175308588 -436.490800125847
frame0472.jpg -0.14166812312224872 -0.1735617249325218 -437.94265350738596
frame0473.jpg -0.1452206854486244 -0.17267637614098966 -437.09622226971715
frame0474.jpg -0.14802365084486752 -0.17302620431495344 -438.4487479400921
frame0475.jpg -0.14974741515334986 -0.17435610942464144 -438.4824984922185
frame0476.jpg -0.1517210883807079 -0.17240616380307675 -438.78554743057094
frame0477.jpg -0.15231074511821865 -0.1728124681343463 -438.8352120673424
frame0478.jpg -0.15281433158414498 -0.17332382074425545 -438.99960368643497
frame0479.jpg -0.15286406744045247 -0.17312851356369194 -438.9591575463183
frame0480.jpg -0.15281320458509262 -0.1742778687570764 -439.5250123265043
frame0481.jpg -0.15286140640928636 -0.17421572157498635 -439.61315527944834
frame0482.jpg -0.15326858453765715 -0.1726027590169983 -439.15318006479265
frame0483.jpg -0.15351319936662364 -0.17154805045693322 -439.25706353478785
frame0484.jpg -0.15296202736412134 -0.17356302874612345 -439.5193489943067
frame0485.jpg -0.1534831577500057 -0.17160018304834002 -439.3224182590129
frame0486.jpg -0.1529548301801787 -0.17352378139613794 -439.70104560256107
frame0487.jpg -0.15348297195714394 -0.17162666920947608 -439.31362865715926
frame0488.jpg -0.1529464511016625 -0.1736111289997134 -439.63896138009545
frame0489.jpg -0.15293731071174302 -0.17363606834018525 -439.616253031305
frame0490.jpg -0.15344903129109985 -0.17170625660207486 -439.28371700299164
frame0491.jpg -0.15291186533835086 -0.17372142180561947 -439.6095259171567
frame0492.jpg -0.1534633047388771 -0.17166241518707764 -439.3107813860472
frame0493.jpg -0.1535186497862798 -0.1714935759311189 -439.30859036974334
frame0494.jpg -0.15350854840228412 -0.17152073559074407 -439.3084837519687
frame0495.jpg -0.15341756842127927 -0.17174525248598707 -439.33110719839067
frame0496.jpg -0.15297546297755402 -0.17343555413736786 -439.68694982964143
frame0497.jpg -0.15297299158731978 -0.17344640688138424 -439.6761799316126
frame0498.jpg -0.15319652138927534 -0.17276885822850313 -439.1786841439214
frame0499.jpg -0.15318053948107516 -0.17282780700792486 -439.1847709833738
frame0500.jpg -0.15333399687126592 -0.17224037051241892 -439.11988152684336
frame0501.jpg -0.1532992764885977 -0.17237492845774754 -439.13966942090275
frame0502.jpg -0.15326567426382762 -0.1725027196813698 -439.12495145486025
frame0503.jpg -0.15326567426382762 -0.1725027196813698 -439.12495145486025
frame0504.jpg -0.15300024709316515 -0.17351459006295286 -439.31840183752195
frame0505.jpg -0.15303449935996807 -0.17342631466790687 -439.33567710094746
frame0506.jpg -0.1527157452509514 -0.1742906927594633 -439.2491816782797
frame0507.jpg -0.15303873675627694 -0.17335702354214547 -439.39436314840657
frame0508.jpg -0.15320793392404355 -0.17263671311314954 -439.2167454625337
frame0509.jpg -0.15314042730455052 -0.1729501770522852 -439.2225211575336
frame0510.jpg -0.15345304585528913 -0.17167559496856147 -439.2268924012807
frame0511.jpg -0.15343565252012564 -0.171728665962031 -439.28170440695885
frame0512.jpg -0.15306412946522374 -0.17324426428245476 -439.1845627226729
frame0513.jpg -0.15288440524853136 -0.17387919941511384 -439.4306071701535
frame0514.jpg -0.1530561285368503 -0.1731404688140803 -439.261107989249
frame0515.jpg -0.1534087240941768 -0.17174744355108146 -439.3120582063411
frame0516.jpg -0.15346353978354355 -0.17158667816081072 -439.3099515704179
frame0517.jpg -0.15340327100890502 -0.17185816877131868 -439.30242975048213
frame0518.jpg -0.15313571825605932 -0.17286882091811226 -439.73426569381326
frame0519.jpg -0.15348671852454207 -0.17149979750387306 -439.3019260588836
frame0520.jpg -0.15292455867048252 -0.17351418868691662 -439.5951240681439
frame0521.jpg -0.15294523578249505 -0.17355603743616116 -439.72610925090663
frame0522.jpg -0.15347667793368908 -0.17151882804531665 -439.2894248739261
frame0523.jpg -0.15344880750469786 -0.17161233605601514 -439.29632073030876
frame0524.jpg -0.15347466480774674 -0.1715076802009936 -439.270416664674
frame0525.jpg -0.15347466480774674 -0.1715076802009936 -439.270416664674
frame0526.jpg -0.15347492641276106 -0.1715075248339102 -439.2692844640202
frame0527.jpg -0.15347492641276106 -0.1715075248339102 -439.2692844640202
frame0528.jpg -0.1529248088540026 -0.17360424542803213 -439.71018942091564
