frame0000.jpg 0.0 -0.0 -0.0
frame0001.jpg 0.00045128361114837206 -0.0015107497377494633 -0.06279177826310696
frame0002.jpg 0.00037182142595803484 -0.0012341435559518347 -0.020692665859872488
frame0003.jpg -7.223000954620618e-05 0.00022769346384260083 -0.07346555885838718
frame0004.jpg -4.224687496080352e-05 0.00012825257342779654 -0.07845319834238995
frame0005.jpg -4.224687496080352e-05 0.00012825257342779654 -0.07845319834238995
frame0006.jpg -0.00032177646346200496 0.0010527190196956962 -0.10140270304673046
frame0007.jpg -0.0003487193202244552 0.0011391387041069965 -0.1017337921722576
frame0008.jpg -0.0003487193202244552 0.0011391387041069965 -0.1017337921722576
frame0009.jpg -0.0003487193202244552 0.0011391387041069965 -0.1017337921722576
frame0010.jpg -0.0003487193202244552 0.0011391387041069965 -0.1017337921722576
frame0011.jpg -0.00017676428667466737 0.0005216502757524408 -0.13372739552228818
frame0012.jpg -2.5096468488556988e-05 -4.475666108100127e-07 -0.042760346881860624
frame0013.jpg -0.0003647839967509419 0.0011774434765658955 -0.0938350764957046
frame0014.jpg -0.00019316601559566992 0.0005966532761360003 -0.08642984164050074
frame0015.jpg 0.00022814678476148882 -0.0008567435353687902 -0.1166909482834556
frame0016.jpg 0.00013946153863531174 -0.0005669725950626707 -0.13158427097952696
frame0017.jpg 7.323667322233782e-05 -0.0003075619062319837 -0.09916159773429677
frame0018.jpg 0.0002592179119687607 -0.0008919114739073418 -0.0721762827089837
frame0019.jpg 0.00014228737040075564 -0.0005462838197847909 -0.07658849329019156
frame0020.jpg 7.805310447642818e-05 -0.00030222765292399635 -0.06878898277732548
frame0021.jpg 0.000215517078915326 -0.000817973918550502 -0.10433247939490413
frame0022.jpg 9.290712174800219e-05 -0.0004393438876340427 -0.13169250412858116
frame0023.jpg 0.00015782293719680132 -0.0006613964584549923 -0.12089732142992468
frame0024.jpg -0.00024110749191793467 0.0007317535536089548 -0.14661601306108185
frame0025.jpg -0.00015303829955973803 0.0004289182335271344 -0.13131208302287287
frame0026.jpg 0.00014318097623088082 -0.0005625492194937309 -0.03412982662668493
frame0027.jpg 4.554688802878429e-05 -0.00021591215694699098 -0.010278773176779384
frame0028.jpg -7.733217884503852e-05 0.00010642124380889224 -0.09774430343133317
frame0029.jpg -0.0003351848196987343 0.0010147619850805738 -0.11819418311785465
frame0030.jpg -6.561739158771769e-05 0.00010019187205921491 -0.2418924154716705
frame0031.jpg -0.0002690026680873319 0.000671296165472919 -0.22380559124262875
frame0032.jpg -0.00023765867303451 0.0005434431728432895 -0.2470604335602635
frame0033.jpg -0.00014556502871541468 0.00042700929436428935 -0.12922515246243946
frame0034.jpg 7.628214608705857e-05 -0.00039146852528476687 -0.1638611129978714
frame0035.jpg -0.00012961481201316836 0.00025833848230162344 -0.19505863853497787
frame0036.jpg -2.3494940763035025e-05 -4.4997138887180324e-05 -0.1777845390478677
frame0037.jpg 0.00014589458322681332 -0.0006001380340928808 -0.17157245681106853
frame0038.jpg 0.000188207089220532 -0.0007605064046954968 -0.1914183983217244
frame0039.jpg 0.0002403961828930291 -0.0009359384341552732 -0.182314254318492
frame0040.jpg 0.00013645371890478144 -0.0006302820471772343 -0.2456540746313729
frame0041.jpg 0.00011061048665934497 -0.0005160279990223091 -0.29009032619207203
frame0042.jpg 5.8821360667331604e-05 -0.00032460792994975634 -0.2297698752664873
frame0043.jpg 0.00030780312025021684 -0.0010851698708050103 -0.15312425559041984
frame0044.jpg 9.405510803225243e-05 -0.00040538449891206607 -0.18559636968509846
frame0045.jpg -0.0002461176850500152 0.0006702665260376806 -0.2816614597894305
frame0046.jpg -0.0002586411134150532 0.0006890616867915228 -0.3043943727427926
frame0047.jpg -0.0001929548140283017 0.0004615360059479748 -0.18259170198834548
frame0048.jpg -0.0002967351528210295 0.0008065853497215971 -0.1662573490417532
frame0049.jpg -0.00043627776137471403 0.0013362448838925662 -0.22321087900444686
frame0050.jpg -0.00032994725395559703 0.0009521523464258037 -0.17981574581513246
frame0051.jpg -4.23059794716161e-05 3.7496462293949515e-05 -0.18835239374511106
frame0052.jpg -0.00011565512515289668 0.00028190440835323857 -0.19719530447664008
frame0053.jpg -0.00016030311960472704 0.000421241467261733 -0.2015598086887436
frame0054.jpg -6.629161472992089e-05 0.00010126716118665482 -0.19848808972070084
frame0055.jpg 2.474276968319075e-07 -0.00013324824912526128 -0.2279082616213431
frame0056.jpg -0.0001734334722907664 0.00044912138483601486 -0.1164150823823484
frame0057.jpg -0.00016919280954641293 0.00045309267455681746 -0.13935513862962642
frame0058.jpg -0.0003333586196423062 0.0009907598850585997 -0.14478118411266994
frame0059.jpg -0.00042951659613046336 0.0012935119824982668 -0.1423271341156265
frame0060.jpg -0.0005305024795775232 0.0016746606749011529 -0.12225301474671345
frame0061.jpg -0.0002598389622548191 0.0007929860922503682 -0.0985645214355692
frame0062.jpg -0.00022266214464578912 0.0005873091475144612 -0.07630533697571293
frame0063.jpg -0.00031594700288238315 0.0009009565676258613 -0.08860889035209796
frame0064.jpg -0.00022933951013228926 0.0006142352637383388 -0.1435593030528736
frame0065.jpg -0.000513675633572851 0.0016007343623875767 -0.08987200141021696
frame0066.jpg -0.0002504146189405695 0.0007432813972344218 -0.07138593523197859
frame0067.jpg -0.00021366782099248449 0.0006333854945009676 -0.1105255290416039
frame0068.jpg -0.00025567071239128837 0.0007828505567653479 -0.14332898582360562
frame0069.jpg 4.142380809659588e-05 -0.0002407616906524957 -0.09264754116843048
frame0070.jpg -0.0005132058477414919 0.0015488189679088134 -0.14559166063972984
frame0071.jpg -0.0005720029051931063 0.001735332072592218 -0.12286990810310636
frame0072.jpg -0.00011900151010983397 0.00023533742688336913 -0.15260353279910654
frame0073.jpg -0.0004437333000935559 0.0012717655156228233 -0.15198261454605372
frame0074.jpg -0.00038630058646853103 0.0010852791208789887 -0.14925654609641753
frame0075.jpg -0.00035837700285539995 0.0010257482308632432 -0.16159221951370378
frame0076.jpg -0.0003899454782047799 0.0011345067314870322 -0.13496774425525435
frame0077.jpg -0.0003867639154984981 0.0011260073773569578 -0.14038924006459336
frame0078.jpg -0.0003621481618501842 0.0010872823375658084 -0.08746111810046395
frame0079.jpg -0.00021686592267038002 0.000582808029584812 -0.06814271187689114
frame0080.jpg -0.00022019405734592084 0.00059355350005241 -0.06817032490944774
frame0081.jpg -0.00046361087524157647 0.0014138809358939127 -0.186147726069078
frame0082.jpg -0.00036125763595241516 0.001005026229639469 -0.13146253116262824
frame0083.jpg -0.00041658509836401764 0.0011981346436777806 -0.11641894815242268
frame0084.jpg -0.00041342258304708336 0.0011726499910639134 -0.15898403085426135
frame0085.jpg -0.0003345091828291035 0.0008832295586758526 -0.1656512716690058
frame0086.jpg -0.0001403789283720615 0.00024343610142090082 -0.14815515852078992
frame0087.jpg -0.00040393835688967694 0.0012097263266683605 -0.15568981553861302
frame0088.jpg -6.435456720400778e-05 4.755043445822221e-05 -0.12346974335797507
frame0089.jpg -0.0004485614692732532 0.0012747433398966161 -0.19412059029942952
frame0090.jpg -0.0001094881282902442 0.00022277872654138828 -0.1146273822251373
frame0091.jpg -0.0003272680362910578 0.0009633999057396787 -0.1086134435986201
frame0092.jpg -0.0003049394030017678 0.0007844989460819885 -0.10132573614809977
frame0093.jpg -5.6971775464175804e-05 -5.524424739680113e-05 -0.10208235662748713
frame0094.jpg -0.00023844945244397926 0.000598262572504269 -0.09314235128578996
frame0095.jpg -0.0002056916828689077 0.0004953460164618584 -0.11223577474054028
frame0096.jpg -0.00011743936686265795 0.00020485932479853903 -0.11228959474516208
frame0097.jpg -0.0003254872681868333 0.0009270929271910546 -0.07705633204234702
frame0098.jpg -0.00028952345898886376 0.0007812338224939412 -0.10194275199370917
frame0099.jpg -0.0004271876788174659 0.001242414525785754 -0.100847350702065
frame0100.jpg -0.00036265002227355714 0.0010171615255488056 -0.10240915696175028
frame0101.jpg -1.0266591540913097e-05 -0.0001316439479723641 -0.1273525048167533
frame0102.jpg -0.00023307698168789176 0.0006202820097056683 -0.14973144505843455
frame0103.jpg -0.00012529529092116697 0.00028251003586930105 -0.09582278677809906
frame0104.jpg -6.0671841723572484e-05 4.3043080416116245e-05 -0.08809513951531729
frame0105.jpg -9.319960227441986e-05 7.620777823491191e-05 -0.06729110832981604
frame0106.jpg -0.00015799855471545064 0.0003597488593727891 -0.09303249056362564
frame0107.jpg -0.00024373975361964825 0.0006472978345423452 -0.08411249000998912
frame0108.jpg -0.0007508724720095635 0.0023188069190058012 -0.13989387718170254
frame0109.jpg -0.0002616855221242026 0.0006603783335982997 -0.12756034728138188
frame0110.jpg 7.029265361021644e-05 -0.00048805037688546144 -0.1584512519540612
frame0111.jpg -6.23099703863638e-05 4.011642042727069e-06 -0.06057510888806316
frame0112.jpg -6.471746193916346e-05 -2.544409975785601e-05 -0.1281503401315251
frame0113.jpg -0.00016309978811794988 0.000332052050237471 -0.07561520110554089
frame0114.jpg -0.0001882618523017393 0.00040495826877750353 -0.08982310018419712
frame0115.jpg -0.0001516807252587352 0.0003154580157152056 -0.1316124371312799
frame0116.jpg -0.0004909566631719959 0.0015003304198729485 -0.143104943914332
frame0117.jpg -0.000414940797943186 0.0012598089576092858 -0.13068595976984534
frame0118.jpg -2.3874150665144957e-05 -0.00010587014284730538 -0.14081912771864458
frame0119.jpg -9.305052887129643e-05 0.00011572587155197005 -0.105219561250584
frame0120.jpg -0.0006658521734922684 0.0020014823348045124 -0.1452850526334838
frame0121.jpg -0.0006051049034678526 0.0017990731029197129 -0.15468727886047454
frame0122.jpg -9.110942795909627e-05 0.00015621537684612605 -0.049963669773306914
frame0123.jpg -0.00026544372176420735 0.0007979826563352607 -0.09208323686708927
frame0124.jpg -0.00040485669597786354 0.0011725585665189194 -0.156627492492276
frame0125.jpg -0.0005073124707726857 0.001559689962333737 -0.13266336117662714
frame0126.jpg -0.0003040371003376262 0.0008783286672619299 -0.08331131910799831
frame0127.jpg -0.0004502833901041095 0.0013143642858368056 -0.08408620930063118
frame0128.jpg -0.00045358162870608946 0.0013103791621849913 -0.08101098901768237
frame0129.jpg -0.0006127876155058293 0.0018525532282796528 -0.1279936225621372
frame0130.jpg -0.0007822823052708924 0.0024661124140560745 -0.13431654716518213
frame0131.jpg -0.0005014607206510666 0.0014202408946633052 -0.14094604630819332
frame0132.jpg -0.0003917662136806376 0.0010911807909889523 -0.11297903267139968
frame0133.jpg 7.589747790438632e-05 -0.00015161437590148382 -0.2179529046743963
frame0134.jpg -9.915313294018876e-05 0.0015460042012256008 -0.4101694876630568
frame0135.jpg 0.00015618915728102 0.0025953538511067947 -0.2965223322464363
frame0136.jpg -0.0003551929101513433 0.006271104552716385 -0.09160396920162132
frame0137.jpg 0.0010366242447648118 0.005117697573211839 -0.039332318992245735
frame0138.jpg 0.0007885507848652486 0.010376350999829049 -0.18726827960906284
frame0139.jpg 0.000490788128890429 0.016676362183859417 -0.41274776931082025
frame0140.jpg 0.0021113380198335826 0.01745904266144073 20.560826009354294
frame0141.jpg 0.003977689472047161 0.01802994247977929 19.68708842829649
frame0142.jpg 0.004326776083701175 0.024045940733179404 0.18205713288546288
frame0143.jpg 0.003508578078314178 0.03423836179518396 -0.00975296021158134
frame0144.jpg 0.004346473924617033 0.039483271634593434 0.3082613704786301
frame0145.jpg 0.0056024290060777615 0.04304426183888195 0.6955879829771796
frame0146.jpg 0.004735657522737692 0.05284691637350681 0.3185983651287805
frame0147.jpg 0.0068801731002437715 0.054017709402724996 0.38332898352687395
frame0148.jpg 0.01104539186502546 0.049599211307985 18.868599051294225
frame0149.jpg 0.007876374656488848 0.06670766034806233 1.0257876429113768
frame0150.jpg 0.008423524606510583 0.07452578213827979 20.24907148890076
frame0151.jpg 0.011097480973789531 0.07461018684246172 1.7208746848405354
frame0152.jpg 0.010805964191111149 0.08251148536028982 1.9747778662001119
frame0153.jpg 0.008945739702610964 0.09659216925657413 1.7767933297288998
frame0154.jpg 0.01398046041076429 0.09071362094005724 20.24579431483968
frame0155.jpg 0.014950816022901802 0.09467989852062086 2.2569073152321235
frame0156.jpg 0.010577432741788129 0.1150289988819175 2.632818800785134
frame0157.jpg 0.012572915908979332 0.11879726341942252 2.79687008859236
frame0158.jpg 0.015225561229102116 0.11888608152747893 2.6947829510706187
frame0159.jpg 0.014473893427506044 0.12817056611602973 19.930473612501626
frame0160.jpg 0.01501607387679456 0.13467059030067094 3.302721313429625
frame0161.jpg 0.01796584797676271 0.1342981387871419 2.5756998368208532
frame0162.jpg 0.020521548165181383 0.13357038095243295 3.0314628160138795
frame0163.jpg 0.017501224079269618 0.1491748500481509 19.583525908078066
frame0164.jpg 0.019173168006040797 0.15370453789376445 4.02763904021424
frame0165.jpg 0.018764753281109738 0.1615755180508316 3.5758180564583415
frame0166.jpg 0.01998254560233861 0.16530316728254082 3.830788919572621
frame0167.jpg 0.02174505868657355 0.16816042495373815 4.688569833379233
frame0168.jpg 0.022791563626211958 0.17230057662601458 4.951445439529933
frame0169.jpg 0.02270152435609923 0.1805819373299028 4.394408270348031
frame0170.jpg 0.022807481549638776 0.1878307055469292 20.458885269746908
frame0171.jpg 0.02377130106599011 0.19245798964228436 20.225602771818746
frame0172.jpg 0.02529120618274681 0.1957654034503796 5.710302750380567
frame0173.jpg 0.024536907176130454 0.205475588828278 5.487940539455507
frame0174.jpg 0.02435481163634164 0.2131119884342463 5.619294458603863
frame0175.jpg 0.025070227177948226 0.21854770340704405 5.84276258372253
frame0176.jpg 0.02660832275828513 0.2216355456788725 5.9892810477714375
frame0177.jpg 0.027370352240877114 0.22620321559084736 6.212748894853954
frame0178.jpg 0.02654434085348609 0.23496280792913066 6.087419347178625
frame0179.jpg 0.02748249462151361 0.23955985500807397 6.236384295239196
frame0180.jpg 0.027661409522100174 0.23920189169544484 6.242973298766963
frame0181.jpg 0.027528524777816702 0.24618076147083284 6.506548169582065
frame0182.jpg 0.02883316555011401 0.2558629320172814 6.4332065462381545
frame0183.jpg 0.028020416414238185 0.2642590728380871 6.593601805093857
frame0184.jpg 0.028135692233075302 0.2698088276841897 20.03097924176137
frame0185.jpg 0.027954232063619203 0.2762427319199022 6.7954237444237755
frame0186.jpg 0.026847606804093014 0.2843166532045854 6.776661327463728
frame0187.jpg 0.02683551551160898 0.289266908264732 6.908301456022526
frame0188.jpg 0.0270873184074635 0.2943328710112071 6.986921886600418
frame0189.jpg 0.0270556197001506 0.3001176004013766 20.019027325078426
frame0190.jpg 0.02844137877055317 0.3036423519504955 7.584506612294756
frame0191.jpg 0.029725152450537487 0.3073144781308876 8.042491273933273
frame0192.jpg 0.03021873277556065 0.3129075043078133 8.478202341106815
frame0193.jpg 0.02933684661178232 0.3216095069182231 8.45621705257977
frame0194.jpg 0.02961202196256322 0.3278784909185938 8.310686950312254
frame0195.jpg 0.0297513141568654 0.33406660829821044 8.108545995855119
frame0196.jpg 0.03128119249395277 0.33795566323821885 8.537341164698661
frame0197.jpg 0.030297215405220974 0.3465924900124307 8.86701190025077
frame0198.jpg 0.029543681696146355 0.3540897631827392 20.343831903307635
frame0199.jpg 0.02993439639668783 0.3597122867926956 8.919141778407699
frame0200.jpg 0.043860352078743725 0.33700892823323864 13.834483035252564
frame0201.jpg 0.03003350365700613 0.3718616479801966 20.34865755110945
frame0202.jpg 0.031209437241121324 0.3758764894043639 9.744782188239382
frame0203.jpg 0.030557823655610723 0.3828784657760333 9.897028020070788
frame0204.jpg 0.031556898055803466 0.3871975770131584 9.993105575783757
frame0205.jpg 0.03420119892634861 0.3882487770914841 10.765865411063645
frame0206.jpg 0.032846725791847727 0.396916122552735 10.698263522250675
frame0207.jpg 0.03320569074494127 0.4025142904943805 10.52656669395827
frame0208.jpg 0.03258299214459666 0.4097511932566416 10.624469901169496
frame0209.jpg 0.03198802690031103 0.4164152961265276 19.877754479807752
frame0210.jpg 0.034149396144857416 0.4184052007353844 11.005480687734382
frame0211.jpg 0.032260504215590666 0.4279505144983529 10.841239573579529
frame0212.jpg 0.042642374916330834 0.41454367098716455 14.984065490339034
frame0213.jpg 0.03303904603095146 0.4379772183067116 11.307969187548512
frame0214.jpg 0.031172564101041945 0.4467391422196851 11.283516312524323
frame0215.jpg 0.030393821067644905 0.4533014250000231 11.659777276549265
frame0216.jpg 0.03009960002554142 0.4594860027589193 11.747269300971587
frame0217.jpg 0.02991068630853207 0.4655971893494924 11.632657968439815
frame0218.jpg 0.03032292783949315 0.4706866509616879 11.813345886311765
frame0219.jpg 0.029476598854897493 0.4777163611082109 12.054981623084114
frame0220.jpg 0.030040426591504632 0.4824352544221587 12.290410244060011
frame0221.jpg 0.030216801045566045 0.4878142795679457 12.524979429181034
frame0222.jpg 0.031137916251202376 0.4915416108146718 12.811797517236595
frame0223.jpg 0.037391126784376436 0.4861579210175248 13.971816460522986
frame0224.jpg 0.028655395165612437 0.5059932614355662 20.88303541899629
frame0225.jpg 0.028111152759345674 0.5120928448286198 20.91476137352292
frame0226.jpg 0.02838690029811168 0.5170166699998381 20.632218338712388
frame0227.jpg 0.02872180130546443 0.5219465095781389 13.266893352659654
frame0228.jpg 0.02935729176980157 0.5265288563917729 13.597184034974386
frame0229.jpg 0.027758157110650626 0.5346061230348539 13.84893212705006
frame0230.jpg 0.027038135110361662 0.5405875188048598 20.932404597178174
frame0231.jpg 0.026160334674920627 0.5469384665451706 14.169094399046465
frame0232.jpg 0.02595384061078676 0.5517049964745107 20.80074296261518
frame0233.jpg 0.025393491665948748 0.557421598115649 14.38867364734972
frame0234.jpg 0.02580043536154797 0.5618897584182098 14.628950215348668
frame0235.jpg 0.024338160960875092 0.5689646347207857 21.379130048711787
frame0236.jpg 0.024045272202599964 0.5744674709687647 14.822981094752224
frame0237.jpg 0.030042439413554174 0.5701890010017903 16.521325035999833
frame0238.jpg 0.022085170098270053 0.586896915736016 21.462731264577275
frame0239.jpg 0.021601471694422128 0.592856433629396 21.56667657936566
frame0240.jpg 0.02203950008121596 0.5974040135121249 15.895834288054012
frame0241.jpg 0.020080896651533037 0.6051045426252462 15.942935044002466
frame0242.jpg 0.024579482562986445 0.6035660793940171 17.06752532202118
frame0243.jpg 0.02001148960858557 0.6153206934756807 16.81404236793111
frame0244.jpg 0.019048163223280627 0.6219774478640295 21.871350147435933
frame0245.jpg 0.01802811881290003 0.6279014710625753 21.954503010694538
frame0246.jpg 0.0191555279999938 0.631197852713537 16.639472398830332
frame0247.jpg 0.01702290540714159 0.6390883500339534 22.16540522204427
frame0248.jpg 0.016836215725429496 0.6446102449911503 16.724829998388035
frame0249.jpg 0.01972391742285582 0.6454292375876219 17.852148897509966
frame0250.jpg 0.014276851140985591 0.6578250239755352 22.70450550758096
frame0251.jpg 0.014559025687564515 0.6623923004502199 17.8630350040643
frame0252.jpg 0.01769575117387041 0.663118629276479 18.68687943590473
frame0253.jpg 0.01458530356376355 0.6721928348993788 22.37080251945918
frame0254.jpg 0.012008013218780766 0.6802475972274887 22.83423059409748
frame0255.jpg 0.01269453870804579 0.6841539398626388 18.301148544510557
frame0256.jpg 0.012847006750678298 0.6885194297041514 21.63080381587347
frame0257.jpg 0.01032458068541723 0.6963002451932645 22.832681087835113
frame0258.jpg 0.009271457074781485 0.702090144984722 22.978366675797755
frame0259.jpg 0.011707809126075544 0.7038268210522555 21.926309141971192
frame0260.jpg 0.008419264292378437 0.7127118721057775 19.245776778264467
frame0261.jpg 0.006715483250811713 0.7197476845910509 19.1740853769207
frame0262.jpg 0.005218477002833816 0.7257963307419326 19.398291208624848
frame0263.jpg 0.007743775167548816 0.7274362037047657 20.41109639898932
frame0264.jpg 0.003489536446020645 0.7372603851303536 23.07016160176668
frame0265.jpg 0.00368436071043373 0.7416031961125337 20.226310850806996
frame0266.jpg 0.0007199770493477378 0.7497018718407474 23.645038772629146
frame0267.jpg 3.21931856945637e-05 0.7550579734189794 19.901214545018338
frame0268.jpg -0.0013680554030682385 0.7608823459460909 23.422871024813567
frame0269.jpg -0.0027286789899013605 0.7667335672781904 20.60219803254737
frame0270.jpg -0.003753962089025325 0.7724961091504734 20.469660965682216
frame0271.jpg -0.001923699321212037 0.7748952217021091 21.066777687173296
frame0272.jpg -0.004931070014877064 0.782560582462004 23.36199815627697
frame0273.jpg -0.0060974877004918784 0.7883813552200413 23.627634849140247
frame0274.jpg -0.00635390564042013 0.7934498320753101 22.297339928427558
frame0275.jpg -0.009247823512579445 0.8010023717249297 21.85690198589485
frame0276.jpg -0.007309603877506336 0.8040011300313757 22.31841940148047
frame0277.jpg -0.008064278095791372 0.8046869998805981 22.392886285931233
frame0278.jpg -0.01129129732662991 0.8127194738821651 21.55461028323743
frame0279.jpg -0.0142094249155086 0.8199744195047132 21.672044368373236
frame0280.jpg -0.013618310140862693 0.8237279261310589 21.88309750975682
frame0281.jpg -0.014933362839378073 0.8337584944610006 23.01132221681875
frame0282.jpg -0.015201074543488919 0.8390240043095182 22.560970723365642
frame0283.jpg -0.01775752019983768 0.8460590563520849 23.02325972029324
frame0284.jpg -0.018943970674057117 0.8518237556756665 24.563004626498884
frame0285.jpg -0.020189598900235143 0.8575983067563104 24.67369304322525
frame0286.jpg -0.021693523091170442 0.8637220074595106 25.13362029029739
frame0287.jpg -0.02112863033315065 0.8681775433621561 23.36727187831361
frame0288.jpg -0.02216145894404576 0.8737175415017875 23.781926665857878
frame0289.jpg -0.02483684793798243 0.8805366865476054 23.415494563854523
frame0290.jpg -0.027089623525458743 0.8869908883563863 25.67608245936777
frame0291.jpg -0.0262155828429423 0.89121237624386 24.155164273609465
frame0292.jpg -0.02866186856852428 0.8976234108711331 24.122235522818492
frame0293.jpg -0.031239549481993707 0.9043866495753072 24.140700922658812
frame0294.jpg -0.03154704129596896 0.9093988236434252 24.692219045770802
frame0295.jpg -0.03221781424388357 0.9147471981372588 25.229814221454145
frame0296.jpg -0.034368207647924795 0.9210652157737872 24.454544517091012
frame0297.jpg -0.035322520570727885 0.9267310306407526 24.93357920118636
frame0298.jpg -0.03580695818016695 0.9320326103834652 25.603110171496247
frame0299.jpg -0.037351088672008516 0.9378861193932936 25.64268740441733
frame0300.jpg -0.0391040022606005 0.9434537730556865 26.13511411731421
frame0301.jpg -0.04235197784066171 0.949759421024675 26.015811231872625
frame0302.jpg -0.042938209851785016 0.9546341800774087 26.281070990339963
frame0303.jpg -0.04488773478078651 0.9599132514355306 26.341646320628747
frame0304.jpg -0.047041230352165855 0.9659284999278084 26.42999089848846
frame0305.jpg -0.050298198418041985 0.9724915964244506 26.66580963210803
frame0306.jpg -0.04938902834952492 0.9764326895009452 26.636514999039026
frame0307.jpg -0.05192569837279273 0.982450991905922 26.276253211849113
frame0308.jpg -0.05288606301686617 0.9876889551123696 26.951471164999386
frame0309.jpg -0.055700005675615206 0.9935318854335392 26.910955863719874
frame0310.jpg -0.05690422540449715 0.9987096939690596 27.165347561490545
frame0311.jpg -0.058632086482111274 1.0042361887499105 27.0740965412223
frame0312.jpg -0.060044355986679086 1.0095102525081998 27.36844832258113
frame0313.jpg -0.06306301008751239 1.015534470509704 27.46326483069469
frame0314.jpg -0.06463561063461687 1.0214099192209254 27.12887321275668
frame0315.jpg -0.06717703498278907 1.0274386970650895 27.708746406605467
frame0316.jpg -0.06703357753332255 1.032372456931287 27.916263969403644
frame0317.jpg -0.0689495678535334 1.0382048147968566 27.862504512195372
frame0318.jpg -0.07069262771118777 1.0435778664126538 27.95979406666873
frame0319.jpg -0.07364701009964206 1.0493987414138206 27.92733994068044
frame0320.jpg -0.07410586429493476 1.054770720778084 28.36235441622204
frame0321.jpg -0.07705714007707436 1.0609990919471768 28.56208869360033
frame0322.jpg -0.07900894317367332 1.0664550328859124 28.46250436996991
frame0323.jpg -0.08144151310796599 1.072265165248847 28.871474828400828
frame0324.jpg -0.08362234423824606 1.0777658823642529 29.62723368430787
frame0325.jpg -0.08328025642602155 1.0827633032884614 29.37783435082521
frame0326.jpg -0.08648722719543349 1.0887879446682869 29.67519293815541
frame0327.jpg -0.08869936154692704 1.0942041076983071 29.384881341392962
frame0328.jpg -0.09134091792645263 1.0997177778306324 29.874036723403286
frame0329.jpg -0.0922303624860215 1.1048114039300008 29.93809303078706
frame0330.jpg -0.09427338833182386 1.1104261865857217 30.40026280961103
frame0331.jpg -0.09624527647740216 1.1161890828478005 30.387734721032814
frame0332.jpg -0.09858065197970853 1.1221075502609537 30.449450939082247
frame0333.jpg -0.10179391350558 1.127654665389081 30.99530937446321
frame0334.jpg -0.1025807805284715 1.132947099583484 30.842648405307816
frame0335.jpg -0.10412940508348496 1.1382117941613294 30.7893708767497
frame0336.jpg -0.10648744308335227 1.1436014406951482 31.02464374362048
frame0337.jpg -0.1100565134700958 1.149350954381364 31.01373044823945
frame0338.jpg -0.11095465109779967 1.154709429337127 31.317244372167586
frame0339.jpg -0.11314194962439765 1.1602745227567328 31.433606931701664
frame0340.jpg -0.11433781165642268 1.1659001995702551 31.864387656378867
frame0341.jpg -0.11793054105546193 1.1711584954893064 31.788666840980806
frame0342.jpg -0.11859044902928703 1.1766571201257885 32.04907322878588
frame0343.jpg -0.12278275297080644 1.1823776997986448 32.47304995761565
frame0344.jpg -0.12432497529669928 1.18776070151482 32.159039613059946
frame0345.jpg -0.1258687341101858 1.1932591710897398 32.52249402591609
frame0346.jpg -0.12882367783763354 1.1986608546525606 32.72402458892311
frame0347.jpg -0.13104288920546125 1.2042095534548158 32.74667234732042
frame0348.jpg -0.1324219569984897 1.209760959350726 33.084333664032954
frame0349.jpg -0.13605691033557113 1.2149043633316696 32.905214058094394
frame0350.jpg -0.13672417616346524 1.2203910732282732 32.85869215160801
frame0351.jpg -0.1403604632078385 1.2259161610672729 33.214744517634806
frame0352.jpg -0.14364129736537393 1.2312328611047314 33.400816964235474
frame0353.jpg -0.1448687624730804 1.2367996935293115 33.21558735837509
frame0354.jpg -0.1488186328028091 1.241528221588927 33.666336756588585
frame0355.jpg -0.1506588664210823 1.2474274469879612 33.52236380998902
frame0356.jpg -0.15369571369926627 1.2520092460397405 33.75446656401791
frame0357.jpg -0.15613198199839587 1.2569698059329841 33.921234076466106
frame0358.jpg -0.1584356803152246 1.2624750772885869 34.269710292453425
frame0359.jpg -0.15965319619371868 1.2685731108441485 34.07081079518315
frame0360.jpg -0.16227110495093985 1.273993418798589 34.02288092536775
frame0361.jpg -0.16483464343665274 1.279554476795319 34.81979864243942
frame0362.jpg -0.1674227165530806 1.2853131461008662 34.651087472720945
frame0363.jpg -0.17065025939631304 1.2901894898939197 35.08535043024422
frame0364.jpg -0.17494110749779535 1.2947433767956065 35.047437005968966
frame0365.jpg -0.17701528050940682 1.300592039711178 34.55760355652101
frame0366.jpg -0.17886200882150233 1.3065598126661158 35.41693025590836
frame0367.jpg -0.18245585976919032 1.3110281931521637 35.488357737964186
frame0368.jpg -0.18372980924381066 1.3173817209083976 35.60957474881789
frame0369.jpg -0.18691175818793665 1.3223823275940405 36.0409454575658
frame0370.jpg -0.18922566908760888 1.3284696721185296 35.86541278485161
frame0371.jpg -0.1921854764943279 1.3333418577250395 36.362789571545036
frame0372.jpg -0.19449176659573209 1.3385473472249698 36.099488527348036
frame0373.jpg -0.1974479651165568 1.3435792344257491 37.18443031323749
frame0374.jpg -0.20067340932722344 1.3478369372767736 36.906846433947
frame0375.jpg -0.20304975880744056 1.354139360294777 37.1605833749931
frame0376.jpg -0.20634559738189606 1.3592575178377868 37.22615021789271
frame0377.jpg -0.20895528808811745 1.3649899221896653 37.209411164693925
frame0378.jpg -0.2119627057747385 1.3699991700625038 37.7543196038277
frame0379.jpg -0.21539358229122896 1.3750309049975995 37.75263346422509
frame0380.jpg -0.21886753463417405 1.3792611766353544 37.76844613816983
frame0381.jpg -0.22075979686889888 1.3866064663852185 37.70885760052022
frame0382.jpg -0.22346550684682265 1.3920501200175848 38.87047146284724
frame0383.jpg -0.2272973738534597 1.395295436392353 38.617321314177296
frame0384.jpg -0.2305883081908651 1.3998826387225904 38.67488166465556
frame0385.jpg -0.2330287272905729 1.406462916576406 38.81568317533756
frame0386.jpg -0.2356875084175357 1.412181677211512 39.10493686998415
frame0387.jpg -0.2387009533920917 1.4171194607941808 39.47147135261157
frame0388.jpg -0.2422322728193393 1.4212763064283849 39.36098067507186
frame0389.jpg -0.2448804576578769 1.4268148143797794 39.3919762684088
frame0390.jpg -0.24671355395838215 1.4356815083297272 40.20528091329006
frame0391.jpg -0.2507832739689436 1.4390184699450896 39.63626422512
frame0392.jpg -0.2544354849756046 1.4424922706215728 40.11106561729826
frame0393.jpg -0.2572748856169633 1.4483260793374837 40.225189470187495
frame0394.jpg -0.260564797020173 1.4534660307845295 40.20850282181015
frame0395.jpg -0.2640341519264883 1.4570243931497249 40.45525708784548
frame0396.jpg -0.2664922519741248 1.4639416128376062 40.75679177822939
frame0397.jpg -0.2699426795480737 1.468238987879927 40.5362517708448
frame0398.jpg -0.2731489607542791 1.4740825589654711 40.780513209994396
frame0399.jpg -0.27630966398075385 1.4796404717814542 40.56828686311549
frame0400.jpg -0.2797665870344889 1.4850018317446319 40.89550063095785
frame0401.jpg -0.28317115079564803 1.4883945146208428 41.18047153560708
frame0402.jpg -0.2863703098502285 1.4933977166106038 41.31999566647273
frame0403.jpg -0.28949015547955986 1.4981249517402306 41.398990721619725
frame0404.jpg -0.2926579919811793 1.5028054366313466 41.55822491379292
frame0405.jpg -0.2959666631685132 1.5079778870475973 41.66437300698702
frame0406.jpg -0.2994821188939449 1.5131551932299452 41.913299601593415
frame0407.jpg -0.3027938335779143 1.519042870841164 42.03215395907192
frame0408.jpg -0.306571364937132 1.5227341049024037 42.32797518006416
frame0409.jpg -0.3100382848335794 1.5279353234861068 42.40165127091071
frame0410.jpg -0.3131763951507702 1.5327338986259489 42.828246582551216
frame0411.jpg -0.316345561239506 1.5387537700925005 42.942484975327524
frame0412.jpg -0.3198726276417799 1.5442268060511388 43.19421683234788
frame0413.jpg -0.32334150959190994 1.548172224227989 43.31205164586347
frame0414.jpg -0.3265067736212651 1.5522910310615532 43.57837360545518
frame0415.jpg -0.32949587605076075 1.5579514640948502 43.8721509383861
frame0416.jpg -0.33276278036667106 1.5625465740103164 43.91293242060415
frame0417.jpg -0.3360217265328645 1.5675321515954117 44.109600984650214
frame0418.jpg -0.3391358644680409 1.5742700708817443 44.39488708673519
frame0419.jpg -0.3423829316426005 1.5789022305950309 44.35341411215441
frame0420.jpg -0.3458865792785744 1.5834749495045055 44.67472833123605
frame0421.jpg -0.34930529854969106 1.5870353853334804 44.708088659459015
frame0422.jpg -0.3524636459672557 1.5911242250917366 44.736936098460426
frame0423.jpg -0.35607042409600786 1.5949986550660655 45.11573082930774
frame0424.jpg -0.35945750551066064 1.6001897969164978 45.12925603391572
frame0425.jpg -0.3624638290919683 1.6058411868726663 45.20227384590845
frame0426.jpg -0.3659161966374682 1.6114482711068945 45.62066650440558
frame0427.jpg -0.36930191621952413 1.6145492631885427 45.53131966263968
frame0428.jpg -0.3725691246560594 1.6189557015076967 45.783049417594796
frame0429.jpg -0.3763970050013529 1.6243187855676469 45.831706891263465
frame0430.jpg -0.380072388173154 1.62782677838664 46.08440163798234
frame0431.jpg -0.3836615481698433 1.6336031069803687 46.2015776498633
frame0432.jpg -0.3873321529839357 1.6389334960525102 46.45095626295975
frame0433.jpg -0.39082273765649306 1.6432793611657392 46.59550196257378
frame0434.jpg -0.3947249537351327 1.6488708496677245 46.66764332859914
frame0435.jpg -0.3984847130290545 1.6525968164821359 46.86062918117866
frame0436.jpg -0.4021220959811755 1.6572024939456202 46.98730010364604
frame0437.jpg -0.40587958384020784 1.6617009494683603 47.159324544418105
frame0438.jpg -0.4095618303970916 1.6666789994789284 47.352875379359844
frame0439.jpg -0.4132068571368387 1.6718135657833393 47.65038852189736
frame0440.jpg -0.4171019096183299 1.6763030607736598 47.624219239184185
frame0441.jpg -0.4210140535947138 1.679099248282218 47.69745649625741
frame0442.jpg -0.4247063014114221 1.6836445037313374 48.02488820846917
frame0443.jpg -0.4283545123723247 1.6871664893190097 48.2368084046086
frame0444.jpg -0.4326355627925507 1.6933009819645108 48.07742473703329
frame0445.jpg -0.4364162857963305 1.697914384500196 48.36007553002339
frame0446.jpg -0.4397939300794557 1.700745617278319 48.381790352982705
frame0447.jpg -0.4434453694946329 1.704811544282543 48.60309102780892
frame0448.jpg -0.4472387075243017 1.7097042217860996 48.65621061958585
frame0449.jpg -0.4510554740366026 1.7131190306628301 48.692433449369496
frame0450.jpg -0.4546928386908106 1.7171654060714807 48.59329453479157
frame0451.jpg -0.45812808811394296 1.7200287237303218 49.10411984286426
frame0452.jpg -0.4618505980265455 1.7247080793424938 49.29073461118799
frame0453.jpg -0.465984199731155 1.7313714439107468 49.46436769705213
frame0454.jpg -0.46973219305906294 1.7357361937937978 49.599117186336954
frame0455.jpg -0.4736483745607352 1.739710913881008 49.773417189167574
frame0456.jpg -0.4779271720501442 1.7460817522431151 50.11930562393529
frame0457.jpg -0.4816285653723967 1.7504113161380348 50.32399888950554
frame0458.jpg -0.4856922793578157 1.7555184152836354 50.49338942283244
frame0459.jpg -0.4891489507390631 1.7583239512282176 50.73609900586703
frame0460.jpg -0.493330956067764 1.7640478859934752 50.83250131664961
frame0461.jpg -0.4972999363225881 1.7686955400592963 51.03410690680739
frame0462.jpg -0.5012548061889615 1.772787611660226 51.20438854081944
frame0463.jpg -0.5051113376627752 1.7768951826971535 51.52594547592685
frame0464.jpg -0.5091636210973441 1.7818619326629872 51.492448881351315
frame0465.jpg -0.5133628974125222 1.7873013415242862 51.66726889859585
frame0466.jpg -0.5174704088725606 1.7912553398329891 51.74819054855645
frame0467.jpg -0.5212850995786484 1.7946307898070402 51.98711889917428
frame0468.jpg -0.5245755189803137 1.7972095091826816 52.31794371784788
frame0469.jpg -0.5295765714951015 1.8052208340181293 52.41388630685721
frame0470.jpg -0.5334569093885974 1.8082223102431487 52.45761153201726
frame0471.jpg -0.5375739210874261 1.8136343537857609 52.5999289073737
frame0472.jpg -0.5413477323569946 1.8169696788965115 52.89923818911005
frame0473.jpg -0.5461101494174613 1.8223947309959612 53.06298795351603
frame0474.jpg -0.5499135535912326 1.8257289269284565 53.21481908755161
frame0475.jpg -0.554156937316337 1.83029827972785 53.30974601289747
frame0476.jpg -0.5588639579254214 1.835329955169304 53.41190337303203
frame0477.jpg -0.5629333283821156 1.838947566258812 53.636204820633466
frame0478.jpg -0.5673395016902517 1.8437997114515703 53.73704781301021
frame0479.jpg -0.5722138855520431 1.8493943116192204 54.08351644582962
frame0480.jpg -0.5756215346741578 1.8517195318834099 54.30827694335908
frame0481.jpg -0.5800287287866739 1.8571125857245856 54.430977743054505
frame0482.jpg -0.584073030895681 1.8607691819670733 54.425270666587245
frame0483.jpg -0.5886145785386999 1.8657862179721263 54.43338647447773
frame0484.jpg -0.5925763640594228 1.8690656432936883 54.73379411304858
frame0485.jpg -0.5974495121143961 1.8747792560008627 55.05455132153312
frame0486.jpg -0.6011181338737434 1.8774856531729307 55.15568152057156
frame0487.jpg -0.6060438036091655 1.8833739389942576 55.30893620003053
frame0488.jpg -0.6107402714264433 1.888093901225229 55.413254012620136
frame0489.jpg -0.6148442224880121 1.891646002480164 55.69578574483429
frame0490.jpg -0.6194802876971471 1.89625216371634 55.78209088212824
frame0491.jpg -0.6233091649516768 1.8980908613719285 55.98504830387666
frame0492.jpg -0.6273171918251105 1.9014041812752809 56.106883582570774
frame0493.jpg -0.6310745795375113 1.9042667661323005 56.4305652531475
frame0494.jpg -0.6336735477314014 1.9053057883396611 56.872618259072354
frame0495.jpg -0.6354197298132347 1.9054335752620968 57.25315983282055
frame0496.jpg -0.6367805515708135 1.906268044108996 57.434988413055045
frame0497.jpg -0.6378013083595369 1.907080608353628 57.61610595170881
frame0498.jpg -0.6381303551415706 1.9075175890517584 57.83461799649098
frame0499.jpg -0.6384015981270911 1.9083094044095656 57.951084931005774
frame0500.jpg -0.6383214293551137 1.9082915453348364 57.937428047607014
frame0501.jpg -0.6384221997076157 1.908778172198692 58.03264884580461
frame0502.jpg -0.6385558022704412 1.9090156017069808 57.913044703915006
frame0503.jpg -0.6384036201007058 1.9086543818633748 57.95017365560635
frame0504.jpg -0.63823787630001 1.908230502750916 58.00314985709114
frame0505.jpg -0.6383471187421319 1.9085126674896682 57.94578159786398
frame0506.jpg -0.6380501610187965 1.9077610180850124 57.939961934159385
frame0507.jpg -0.6378154121963001 1.9071237407422847 57.90695617959089
frame0508.jpg -0.6378115789212565 1.9071240076352416 57.91672590884586
frame0509.jpg -0.6377597085979109 1.9070040065131144 57.89373562847235
frame0510.jpg -0.6380789640204946 1.9078495132083133 57.95107251090222
frame0511.jpg -0.638301376873504 1.9085114397506888 57.93960942073082
frame0512.jpg -0.6380933408648738 1.907920819878272 58.00088684276738
frame0513.jpg -0.6379961631452509 1.9077522012982835 57.95094836389089
frame0514.jpg -0.6382563705843727 1.9084222662266035 57.93382706580986
frame0515.jpg -0.6382240120539416 1.908344818549625 57.92752356756897
frame0516.jpg -0.6380310845671371 1.9078266324792068 57.93896299102428
frame0517.jpg -0.6384736276617549 1.9089655646710395 57.90387727921436
frame0518.jpg -0.6384756566066291 1.9089746681068525 57.908051472986976
frame0519.jpg -0.6388820363120896 1.9100616671323327 57.902735887661954
frame0520.jpg -0.6388020833854211 1.9097715432329423 57.962975951487344
frame0521.jpg -0.6388355559521753 1.9098648703686465 57.97534772289463
frame0522.jpg -0.6384993309780485 1.9089743890361677 57.984199664543546
frame0523.jpg -0.6385098620172149 1.9089954439930523 57.974710546452854
frame0524.jpg -0.6387510673154344 1.9096471577953216 57.926034660628794
frame0525.jpg -0.6386948307081588 1.9095038071081405 57.96492332151558
frame0526.jpg -0.638586069245898 1.9091879747075735 57.95612179569235
frame0527.jpg -0.6386268623563451 1.909319963532456 57.92353115260384
frame0528.jpg -0.6384975405499882 1.9089652426172168 57.926880279281356
frame0529.jpg -0.6385673679917114 1.90914840468712 57.935691764513095
frame0530.jpg -0.6386466166450608 1.9093234566580144 57.92408171649666
frame0531.jpg -0.6386588815229709 1.9093661951952752 57.923404835415106
frame0532.jpg -0.6387142260925784 1.9095058911793683 57.915915593134095
frame0533.jpg -0.6386344297888795 1.9093950276425558 57.94815341575014
frame0534.jpg -0.6385800183214168 1.9092534043617733 57.93643043148006
frame0535.jpg -0.6385095455162285 1.9091677384171977 57.939015093570795
frame0536.jpg -0.6386639117258788 1.9095019637918411 57.92101758995061
frame0537.jpg -0.6387037301577928 1.9096164643579523 57.92288717521741
frame0538.jpg -0.6383457726219276 1.9086582990272267 57.938515713173935
frame0539.jpg -0.6384522022214879 1.9089373429323182 57.91962817330059
frame0540.jpg -0.638466972410437 1.9088546681267144 57.93046775569355
frame0541.jpg -0.6379937684508291 1.9076202804367568 57.93635422680679
frame0542.jpg -0.6378803611970546 1.9073890170094931 57.97930878545842
frame0543.jpg -0.6378593672021363 1.907381702906341 57.969706145200355
frame0544.jpg -0.637866726795437 1.9073712212917693 57.98070025075103
