frame0000.jpg 0.0 -0.0 -0.0
frame0001.jpg -0.0005724542315700075 -0.0004876458614278752 0.04784513247656527
frame0002.jpg -0.00013458300329190968 2.400506659077044e-05 0.10658217745288028
frame0003.jpg -0.00042675777507358837 -0.000316077353214167 0.07894669731567353
frame0004.jpg -0.0005901261269066551 -0.0004671924462526559 0.134145556191569
frame0005.jpg -0.0005901261269066551 -0.0004671924462526559 0.134145556191569
frame0006.jpg -0.0005901261269066551 -0.0004671924462526559 0.134145556191569
frame0007.jpg -0.0005901261269066551 -0.0004671924462526559 0.134145556191569
frame0008.jpg -0.0005901261269066551 -0.0004671924462526559 0.134145556191569
frame0009.jpg -0.0005901261269066551 -0.0004671924462526559 0.134145556191569
frame0010.jpg -0.0001868560169112371 -1.1101829371333437e-05 0.09249744186285434
frame0011.jpg -0.0002884726595473793 -0.0002414076549440389 0.20022341070032296
frame0012.jpg -0.00034208021490062136 -0.00024475632846052256 0.09252532090570717
frame0013.jpg -0.0008111935277395192 -0.0007031729638674092 0.1584725931796861
frame0014.jpg -0.00042585970563745803 -0.0003010651748030319 0.1706848695490035
frame0015.jpg -0.000573313403701529 -0.0005488879502000559 0.08496294512723973
frame0016.jpg -0.0009380642484528233 -0.0008761622984127574 0.07362625536882947
frame0017.jpg -0.0011369760970210835 -0.0010957459425565675 -0.007518047068552382
frame0018.jpg -0.0009933283067961136 -0.0010744931101084917 0.16201518314849425
frame0019.jpg -0.0012907701819963927 -0.0012970474398705854 0.09426280448199716
frame0020.jpg -0.0012221896964463186 -0.0012206488725213804 0.10424596420565782
frame0021.jpg -0.0010729063157154553 -0.0011045054714734377 0.1357701125521161
frame0022.jpg -0.0006737209603879228 -0.0007161556297244872 0.1549015396377089
frame0023.jpg -0.00048585960472069523 -0.0005527069028385152 0.2779328607027761
frame0024.jpg -0.000545442238131371 -0.0006176098077941506 0.2721861520469264
frame0025.jpg -0.0004776643682506492 -0.0005702920404946182 0.2755295706126932
frame0026.jpg -0.0006043749466338844 -0.0006800273494788004 0.2338839640872249
frame0027.jpg -0.0005546107558493867 -0.0005844112361733369 0.2359509399399501
frame0028.jpg -0.0006517155255462186 -0.0007407073576844637 0.23225083118116335
frame0029.jpg -0.0006485073612660575 -0.0007435469998433588 0.22229000120258866
frame0030.jpg -0.0012034051258937974 -0.001316089887028442 0.3354428532820309
frame0031.jpg -0.0005516810338592943 -0.0005826093436018272 0.19373202732035352
frame0032.jpg -0.0003343173513853128 -0.00033030052798227217 0.00916122902819558
frame0033.jpg -0.0013010508120916422 -0.0012831122368867009 -0.01849401288241493
frame0034.jpg -0.0012737853947806365 -0.0012540159973093762 -0.023879723543894383
frame0035.jpg -0.0012330770205750384 -0.0012084228249589243 -0.020128836626775774
frame0036.jpg -0.0014556205337539982 -0.0014488652256492188 -0.02659985149870794
frame0037.jpg -0.0006637605923000213 -0.0006858599386983298 -0.04439334779814698
frame0038.jpg -0.0007442436428833777 -0.0007492605828254915 -0.0568714113493457
frame0039.jpg -0.0007458921220770487 -0.0007483129046567068 -0.06056093641475872
frame0040.jpg -0.0006513868897718466 -0.0006517681994275789 -0.041707937380916826
frame0041.jpg -0.0007015283929596806 -0.000688994494331841 -0.07207774565651891
frame0042.jpg -0.0011839922688771207 -0.0011377505250470786 -0.10080724234001444
frame0043.jpg -0.0006523730909624973 -0.0006466446058457925 -0.06302416077292416
frame0044.jpg -0.0005241800710561198 -0.0005334122249044145 -0.05073080178368413
frame0045.jpg -0.0006717678873451887 -0.0006487594532330714 0.22516288684559133
frame0046.jpg -0.0006717678873451887 -0.0006487594532330714 0.22516288684559133
frame0047.jpg -0.0015271361714093224 -0.0015227809197336981 -0.041750673710343036
frame0048.jpg -0.0013500163106666815 -0.0013354300884564096 -0.019108910153312092
frame0049.jpg -0.001092379630884582 -0.0010671196875764288 0.042755019031027616
frame0050.jpg -0.0011579979311985712 -0.001109483337114242 -0.010588863612917323
frame0051.jpg -0.00042432441856002666 -0.0003862972287840505 0.025454987909952008
frame0052.jpg -0.0003661772833214296 -0.00033503702533501235 0.047835253761406175
frame0053.jpg -0.0008620256199911867 -0.000828187949079868 0.016643723902712942
frame0054.jpg -0.0002105632369456499 -0.00020436323967771674 0.04680776743169302
frame0055.jpg -0.00022543977954366288 -0.00021887817438757896 0.04252807615083114
frame0056.jpg -0.00034233455155821687 -0.00035372225141525515 -0.0066052918281409995
frame0057.jpg -0.000323497224421522 -0.0003315620222321569 -0.0060882077827890966
frame0058.jpg -0.0003196488660382118 -0.0003339430400207008 0.004985030815711298
frame0059.jpg -0.0003196488660382118 -0.0003339430400207008 0.004985030815711298
frame0060.jpg 0.0004489251103300223 0.0005042463221024765 0.1014345094655896
frame0061.jpg -0.0005268643549372872 -0.0004229213123446806 0.11549979211213755
frame0062.jpg 0.00016851882162928936 0.00021394400686216588 0.03114614562964779
frame0063.jpg -0.0013204577156746447 -0.0019935913621983506 -0.19651821026531016
frame0064.jpg -0.0006414338892427508 -0.0027496128941725158 -0.507528182784343
frame0065.jpg -0.0006702754574687591 -0.005168425766704743 -0.9332831159856412
frame0066.jpg 0.0007391895194252075 -0.006635004980081155 -1.179664679615782
frame0067.jpg 0.0014646292907422372 -0.009493033588401688 -1.6132962584166266
frame0068.jpg 0.0030200281409755087 -0.01198702133564138 -2.1966702597232084
frame0069.jpg 0.00370915092972033 -0.015599651315796909 -2.589888765378761
frame0070.jpg 0.003627679770787553 -0.01568583796108039 -2.5860935089749306
frame0071.jpg 0.004157558356966162 -0.019979157799342614 -2.985437984141723
frame0072.jpg 0.005065543581111418 -0.023885311135320133 -3.5036383714152723
frame0073.jpg 0.005403223987569387 -0.02806407214284992 -4.13823305015967
frame0074.jpg 0.004448017260954468 -0.033897484542632826 -4.7704761438296535
frame0075.jpg 0.004818965292066138 -0.03828394680277367 -5.411303689901259
frame0076.jpg 0.005313511494851288 -0.04274313762993636 -5.958069213706108
frame0077.jpg 0.004359343132073059 -0.0490052111855015 -6.6614593795238575
frame0078.jpg 0.0037117782240070393 -0.05504694232261259 -7.135563972368198
frame0079.jpg 0.004666835117456168 -0.0593601807691022 -7.632961411400587
frame0080.jpg 0.0036531072489654585 -0.0655919923063996 -8.62950797188588
frame0081.jpg 0.0029593413749538586 -0.07123228623949214 -9.073983662437922
frame0082.jpg 0.0010440813658349566 -0.08306425334008914 -10.371907717430023
frame0083.jpg 0.0009531560683051117 -0.08790279012798784 -11.05289328509874
frame0084.jpg 0.00013555205256155813 -0.09355970148046652 -11.466116199851038
frame0085.jpg -0.0018651901381608466 -0.10042591300631244 -12.42072322748322
frame0086.jpg -0.0029567997258498537 -0.1060896005011576 -12.89481026277211
frame0087.jpg -0.0035651111980082115 -0.1113768502620594 -13.455296770789287
frame0088.jpg -0.006396773077365314 -0.11861010083546154 -14.165121243645949
frame0089.jpg -0.006665688490819535 -0.12321156917483456 -14.694819465185368
frame0090.jpg -0.008211074204228952 -0.1288610432085259 -15.622811691612661
frame0091.jpg -0.010427650219725887 -0.13526365359066145 -16.320705364219123
frame0092.jpg -0.011720949780611624 -0.14070939049789416 -16.815841288802435
frame0093.jpg -0.011168258818347937 -0.14485282945860287 -17.52194962519185
frame0094.jpg -0.010265979249671585 -0.14419889788502888 -17.444074507405492
frame0095.jpg -0.013745911084552392 -0.15168608506535874 -18.15897937538317
frame0096.jpg -0.016296469002617397 -0.15803491326453634 -18.765856259915605
frame0097.jpg -0.017389194531386005 -0.1633305466297603 -19.240081913694308
frame0098.jpg -0.01885976098483351 -0.16888612757397808 -19.94597142654662
frame0099.jpg -0.02057692012676482 -0.1741682303756461 -20.621360811568557
frame0100.jpg -0.023573610588836558 -0.18027732934734428 -21.33618818541743
frame0101.jpg -0.024727128323435515 -0.1853554292548565 -21.984887146630783
frame0102.jpg -0.027447349884642345 -0.191650698155486 -22.817000854249983
frame0103.jpg -0.02726148955621402 -0.195706729324453 -23.417834769111728
frame0104.jpg -0.03351236730215965 -0.2079068751697553 -24.745883787590838
frame0105.jpg -0.035043440919986714 -0.21272698014309827 -25.483196228149428
frame0106.jpg -0.037189726915212384 -0.21800495364477734 -26.02480213301721
frame0107.jpg -0.03883701022497707 -0.222955456171234 -26.459368941984874
frame0108.jpg -0.04293828916940197 -0.2295370408356973 -27.168789126991097
frame0109.jpg -0.04491745594849793 -0.2345916493945939 -27.804645413954898
frame0110.jpg -0.047580947831856485 -0.23999547901336926 -28.50929361280752
frame0111.jpg -0.048614932696136495 -0.2444688931234302 -28.834977833488182
frame0112.jpg -0.051651955866977774 -0.2499194692599401 -29.46186732210881
frame0113.jpg -0.05475507300676494 -0.25530026354460394 -30.130692804404607
frame0114.jpg -0.05717758879825795 -0.26051370783232325 -30.634555159265886
frame0115.jpg -0.05902307443342045 -0.2649987946378459 -31.357394714124823
frame0116.jpg -0.061536289777578135 -0.2701369788358117 -31.786073067605656
frame0117.jpg -0.06504338490617206 -0.2756807525552015 -32.440354628845164
frame0118.jpg -0.06493622273421028 -0.2756645055962562 -32.356295104415395
frame0119.jpg -0.06813571765823047 -0.28063612259463194 -33.09901324731945
frame0120.jpg -0.07185017093387383 -0.28589514539576394 -33.623891704786445
frame0121.jpg -0.07472677180496401 -0.2907127687730728 -34.26348637183846
frame0122.jpg -0.07667775682013038 -0.29464640745025017 -34.636342143908465
frame0123.jpg -0.08134915753376168 -0.30020818788203624 -35.6538969797821
frame0124.jpg -0.0847001440393926 -0.3055213904070833 -37.985299904533974
frame0125.jpg -0.08727755036939211 -0.30972065871508664 -36.894812163610894
frame0126.jpg -0.09056215995791077 -0.3146586448257315 -37.58531642353785
frame0127.jpg -0.08936286285527555 -0.31741553367555303 -37.43528500774102
frame0128.jpg -0.09867077934863196 -0.3244415325077699 -38.951559588546594
frame0129.jpg -0.1057740873508648 -0.3336635284653132 -40.033907583799405
frame0130.jpg -0.10960925381015776 -0.3384966787044881 -42.15314595518913
frame0131.jpg -0.11309610484173535 -0.3427903338685204 -41.23748785126233
frame0132.jpg -0.11565522773972498 -0.3466671066858153 -42.07687384798838
frame0133.jpg -0.12141312501902066 -0.35198486595493983 -42.67257267971639
frame0134.jpg -0.12540183561526524 -0.3563391869166501 -43.58921058142779
frame0135.jpg -0.12889646153912698 -0.36058013166529496 -44.046736582844474
frame0136.jpg -0.1326062600018256 -0.3648578525266957 -44.40839869571003
frame0137.jpg -0.13784595413696607 -0.3691908261404572 -45.14215347747972
frame0138.jpg -0.14077922476924642 -0.3729858279765244 -45.85555750009885
frame0139.jpg -0.14542994357918862 -0.3776779106273504 -47.251792474032364
frame0140.jpg -0.14922716908507122 -0.3814918611822573 -47.41535284590325
frame0141.jpg -0.15432594116113954 -0.3859235382546394 -48.14253827910984
frame0142.jpg -0.1542179286687176 -0.385862729880706 -48.09451990385447
frame0143.jpg -0.15710357253309448 -0.3897235876437905 -48.606914605724384
frame0144.jpg -0.15904508467414324 -0.3930095854876015 -48.91126237501094
frame0145.jpg -0.16735828688087614 -0.39762861301667857 -50.5766931371607
frame0146.jpg -0.17061529068600226 -0.40152496548199995 -50.715706003670036
frame0147.jpg -0.1716148923573492 -0.4045625492258264 -50.88882149660761
frame0148.jpg -0.17956700831580866 -0.4091942626178836 -52.25566301867842
frame0149.jpg -0.18435924068385706 -0.4131058632862761 -52.864297128938674
frame0150.jpg -0.18965285410381946 -0.417077405399877 -54.03396469020701
frame0151.jpg -0.19409962676807785 -0.42061219800391664 -54.41159945432331
frame0152.jpg -0.19848512082194106 -0.4241136064731984 -55.075734827523476
frame0153.jpg -0.20745358832428148 -0.4313466146797161 -56.14627264128082
frame0154.jpg -0.21283507619026146 -0.4350275693489901 -56.981401804163475
frame0155.jpg -0.21691018683279145 -0.4383649578678813 -57.57248360408264
frame0156.jpg -0.22265080601591347 -0.4419037172928381 -58.30543622556753
frame0157.jpg -0.22739717999984446 -0.4451526847507823 -58.884690272588394
frame0158.jpg -0.231576554017898 -0.4482106352213641 -59.57148514700248
frame0159.jpg -0.2335583710129213 -0.4513205088274413 -59.470696035851354
frame0160.jpg -0.24076007873569424 -0.4545036362982533 -60.29356600964459
frame0161.jpg -0.2459755090613269 -0.45789040093502703 -61.10426951534183
frame0162.jpg -0.2510680213916064 -0.4611107849907395 -61.726278679611795
frame0163.jpg -0.2531891097983875 -0.4637470113843474 -61.805483525698634
frame0164.jpg -0.2603137235124833 -0.4666964026243479 -62.83820788642983
frame0165.jpg -0.2658034635362192 -0.4695851634522098 -63.37710093760458
frame0166.jpg -0.26576717729885113 -0.4695820609353379 -63.364024052473994
frame0167.jpg -0.2706969745720544 -0.4721710047361529 -64.02455924923855
frame0168.jpg -0.2759699994232749 -0.4746773612926595 -64.82222305062561
frame0169.jpg -0.2816210161883491 -0.4773760221017495 -65.67103466984746
frame0170.jpg -0.28714998109014445 -0.4796998106297448 -66.20532666819075
frame0171.jpg -0.29286805124661586 -0.4823777944987239 -66.51463964142646
frame0172.jpg -0.2978226230206421 -0.4845508931567363 -67.46127124120113
frame0173.jpg -0.3018182303237878 -0.4868828446026448 -67.5587483475376
frame0174.jpg -0.30693800689996265 -0.4893098448201338 -67.86649365106315
frame0175.jpg -0.31341683964629913 -0.4912370898562639 -69.22757760094282
frame0176.jpg -0.3244593474727773 -0.4954343346563749 -70.26659994471848
frame0177.jpg -0.33031479143675263 -0.4975233968330888 -70.55555504794509
frame0178.jpg -0.33600994274159945 -0.4994107069780456 -71.08571867542769
frame0179.jpg -0.3407943754948525 -0.5016874417535027 -71.3994052279089
frame0180.jpg -0.3464318284962213 -0.503551426932123 -72.22416130251356
frame0181.jpg -0.3520922063845446 -0.505437872569944 -72.86309704054298
frame0182.jpg -0.35792451445967066 -0.5069257453224603 -73.58777041553856
frame0183.jpg -0.3633475066166819 -0.5085777728635308 -74.1759970241852
frame0184.jpg -0.3695165293729673 -0.5103713445330136 -74.97415194100182
frame0185.jpg -0.3751155878061447 -0.5117582770753873 -75.35561140229984
frame0186.jpg -0.38104562712990586 -0.5132157234673653 -76.12657857474103
frame0187.jpg -0.3860459933760941 -0.5152231732673979 -76.9101895399767
frame0188.jpg -0.3918507226531848 -0.5163467010811919 -77.46428136005463
frame0189.jpg -0.3985613176635093 -0.5171255343697756 -78.27690374327334
frame0190.jpg -0.3982111538848532 -0.5171179220692015 -79.02306572086991
frame0191.jpg -0.4039497020613829 -0.5188058655713287 -78.84778222910978
frame0192.jpg -0.40939182237384575 -0.5201357116385321 -79.92038186251985
frame0193.jpg -0.4156984837181704 -0.520953790150336 -80.33149316781706
frame0194.jpg -0.4213903374844569 -0.5227739975575542 -81.07611820509283
frame0195.jpg -0.4273545786786819 -0.5230513856125314 -81.47096953358323
frame0196.jpg -0.4328659624236708 -0.5249670837266622 -82.52725529099584
frame0197.jpg -0.4386070433377097 -0.5256133136669014 -82.7946824093499
frame0198.jpg -0.4446357587255106 -0.5263434788846676 -84.20727091614826
frame0199.jpg -0.4509285526610003 -0.5278464871184237 -84.39125994882528
frame0200.jpg -0.4566504508330455 -0.5284644626112933 -85.03836601385476
frame0201.jpg -0.468164369924876 -0.5295744782644897 -86.61412413196858
frame0202.jpg -0.4741493200801738 -0.5307485209131824 -87.02880439780357
frame0203.jpg -0.4801762496496954 -0.5311514829955065 -87.63854391690442
frame0204.jpg -0.4858229393290148 -0.53153117168637 -88.01604382697981
frame0205.jpg -0.4916724930244856 -0.5316656281132128 -88.41580237386002
frame0206.jpg -0.4978256656387496 -0.532317405384526 -89.31178169018824
frame0207.jpg -0.5038561133477978 -0.5331214555805881 -90.11110508514948
frame0208.jpg -0.5095786109562187 -0.5333357806616763 -90.96984845416057
frame0209.jpg -0.5151658377431854 -0.5332712099574141 -91.07613675680244
frame0210.jpg -0.520509208899524 -0.5330290117128982 -91.97519618346399
frame0211.jpg -0.5272412911336686 -0.5332887802090189 -92.73220909712774
frame0212.jpg -0.5326859488008188 -0.5326386980927804 -92.76745203541657
frame0213.jpg -0.538986718502486 -0.5326493876856906 -93.550531765782
frame0214.jpg -0.5391776781969602 -0.5329619586593592 -93.93233921155206
frame0215.jpg -0.5451496314300553 -0.5323802495890839 -94.70241987084096
frame0216.jpg -0.5503064282464445 -0.5319477525868189 -95.19099184580635
frame0217.jpg -0.5566366189431589 -0.5316460642243143 -95.2985210339237
frame0218.jpg -0.5625318915178922 -0.5309092354718951 -96.1216477602335
frame0219.jpg -0.5695386810251108 -0.5309647409741732 -97.11777346358406
frame0220.jpg -0.5738641764917716 -0.529581623677855 -96.86837246677229
frame0221.jpg -0.580032801914697 -0.5287929050824997 -98.0051857924679
frame0222.jpg -0.5871420247011483 -0.5287410015761808 -98.91480698236158
frame0223.jpg -0.5931306293720848 -0.5279059223498099 -99.69410604904249
frame0224.jpg -0.5976131657742805 -0.526402494430086 -100.23974951332396
frame0225.jpg -0.6092973489599197 -0.5245841649052723 -100.95730479448187
frame0226.jpg -0.6162582187057952 -0.5239218712475746 -102.04351128696112
frame0227.jpg -0.6220041648811219 -0.5230891749254305 -102.68246407515946
frame0228.jpg -0.6264595842221966 -0.5217883246052021 -102.83897746637452
frame0229.jpg -0.6323976338356856 -0.5208228050157879 -103.77956582810896
frame0230.jpg -0.6376190414172079 -0.519410419596844 -104.49580997295263
frame0231.jpg -0.643149161002432 -0.5180957755911895 -104.70434289774654
frame0232.jpg -0.6489006617031761 -0.5169870032433315 -105.74649455428226
frame0233.jpg -0.6544904834639917 -0.515351629882807 -105.8529762279007
frame0234.jpg -0.6600645158135805 -0.5139012525811432 -106.59933536297973
frame0235.jpg -0.6679342780618568 -0.5126134412882986 -107.80129478085298
frame0236.jpg -0.6738708509862268 -0.5106902890000096 -108.34229878797345
frame0237.jpg -0.6780974109542189 -0.5084438869318261 -108.51888317309457
frame0238.jpg -0.6777668416700321 -0.5083954364004064 -108.47073079318268
frame0239.jpg -0.6851439467264658 -0.5070954505698343 -109.66294770064896
frame0240.jpg -0.6882204779310016 -0.5046360480593793 -109.92933903281995
frame0241.jpg -0.6967809895893 -0.5027768900841 -111.11397954578793
frame0242.jpg -0.7003417292669977 -0.5006758511016911 -111.1928275928259
frame0243.jpg -0.7047605511284778 -0.4985532016887448 -111.79225080248912
frame0244.jpg -0.7126226491961998 -0.4968784494666577 -113.03321802277037
frame0245.jpg -0.7187460860755761 -0.4951616993556782 -113.55557251120146
frame0246.jpg -0.722697011171839 -0.492807189203818 -113.4586702425332
frame0247.jpg -0.7284316009642114 -0.4909111818581507 -114.38174137856785
frame0248.jpg -0.7378719061430464 -0.4862528744508556 -115.11821270197372
frame0249.jpg -0.7435724430512494 -0.483592767027618 -116.29711917834564
frame0250.jpg -0.7484451472220583 -0.4815251889106191 -116.49814699467596
frame0251.jpg -0.7535970870689798 -0.4791561795116267 -117.32591568529604
frame0252.jpg -0.7592578803735852 -0.4770192730685466 -117.70652346979784
frame0253.jpg -0.7637786020405601 -0.4745788787872504 -118.36240586462664
frame0254.jpg -0.7753427489459024 -0.4721005223722768 -119.94214643825391
frame0255.jpg -0.7747180221592228 -0.4693766237062015 -119.47218126158128
frame0256.jpg -0.7800391798633196 -0.4664698325792486 -120.10442161268055
frame0257.jpg -0.7851101275564685 -0.4635973757382317 -120.65743761556035
frame0258.jpg -0.7942341108021996 -0.4605202769208717 -122.44557265773372
frame0259.jpg -0.7949462302773663 -0.4575643918962051 -121.90878683246565
frame0260.jpg -0.8016396526291092 -0.4544426400753436 -123.28199288587594
frame0261.jpg -0.8055918288462984 -0.4514753252198677 -122.98835205087572
frame0262.jpg -0.8054708506093998 -0.4514968464298412 -122.95998638346857
frame0263.jpg -0.8122230971868623 -0.44783066188629705 -124.44916674607435
frame0264.jpg -0.8158236509638441 -0.44477762848189584 -124.91360678029335
frame0265.jpg -0.8205468558191028 -0.4415351539766417 -125.4868181023788
frame0266.jpg -0.8248115553661067 -0.4382103762715592 -125.15222923272341
frame0267.jpg -0.8296871356780726 -0.4349820697527405 -125.81463352167965
frame0268.jpg -0.8341060154151371 -0.4314307823164515 -127.16558824797077
frame0269.jpg -0.8398672765781787 -0.4278755799828493 -126.89731500151792
frame0270.jpg -0.8434279195500487 -0.4244804501640066 -128.59929562140007
frame0271.jpg -0.848720874704354 -0.4209494372677596 -128.332986729846
frame0272.jpg -0.8534356516246476 -0.4168593637429466 -130.03743049693273
frame0273.jpg -0.8699437298108773 -0.4084938482207556 -131.68656699831143
frame0274.jpg -0.8668327670582199 -0.4054976712747586 -131.84599806993268
frame0275.jpg -0.8771215389478961 -0.40077561756343255 -132.91882830196698
frame0276.jpg -0.875557439498665 -0.3980178111842203 -131.69109820592476
frame0277.jpg -0.8807284793476887 -0.3937630301497309 -133.6394894785626
frame0278.jpg -0.8858894336917936 -0.389676310720277 -134.27955099802165
frame0279.jpg -0.8892894714568368 -0.3857725477960684 -135.10801880275204
frame0280.jpg -0.8926338428105101 -0.3820469093604085 -134.0867299468545
frame0281.jpg -0.8971118092526003 -0.3777744060751931 -136.51589934393812
frame0282.jpg -0.901338836542541 -0.37356890306698576 -137.18788975792341
frame0283.jpg -0.9067718757518746 -0.3691821835637688 -137.9691369163993
frame0284.jpg -0.9099043992452974 -0.3648798867702378 -138.4352216276651
frame0285.jpg -0.9144604096555444 -0.36010670521061466 -139.2543136557383
frame0286.jpg -0.9151384448573756 -0.3599528828392946 -139.36603098640938
frame0287.jpg -0.9174615162654884 -0.3558873915813112 -139.70236209334388
frame0288.jpg -0.9213151717763184 -0.35113189863589644 -140.34628795765607
frame0289.jpg -0.9258790013187076 -0.3463939630589541 -141.1146410813755
frame0290.jpg -0.9294802314932236 -0.3421994862153763 -141.71149524762504
frame0291.jpg -0.9327904313987584 -0.337951699699131 -142.20167146997684
frame0292.jpg -0.9393426461624004 -0.3325944111610808 -143.04194955472641
frame0293.jpg -0.941504816993928 -0.32883631318026585 -141.75743058068014
frame0294.jpg -0.9447251309923376 -0.32436232561660605 -142.02204971137866
frame0295.jpg -0.9569320980353544 -0.31698066081959075 -145.5425599047226
frame0296.jpg -0.9534170027745656 -0.314585529050763 -145.63597468157386
frame0297.jpg -0.960322183454374 -0.3053743624076596 -146.9811418775128
frame0298.jpg -0.9627429071756428 -0.30125926107823 -147.42464016628298
frame0299.jpg -0.9660974615162536 -0.2966630847893089 -148.27477071432992
frame0300.jpg -0.972713944297668 -0.2909854343499921 -148.79474029572953
frame0301.jpg -0.974656932081008 -0.2867951564683935 -149.45571332461884
frame0302.jpg -0.9783235566063104 -0.2816248977960076 -149.93243628782463
frame0303.jpg -0.9819321955758432 -0.27631664467842754 -150.81677614300327
frame0304.jpg -0.9849945816980884 -0.2713013728798822 -151.38027297289997
frame0305.jpg -0.9877655176888376 -0.2666858070588151 -149.21881080593695
frame0306.jpg -0.9912774638183665 -0.2611588025663318 -152.60211601133187
frame0307.jpg -0.993217367749396 -0.25615531636235345 -153.22625895902848
frame0308.jpg -0.9958958533592294 -0.2510931956980761 -153.903731551557
frame0309.jpg -1.0017478637917918 -0.2445941867945894 -154.56179119547738
frame0310.jpg -0.9993021786048961 -0.24579556206111855 -151.54214423932214
frame0311.jpg -1.0040187197715624 -0.23941258607515925 -155.05714209435058
frame0312.jpg -1.0082411366183668 -0.2334386590347479 -156.0586752536477
frame0313.jpg -1.0072651596662563 -0.2295320227685667 -156.38928154884943
frame0314.jpg -1.0102758915586465 -0.2239684134368332 -154.01833709061654
frame0315.jpg -1.0128887412132646 -0.2183191339584042 -157.76787722846169
frame0316.jpg -1.0161127615639374 -0.21241314182569646 -158.5222627420715
frame0317.jpg -1.0173712754588449 -0.20726197680212846 -159.09617235901985
frame0318.jpg -1.0204266975855942 -0.20147312886093546 -159.72359203464092
frame0319.jpg -1.0246366086537146 -0.190355938214092 -161.29801142597202
frame0320.jpg -1.0280141305511925 -0.18424009692368867 -161.8125279263624
frame0321.jpg -1.0303711907848778 -0.17846632548898836 -162.68027031644488
frame0322.jpg -1.0307982489172884 -0.17373574395928476 -162.98770792171675
frame0323.jpg -1.0351931335773998 -0.1667413255792476 -164.11366810828468
frame0324.jpg -1.034847944341511 -0.16219778127523085 -164.27747841487067
frame0325.jpg -1.0366397601978952 -0.1561296450230261 -164.9631083272159
frame0326.jpg -1.0535055716577617 -0.14238811896960255 -164.42962820252114
frame0327.jpg -1.0391863510993014 -0.14506875335534355 -166.4185048316016
frame0328.jpg -1.0420364124605948 -0.13860855512776066 -166.93894326713044
frame0329.jpg -1.0426573569708222 -0.13299720366602866 -167.83336037187422
frame0330.jpg -1.040886810414628 -0.1292048039747381 -168.54618894171725
frame0331.jpg -1.042137864380296 -0.1231856799538637 -169.31302100215737
frame0332.jpg -1.0448697399998728 -0.11646648880730205 -169.74906825784961
frame0333.jpg -1.0478669169307349 -0.10990355412159968 -170.2048232412986
frame0334.jpg -1.0478783478801923 -0.10988300439563116 -170.2238333724371
frame0335.jpg -1.0509773493648873 -0.103340362761313 -170.95364627829383
frame0336.jpg -1.0491488402831657 -0.09916236334501387 -171.3491515289947
frame0337.jpg -1.0537544407145516 -0.0912553714540135 -171.82283577726943
frame0338.jpg -1.0539817418636894 -0.08548455434324463 -172.54717944098996
frame0339.jpg -1.0538933702238042 -0.07971598599195312 -173.4190322130473
frame0340.jpg -1.0539400467917182 -0.07415402628477462 -173.97931076935348
frame0341.jpg -1.0568791784974154 -0.06688472777280481 -174.58567141235974
frame0342.jpg -1.05962336085327 -0.05989379570533687 -175.30408083696048
frame0343.jpg -1.0605593093946186 -0.054460106299049287 -171.49557355536697
frame0344.jpg -1.0612563977329832 -0.04864095493260415 -176.50839335904362
frame0345.jpg -1.0622522939543937 -0.03748415485932345 -177.66419759334147
frame0346.jpg -1.060008591081446 -0.03354561635187152 -178.36893795471553
frame0347.jpg -1.0622842080622703 -0.026340679806608563 -178.8643306364682
frame0348.jpg -1.0620301657488294 -0.0204560091739919 -179.60311294480366
frame0349.jpg -1.0635029185862064 -0.01352615636776308 -180.3701626394138
frame0350.jpg -1.0627061215111897 -0.008297166599359307 -181.01444866024795
frame0351.jpg -1.063187896060604 -0.0017502558462730022 -181.51521900306903
frame0352.jpg -1.0629841416039716 0.0039109897082908185 -182.24305855062087
frame0353.jpg -1.0647006966990729 0.011188501548486884 -182.94958381153285
frame0354.jpg -1.0629908014448282 0.01633339742412906 -183.65850796560784
frame0355.jpg -1.0641316021528848 0.02342521882302445 -184.2180688847308
frame0356.jpg -1.0626341390070233 0.028370451331639287 -184.85372268116927
frame0357.jpg -1.0635433081308854 0.035680182060397685 -185.52776765648306
frame0358.jpg -1.063584720747273 0.03572409906294177 -185.5500575213393
frame0359.jpg -1.0617390324591482 0.04042999221177107 -186.21353253374832
frame0360.jpg -1.063298763059174 0.047933678559352405 -186.71289173497416
frame0361.jpg -1.0625079721424764 0.05391071929044919 -187.3810422590325
frame0362.jpg -1.0613482680240307 0.05947114763605235 -188.03476817368787
frame0363.jpg -1.0601150724983015 0.06491861244637365 -188.60035996650032
frame0364.jpg -1.0593870604747049 0.07061230814088412 -189.47114681792408
frame0365.jpg -1.0585946878835544 0.07645780999890314 -189.89195839121388
frame0366.jpg -1.0583371905422991 0.08305828080530869 -190.63143089195282
frame0367.jpg -1.05683499710012 0.08843394533774496 -191.33342474665824
frame0368.jpg -1.0560577060396958 0.0944733015042214 -191.91565762099597
frame0369.jpg -1.0538413055899132 0.10582701409288596 -193.24297523421842
frame0370.jpg -1.0526968737017657 0.11196461360486733 -193.90844084824883
frame0371.jpg -1.0518485817066976 0.11816228195715205 -194.67355974371884
frame0372.jpg -1.0514663406213682 0.1246000129319619 -195.34988551108825
frame0373.jpg -1.0498933937919208 0.13041974625681288 -195.8863413234893
frame0374.jpg -1.048854487102416 0.13684286529135742 -196.51330781353823
frame0375.jpg -1.0458349104124487 0.14079807234783653 -197.24625143612758
frame0376.jpg -1.0457895563583934 0.14826436253493105 -197.8032562657818
frame0377.jpg -1.0436900224932946 0.15355814867507758 -198.694502602961
frame0378.jpg -1.0409109122137383 0.15767222587584934 -199.4962106657153
frame0379.jpg -1.0408937671853506 0.16553440691532645 -200.01857659491853
frame0380.jpg -1.039249227039256 0.17157631266607165 -200.6915479824204
frame0381.jpg -1.0367536089393234 0.17650929467623958 -201.38906256017572
frame0382.jpg -1.0365680774729935 0.1763195352365301 -201.38428656525448
frame0383.jpg -1.0345890559211453 0.181932007716176 -201.86712196617248
frame0384.jpg -1.0316120028068865 0.18628704182029865 -202.78728410219128
frame0385.jpg -1.0298585362683983 0.19208558247153906 -203.4374596845044
frame0386.jpg -1.0269730049135426 0.1965997176989923 -197.18345211664746
frame0387.jpg -1.0261326842146763 0.20379894998344875 -204.69452131329618
frame0388.jpg -1.0258634090805034 0.21170501038068948 -205.3482465885817
frame0389.jpg -1.0246036960960434 0.21880597115931866 -206.07332909549015
frame0390.jpg -1.0204724820424782 0.2222834368436266 -206.6366905368492
frame0391.jpg -1.0156380575953312 0.23274348056607594 -207.9817479927724
frame0392.jpg -1.012876114067307 0.23736295186855 -208.56728126320485
frame0393.jpg -1.010292263783357 0.24304539580149334 -209.26367686508144
frame0394.jpg -1.0077928401898708 0.2486244677749811 -210.22135973370936
frame0395.jpg -1.0057828789008336 0.25480452472203746 -210.77270816268398
frame0396.jpg -1.0027927640531809 0.2600634297524857 -211.35369116335082
frame0397.jpg -0.9978670648366322 0.262463543816178 -211.90796305967842
frame0398.jpg -0.9963692728775628 0.26950315768920524 -212.57408243739468
frame0399.jpg -0.9954023606053016 0.2780790036227476 -213.23685197312864
frame0400.jpg -0.9896646877276076 0.2798492801761252 -213.9904625687616
frame0401.jpg -0.9866382141787929 0.28504098204189404 -214.71412359301502
frame0402.jpg -0.9853684621920538 0.2932300709966642 -215.31587519083772
frame0403.jpg -0.97974787683356 0.2949287208035296 -216.07477507200315
frame0404.jpg -0.9772941443290992 0.3013387521785826 -216.8068413765113
frame0405.jpg -0.9751544138399384 0.30809627249135313 -217.2727993781256
frame0406.jpg -0.9750599419510396 0.30796438257301106 -217.2625820059316
frame0407.jpg -0.9717265362808952 0.31320533413743035 -217.97701527206132
frame0408.jpg -0.966495732791827 0.3154578856623156 -218.89601294001616
frame0409.jpg -0.9628780838444712 0.3200036193925878 -219.39517630981132
frame0410.jpg -0.9591917981031002 0.32435765216274204 -219.9877111184861
frame0411.jpg -0.9560550678063776 0.3299164597718975 -220.6880491265749
frame0412.jpg -0.9525047804891702 0.3346758452488036 -221.2580587095797
frame0413.jpg -0.9479058731421864 0.33783452697115424 -221.76630693610642
frame0414.jpg -0.9447247907917196 0.34393905702330835 -222.42903793269141
frame0415.jpg -0.9395934028783516 0.34624192738178583 -223.1673589883013
frame0416.jpg -0.9372664314283624 0.3532975883268926 -223.8624653114217
frame0417.jpg -0.9289721913535628 0.3613054264494787 -225.31376845430592
frame0418.jpg -0.92695703630548 0.3693045448248872 -225.72929419777745
frame0419.jpg -0.9212869973749996 0.3712744207217735 -226.49288073285183
frame0420.jpg -0.9164846141802536 0.3746946960897125 -226.99674426191385
frame0421.jpg -0.911993486154702 0.3788960443008736 -227.64609403086158
frame0422.jpg -0.9066238712962096 0.3810207065496157 -228.30952059085323
frame0423.jpg -0.9002039307969588 0.379675484412586 -228.8767272504419
frame0424.jpg -0.8950619055645785 0.37773166822483023 -229.00450380052143
frame0425.jpg -0.8918675450499547 0.3783476981446846 -229.57871059302718
frame0426.jpg -0.8879969908262271 0.3751768066101763 -229.86544826318925
frame0427.jpg -0.8873576000853659 0.3764958249591174 -230.16935282336087
frame0428.jpg -0.885206935338102 0.3744788074491209 -230.46183904128966
frame0429.jpg -0.8850696409724259 0.3751773497983439 -230.44268378234645
frame0430.jpg -0.8851628718436783 0.3753472590158817 -230.42785329171417
frame0431.jpg -0.8847983551320181 0.3749765745410232 -230.47496538355406
frame0432.jpg -0.8854592552416078 0.3762457277386566 -230.64633853349625
frame0433.jpg -0.8852001103829604 0.3756811765286077 -230.55850153035783
frame0434.jpg -0.8854571232034996 0.3760098455260992 -230.55194544275727
frame0435.jpg -0.8851614269597339 0.3753732081636298 -230.54868212705182
frame0436.jpg -0.8852364142673675 0.3755495017738161 -230.61794053566268
frame0437.jpg -0.8853736537381689 0.3758150630033917 -230.6056494458237
frame0438.jpg -0.8852557721917657 0.3755917028512986 -230.6270152117868
frame0439.jpg -0.8855099186759493 0.376066973821296 -230.56562337285797
frame0440.jpg -0.8853613692307818 0.3756899898119405 -230.4862656346786
frame0441.jpg -0.8851149688037907 0.3752273911694232 -230.51386815603027
frame0442.jpg -0.8851735879519514 0.3753411962518997 -230.5155434552477
frame0443.jpg -0.8853088678572035 0.3756028694727084 -230.54216658811737
frame0444.jpg -0.8851323106725583 0.3752618388992207 -230.5006921878789
frame0445.jpg -0.8847026595263274 0.3744503245221165 -230.5393001208189
frame0446.jpg -0.8849860750848075 0.3750167316631463 -230.49309738849132
frame0447.jpg -0.8848516863709038 0.3747682400850126 -230.4748794783221
frame0448.jpg -0.8849565760988238 0.3749600696827444 -230.4893279624477
frame0449.jpg -0.8847837559216117 0.3745941475061231 -230.494285112601
frame0450.jpg -0.8852042395893764 0.375435839556414 -230.60678237673767
frame0451.jpg -0.8849789271483829 0.374988617822997 -230.58299083867112
frame0452.jpg -0.8849814583293071 0.3749973722777954 -230.5854322992897
frame0453.jpg -0.8847999378040586 0.37467825374841457 -230.5842134743081
frame0454.jpg -0.8848016845252361 0.3746821957755422 -230.58379874473658
frame0455.jpg -0.8850813683827454 0.3751634798514296 -230.57841773755254
frame0456.jpg -0.8854004631044351 0.3758333683258517 -230.57111982473492
frame0457.jpg -0.8853885969677846 0.3758067661168327 -230.57906640058545
frame0458.jpg -0.8853103196614333 0.3756439586961433 -230.5834034186687
frame0459.jpg -0.8852689597208804 0.3755230987388606 -230.56706345818563
frame0460.jpg -0.8852994595861019 0.3755808314489565 -230.5619169432798
frame0461.jpg -0.8850163214583576 0.37508447053124894 -230.60710097116632
frame0462.jpg -0.884869178319508 0.3748444210245933 -230.5407574217641
frame0463.jpg -0.8852989793907851 0.37560027902375615 -230.60231076905438
frame0464.jpg -0.884736952247093 0.37453444054096185 -230.5354625692809
frame0465.jpg -0.8847186779484328 0.3745127920332497 -230.5013524601961
frame0466.jpg -0.8847278456681367 0.37449230080118107 -230.502997340526
frame0467.jpg -0.8853246556555582 0.3756621265552333 -230.5924560175871
frame0468.jpg -0.8848460113223314 0.3747365092750706 -230.520240285034
frame0469.jpg -0.8848122892445907 0.37467025671518384 -230.52477929421252
frame0470.jpg -0.8849920726389459 0.375039937665432 -230.5751338985992
frame0471.jpg -0.8849960851455517 0.37504604349606896 -230.57461680595523
frame0472.jpg -0.8849860867728412 0.3750278780966777 -230.56920134973285
frame0473.jpg -0.8849818067998552 0.3749746114189063 -230.51703468050485
frame0474.jpg -0.8849143197507721 0.3748929325662596 -230.52650357501702
frame0475.jpg -0.8850808107231019 0.3751898439281979 -230.54581090573646
frame0476.jpg -0.8849470619028317 0.3749514185988587 -230.48040343143174
frame0477.jpg -0.8848185279820266 0.3746877911224756 -230.5130298931293
frame0478.jpg -0.8848185279820266 0.3746877911224756 -230.5130298931293
frame0479.jpg -0.8848893963074256 0.3748264996804915 -230.52399896260468
frame0480.jpg -0.8858238767165519 0.376682569408244 -230.5281763624942
frame0481.jpg -0.8855759546141021 0.3761906537906912 -230.60831201995643
frame0482.jpg -0.885124171144105 0.3752652232672257 -230.51757479445868
frame0483.jpg -0.8849649141942628 0.3749668346065601 -230.59762026211627
frame0484.jpg -0.8850170425683591 0.3750734274825664 -230.6002730634299
frame0485.jpg -0.8856904779392334 0.3763151001584101 -230.5825152375106
