frame0000.jpg 0.0 0.0 -0.0
frame0001.jpg -0.00014663244855255984 0.00022659190274059086 -0.050712914991067684
frame0002.jpg -0.00020099019393214659 0.00035561672633408137 -0.02050084036673425
frame0003.jpg -0.0004268600061328728 0.0008585173066168284 -0.0195701079739062
frame0004.jpg -0.0003923491830239747 0.0007854230822407651 -0.011459332228699187
frame0005.jpg -0.0004038376562037714 0.0008078388790445164 -0.008298110645988366
frame0006.jpg 5.8501028244110644e-05 -0.0001945946392848046 -0.007834888101840711
frame0007.jpg 6.728394326806156e-05 -0.00021238441378153693 -0.006932377912902078
frame0008.jpg 6.728394326806156e-05 -0.00021238441378153693 -0.006932377912902078
frame0009.jpg 7.299607990079176e-05 -0.00023097820691085098 -0.01038098097807397
frame0010.jpg -0.00017927724029979483 0.00028027946394144036 -0.04973546818382441
frame0011.jpg -0.000301092674217491 0.0005510291496907354 -0.08203916570638138
frame0012.jpg -0.0003833895756051108 0.0006839930576472184 -0.12691867762632844
frame0013.jpg -0.0008355137641336588 0.0017536998754759205 -0.13006835200873534
frame0014.jpg -0.0008804334604871078 0.001845894980169939 -0.1203276142811998
frame0015.jpg -0.0006327117802973647 0.00127821576404628 -0.07218514382794906
frame0016.jpg -0.0005435747476298367 0.0011303136826531738 -0.13509833063985174
frame0017.jpg -0.0001357705520734922 0.0001729556870837458 -0.045175144406497364
frame0018.jpg -0.0005713325847575738 0.0011232715009754633 -0.06655272190489807
frame0019.jpg -0.0004649088240893642 0.000909756934809378 -0.015246042123830844
frame0020.jpg -0.00033454117703065456 0.0006087870037084017 -0.00012014976834165395
frame0021.jpg -0.00040402212689445363 0.0007894063781290888 0.028373303473085344
frame0022.jpg -8.536536270676017e-05 7.598817317760267e-05 0.011151118775418684
frame0023.jpg -8.536536270676017e-05 7.598817317760267e-05 0.011151118775418684
frame0024.jpg -0.0003249531877947145 0.0005951828789519864 -0.0045852437766032254
frame0025.jpg -0.0005967587993249394 0.0012261421944698189 -0.06010531372177589
frame0026.jpg -0.0006084400997029481 0.0012163308968160722 -0.057714914309922476
frame0027.jpg -0.0006842178919006888 0.0013595825250211386 -0.07347022641491092
frame0028.jpg -0.00026707528368162883 0.0005267125923681499 -0.043951531028154515
frame0029.jpg -0.0004976399610404682 0.0009891322626558168 -0.0704435450155417
frame0030.jpg -0.0008517228803693477 0.001629336970347975 -0.05219249716149711
frame0031.jpg -0.001025625219935271 0.0021296029094768627 -0.07555984825982863
frame0032.jpg -0.001136468615275157 0.002476203810192471 -0.1615675942887062
frame0033.jpg -0.0005069063176293721 0.0010148073477964136 -0.06086814467480014
frame0034.jpg -0.00035513751368340267 0.0006712977475976169 -0.22366352024680708
frame0035.jpg -0.0012545669179557213 0.002646556667089869 -0.17068659677289932
frame0036.jpg -0.0001424048211576817 0.000258066054843971 -0.032729103482272835
frame0037.jpg -0.0009488081684227424 0.0019840288831251725 -0.09528030945202394
frame0038.jpg -0.0007946961928121618 0.0016561889570318774 -0.11116803869252236
frame0039.jpg -0.0006012774749064576 0.0012338347415121929 0.01817593804026324
frame0040.jpg -0.0011289420778093971 0.002261750043691975 -0.07918453676020415
frame0041.jpg -0.001309171864164275 0.002654260313418707 -0.13853902799892212
frame0042.jpg -0.0010050724158412057 0.0020235194315118927 -0.1122693009010912
frame0043.jpg -0.0012464667215577336 0.0025677803001203877 -0.1144038884461437
frame0044.jpg -0.0012398644808671855 0.002600969676282361 -0.2052044180592114
frame0045.jpg -0.0013112101478106606 0.002499348330086697 -0.1740678907347599
frame0046.jpg -0.0012909432697109256 0.002662519185757266 -0.26874583547584685
frame0047.jpg -0.0013359322454746516 0.0027566931923721227 -0.2618426617329405
frame0048.jpg -0.001586938435867009 0.00329134193016202 -0.17669382955114382
frame0049.jpg -0.000373390000000764 0.0006914070062346267 -0.09285261554551996
frame0050.jpg -0.00034714629074779194 0.0006250449204080206 -0.026960936747613743
frame0051.jpg -0.0011703816948094561 0.0023582096547043003 -0.09514601985532392
frame0052.jpg -0.0010408014581484897 0.0020865238706801103 -0.07988723023567784
frame0053.jpg -0.0006855587635594647 0.0013976860651735206 -0.06773461077801413
frame0054.jpg -0.00032165002403464964 0.0005531771320035307 -0.046310201258056745
frame0055.jpg -0.00039288627333110515 0.0007740074135860549 -0.015350075209135188
frame0056.jpg -0.00028171168246317134 0.0005084809883509453 0.022043407935104564
frame0057.jpg -0.00027667382400254416 0.0005070756932013396 0.012522021393502052
frame0058.jpg -0.00028518373599470317 0.0005140604495002295 0.02607971711013796
frame0059.jpg -0.00039357549548907995 0.0007374826606042968 0.04488329699619397
frame0060.jpg -0.0006240318838755008 0.0011498181600846115 -0.16217955381798252
frame0061.jpg -0.0011530158783506425 0.002384433632094582 -0.19911103014309284
frame0062.jpg -0.0006769066412178085 0.0013696675651571199 -0.09341925900984664
frame0063.jpg -0.0004474405552354547 0.0009130868954454695 -0.11161864049333772
frame0064.jpg -0.0007490608305239778 0.0014390479067576615 -0.18810150842073514
frame0065.jpg -0.0007671563277076977 0.0014685482925495769 -0.17860261029631572
frame0066.jpg -0.0006580414215074946 0.0013099892120765205 -0.11078381573091484
frame0067.jpg -0.00041455247114654967 0.0007750987670878696 -0.07716193766616081
frame0068.jpg -0.0008805884166185185 0.0016468738819160936 -0.11497286483114658
frame0069.jpg -0.0008979435730858438 0.0017375189627352027 -0.17484289450695967
frame0070.jpg -0.0008564059483345817 0.0016613822540463856 -0.17717510664312222
frame0071.jpg -0.0008581375149225289 0.0016658995246738649 -0.17660386505705009
frame0072.jpg -0.0012259030373106214 0.002393456198982136 -0.18305695978330105
frame0073.jpg -0.0005874220309610065 0.0010767048956265327 -0.1630395873896695
frame0074.jpg -0.0003428239137612621 0.0006060400990735892 -0.011668587660177377
frame0075.jpg -0.00013185770205080677 0.00017098957362565107 -0.025945684714310132
frame0076.jpg -0.00017447334017501738 0.00025406392927445286 -0.03289521328565103
frame0077.jpg -0.000457087883199979 0.0008679554453964361 -0.06829886352755106
frame0078.jpg -8.283801951758615e-05 6.764546292198352e-05 -0.04387502066251338
frame0079.jpg -0.0002093716440181991 0.000365761602735286 -0.04460771288491625
frame0080.jpg 0.00033480876342031565 -0.0008051281000457278 -0.011152158868782508
frame0081.jpg -0.000194071193701294 0.0002712306538333207 -0.037394832640639884
frame0082.jpg -0.0004883938856658237 0.0009709849849317123 -0.1084163503836585
frame0083.jpg -0.00015373061103095487 0.00021555486250838602 0.013275870130753056
frame0084.jpg -0.0002186040083150124 0.00034558148031743814 0.01553662000759091
frame0085.jpg -2.153300737066082e-05 5.4730378463081566e-05 -0.06291012672653115
frame0086.jpg 0.0002452831732568358 -0.0005403706691073625 -0.055805505904497184
frame0087.jpg 0.00032863747329826164 -0.0008691385971969582 0.033482690731849146
frame0088.jpg -0.0006370931837467414 0.001219328896120721 -0.12323322643089127
frame0089.jpg -0.0012048816112897574 0.0025274942488888483 -0.16740842047029053
frame0090.jpg -0.0004858662651960748 0.001014249166245765 -0.10781350166893766
frame0091.jpg -0.0002412012182815683 0.00038347690937986 -0.007709360557651886
frame0092.jpg -0.0008026793181884113 0.0016558492861817738 -0.1012990946948229
frame0093.jpg -0.0005059988551083378 0.001031956797501269 -0.08271203186651786
frame0094.jpg -0.00042542893501117693 0.0008449255256240872 -0.06174428454465719
frame0095.jpg -0.0004275080018640738 0.0008501177566401577 -0.06136029472590094
frame0096.jpg -0.00020042941246643534 0.00034911639384041564 -0.060458874597069175
frame0097.jpg 0.00011757952866097382 -0.00030283805796585894 0.0050351188740817435
frame0098.jpg 0.00015649753074864676 -0.0003862040419223434 0.018625213352734697
frame0099.jpg 0.00010585513983109372 -0.0002873118516426861 0.017991031305099447
frame0100.jpg 1.0884115025630244e-05 -8.928148823780763e-05 0.015248780214935347
frame0101.jpg -0.00015803405567748276 0.00025549203025426016 -0.020622057027691692
frame0102.jpg -0.00045684786419765097 0.0008652126496630603 -0.06089596343878832
frame0103.jpg -0.00012768987372949569 0.00017538428678977734 0.011442675789426107
frame0104.jpg -0.0001262726084439667 0.00017282774639024775 0.012369073973318195
frame0105.jpg -0.0006590482065601602 0.0012876756647531213 -0.07475579278278884
frame0106.jpg -0.000669012052673593 0.0013080683648564887 -0.07323792018415852
frame0107.jpg -0.000669012052673593 0.0013080683648564887 -0.07323792018415852
frame0108.jpg -0.0008925042626517918 0.0018070385924992694 -0.18012162635511567
frame0109.jpg -6.138514103748503e-05 -2.2644997602047173e-05 0.003009679535776847
frame0110.jpg -0.00030842099711446966 0.0005347648688634113 -0.021206402773062592
frame0111.jpg -0.001072558810378496 0.002329183831951949 -0.1071441516910065
frame0112.jpg -0.0009204702000319569 0.0018650711682037246 -0.061466460635171465
frame0113.jpg -0.0005573883215849727 0.0010576127316551962 -0.002316847351951157
frame0114.jpg -0.00035690239628840685 0.0007906607896786402 -0.0761088761018016
frame0115.jpg -0.0003550561687776395 0.0007512303351948893 -0.13594624124771054
frame0116.jpg -0.0007672148132172126 0.0015774930603545793 -0.07213082752111448
frame0117.jpg -0.0007307313690762059 0.0015022067173076305 -0.0686743982821044
frame0118.jpg -0.0007389207432085795 0.0015187267707366845 -0.06664684883843364
frame0119.jpg -0.0008073259594785893 0.0016518403517825342 -0.10595272208116856
frame0120.jpg -0.0009806878957478366 0.002096882524966033 -0.11317166129399568
frame0121.jpg -0.0006280471976474572 0.0012649455758299939 0.0018975575822470653
frame0122.jpg -0.0005651826237494286 0.0010948111382695427 0.013772373343918723
frame0123.jpg 2.6541328045545527e-05 -0.00029831276234451663 -0.056193097207884436
frame0124.jpg 6.204141107000934e-05 -0.00031870331673099434 -0.11737533716242872
frame0125.jpg -0.00016217988307590586 0.00015217233892540617 -0.11647909134798715
frame0126.jpg -0.0006627932527848547 0.0013363180474952445 -0.13568514136950102
frame0127.jpg -0.0005120734335445582 0.0010039146671811175 -0.14228805735141106
frame0128.jpg -0.0009989120188207989 0.002038640085299654 -0.14421766440945008
frame0129.jpg -0.0002914875116372765 0.00047916806060395255 -0.03646334218148327
frame0130.jpg -6.345460235387702e-05 3.2831746501496995e-05 -0.041889615087964696
frame0131.jpg -7.89538000710467e-05 6.10874249268964e-05 -0.044873155047998985
frame0132.jpg -0.0004259770062221721 0.0006813443451533693 -0.07269757418629835
frame0133.jpg -0.0011164063803123132 0.002305016769103145 -0.055520913340974316
frame0134.jpg -0.0010470699853907133 0.002205866042328911 -0.06605796056937235
frame0135.jpg -0.0004998477010037502 0.0009674120470367149 -0.11692726387500335
frame0136.jpg -0.0010399068150530382 0.0021845908000011588 -0.07025257016765614
frame0137.jpg -0.0010453455186345416 0.002198626170276638 -0.07278639588974192
frame0138.jpg 6.222914063886252e-05 -0.00032939756983564264 0.014466683060833685
frame0139.jpg 0.0001037450922660238 -0.0003800098948309162 -0.07353346125533337
frame0140.jpg -0.00031543943782718546 0.0006196634046730848 -0.11955662403922268
frame0141.jpg -0.00012844875772115036 0.0001768632187200895 -0.030321493567961388
frame0142.jpg -0.0009201718689187961 0.0019696702007478725 -0.07362393854669617
frame0143.jpg -0.0009201718689187961 0.0019696702007478725 -0.07362393854669617
frame0144.jpg -0.0004128513285336629 0.0008510979339887767 -0.03456597082035658
frame0145.jpg 0.00015440719030720612 -0.0004295334805672565 0.05860998118083225
frame0146.jpg -7.392648459396681e-05 5.120631802861212e-05 -0.016826732180270303
frame0147.jpg 0.0002464191495448915 -0.0006305311856331418 0.051876378882467135
frame0148.jpg 1.340857104138058e-05 -0.00013066988041942463 0.03254243506306098
frame0149.jpg 4.8205237805761936e-05 -0.00022703041340792372 0.01379876515049696
frame0150.jpg -0.0004910724323058427 0.0008250814448410513 -0.11132879754640368
frame0151.jpg -1.6060754538644627e-05 -0.00011417305423511592 -0.054643569230242335
frame0152.jpg -0.0008473392088546277 0.001603075938562191 -0.15671597420634487
frame0153.jpg -0.0005842896892233001 0.0010720528908900503 -0.1393371943721347
frame0154.jpg -0.00022944074954369585 0.0003620170276743119 -0.04422498945280886
frame0155.jpg -0.0004021781384537034 0.0007087696357667193 -0.13273857561826613
frame0156.jpg -0.00011049430757216417 9.985474658365254e-05 -0.06440362929836803
frame0157.jpg -0.0007849889624255822 0.0015752555612117882 -0.059821486898802026
frame0158.jpg -0.0005122759326576091 0.0010169107076267632 -0.04115938232679424
frame0159.jpg -0.00019366062964362756 0.0003804990524478079 -0.005798333409557578
frame0160.jpg -0.00043124841509766513 0.0008677310693405657 -0.020760119091011515
frame0161.jpg -0.00029953694088234647 0.0005453573225631076 0.019902605483027302
frame0162.jpg -0.0005351395809597724 0.0010638347147109645 -0.11828523434258703
frame0163.jpg -0.0009662407455955443 0.001974670952722142 -0.14171198972896348
frame0164.jpg -0.0012510756212977929 0.0025785035313106745 -0.2489349331933876
frame0165.jpg -0.0014532536350325385 0.0029797059000066578 -0.22698557260561303
frame0166.jpg -0.0013704073327125536 0.0028155789167154553 -0.2006419074825058
frame0167.jpg -0.0013662962167820362 0.002805339271152561 -0.20168950143602185
frame0168.jpg -0.000701174266866534 0.001365496754864401 -0.027085619891556296
frame0169.jpg -0.0005030825307575123 0.0010355254754333839 -0.052839479010416114
frame0170.jpg -0.0004924243356138553 0.0010007049030938532 -0.02430093423160778
frame0171.jpg -0.0005753911810861153 0.00115319441463544 -0.06928420228995855
frame0172.jpg -0.00042784981357578167 0.0008455209046865135 -0.04052388193166108
frame0173.jpg -9.615186590032186e-05 9.717191483539095e-05 -0.03111791947127295
frame0174.jpg -0.00011801998031791142 0.00010689805384908486 -0.108848106890904
frame0175.jpg -0.0006659987470518049 0.0013532107058865145 -0.0634380084059035
frame0176.jpg -0.0014363958082836367 0.002947243133309235 -0.2284367158048837
frame0177.jpg -0.0004851223619351956 0.001407147101732017 0.16852352454120165
frame0178.jpg -0.000762696918070355 0.003120295216012179 0.1809916997864949
frame0179.jpg -0.0022111198428919013 0.007325804404944207 0.3657228973183483
frame0180.jpg -0.00036549418171113063 0.004763177235689935 0.6676668539905516
frame0181.jpg -0.0018497012357438078 0.010269222113557592 0.8161546429161615
frame0182.jpg -0.0018720767727422802 0.012651656882726424 0.7728735616813914
frame0183.jpg -0.0017724468239083734 0.014352250689905938 1.0490315887236197
frame0184.jpg -0.0012487272382627687 0.01622201162668771 1.4892643361707367
frame0185.jpg -0.00187999400390923 0.02068295694558863 1.4992768784841344
frame0186.jpg -0.0019969637335018487 0.020875210113695742 1.5346003068685945
frame0187.jpg -0.0019969637335018487 0.020875210113695742 1.5346003068685945
frame0188.jpg -0.001928475406667969 0.026277106394545148 1.7993327872265903
frame0189.jpg -0.0020248362301222168 0.03226270964401545 2.162570921258785
frame0190.jpg -0.00270279889798725 0.0370380408497578 2.126731704055874
frame0191.jpg -0.002324445087215167 0.03626726522906591 2.139491560122006
frame0192.jpg -0.002591792355094911 0.04029749210964147 2.3201565900843297
frame0193.jpg -0.0028048733930682995 0.04403441865097321 2.4443715919101643
frame0194.jpg -0.0030842626936441147 0.04742548583695808 2.683589004691933
frame0195.jpg -0.003048454861630863 0.04987926775544879 3.007868683036416
frame0196.jpg -0.004090487150006785 0.05455965733335754 2.9953264329658893
frame0197.jpg -0.003913242714498489 0.05730159709593545 3.2804805481501917
frame0198.jpg -0.0046711012600934325 0.0622044485512928 3.311299672913205
frame0199.jpg -0.004768099659207808 0.06573099963340549 3.6562726285794778
frame0200.jpg -0.00539616098310354 0.07389694815790117 4.259702257982863
frame0201.jpg -0.004519545089131097 0.07568810738343451 4.432010383611802
frame0202.jpg -0.006379001411293536 0.08225705430426675 4.332651816078129
frame0203.jpg -0.005477851155195834 0.08333246620358292 4.610513588541452
frame0204.jpg -0.006588083774463224 0.08830922956101832 4.753994099580012
frame0205.jpg -0.0073848583490464794 0.09320946488131143 4.909109255897444
frame0206.jpg -0.006229761637517123 0.094222805366542 5.220028549620396
frame0207.jpg -0.007482188760944765 0.0994828015422086 5.471603315550811
frame0208.jpg -0.007297999261243194 0.102201861010451 5.382746731702649
frame0209.jpg -0.008799785023353192 0.10820414134853516 5.676481061369724
frame0210.jpg -0.008788881866666999 0.11112765629778418 5.916611710687892
frame0211.jpg -0.00951903981062499 0.11551891076353706 6.0723110856308695
frame0212.jpg -0.009650728554071071 0.11908215094296555 6.0242808417908265
frame0213.jpg -0.010116478727738382 0.1236355455163454 6.3434522891446825
frame0214.jpg -0.010639638805218092 0.12788792611065947 6.8512665974620806
frame0215.jpg -0.01089627460250648 0.12835259570428248 6.81340676924584
frame0216.jpg -0.010751831340419451 0.13121827983212 6.886450505138861
frame0217.jpg -0.01039488924232463 0.13363927808440054 7.0319522400667696
frame0218.jpg -0.012086991544133813 0.13972687694425814 6.977509685250503
frame0219.jpg -0.012446825452879435 0.143336187530106 6.967879957848553
frame0220.jpg -0.013284808939096409 0.14796827775572752 7.140909059515858
frame0221.jpg -0.014039100777115468 0.15231558024995526 7.29078925387795
frame0222.jpg -0.014522563579531687 0.15614615609361815 7.3649354847209825
frame0223.jpg -0.014711504038831494 0.1595963253190607 7.490400338609352
frame0224.jpg -0.015615062292330437 0.1642734410662683 7.778167742156231
frame0225.jpg -0.016183124936833354 0.17126402706838756 7.9768367677312915
frame0226.jpg -0.017710348048570926 0.17680326438958086 7.9702678513997816
frame0227.jpg -0.017683281679741508 0.17922705534436004 8.263102005779166
frame0228.jpg -0.01855947002931005 0.1835633768305925 8.201587703229967
frame0229.jpg -0.01952033480078247 0.18817640193273752 8.31158616714749
frame0230.jpg -0.01974702930153037 0.19129153596739573 8.48910918817054
frame0231.jpg -0.02024433122805812 0.1947881382812423 8.667515256215426
frame0232.jpg -0.02207063364189393 0.20072576809934625 8.624425200195066
frame0233.jpg -0.021903103855746998 0.2030520961946647 8.716119583517376
frame0234.jpg -0.022929009182313456 0.20742233309614366 8.843957959904056
frame0235.jpg -0.02368024167946824 0.21151887285336635 9.006116212984072
frame0236.jpg -0.02381985683722175 0.2143900250245296 9.202049439060863
frame0237.jpg -0.024761515348399 0.21888274740880226 9.451605835386687
frame0238.jpg -0.025185302141810417 0.22256488832905352 9.542756500861538
frame0239.jpg -0.02515398155024219 0.22249008055640868 9.544724064162418
frame0240.jpg -0.02554277844884741 0.2261858088539399 9.718820541298292
frame0241.jpg -0.026623271142264773 0.23067066291534424 10.053787779882846
frame0242.jpg -0.02712548874557097 0.23399414697008455 10.189724044385256
frame0243.jpg -0.027577977564139627 0.2375415996658896 10.33617992623719
frame0244.jpg -0.028165287257048782 0.2410216485478288 10.571400202798342
frame0245.jpg -0.028853430612163455 0.24486268923912566 10.657042596628377
frame0246.jpg -0.030411570239199395 0.24988922711290384 10.951572282436578
frame0247.jpg -0.030632288002379517 0.25263239592321185 10.948326128054935
frame0248.jpg -0.03107786928982985 0.25615264238520324 11.292329154087447
frame0249.jpg -0.03344870531873412 0.2655849517790068 11.59014460509974
frame0250.jpg -0.03418837371769192 0.2692740050467074 11.7519864243652
frame0251.jpg -0.034924984372536584 0.2731197327687426 12.11558739384535
frame0252.jpg -0.03559770960014552 0.2766996179057403 12.049716891234816
frame0253.jpg -0.035809119739208 0.2797183052462209 12.514037092440985
frame0254.jpg -0.03749310408823736 0.2851419097841925 12.567572643743274
frame0255.jpg -0.038312706010834814 0.2892562717671127 12.759912504977178
frame0256.jpg -0.03924948954643434 0.2930728239447786 12.811687844876564
frame0257.jpg -0.03948505638393854 0.2960222787398589 12.9448680928355
frame0258.jpg -0.041414696043353516 0.3014834107394161 13.000878017925748
frame0259.jpg -0.04314848799223525 0.3071272269181273 13.289531432690818
frame0260.jpg -0.04408291513989945 0.31085652289550153 13.379565721490145
frame0261.jpg -0.04539992181040134 0.31568168869290314 7.710702252682023
frame0262.jpg -0.045055503554452175 0.3176141638616491 13.736414713156492
frame0263.jpg -0.04498064244916719 0.3174972996675377 13.566866094363618
frame0264.jpg -0.0458406465877888 0.32139228877363457 13.786082483230336
frame0265.jpg -0.047144583266671085 0.32607797126696914 14.114805376799504
frame0266.jpg -0.04764004336102856 0.3288431139792727 14.196438327857752
frame0267.jpg -0.04915893753065445 0.3334153289740383 9.245739231487823
frame0268.jpg -0.05010293489962892 0.33751601200689346 14.388889880979708
frame0269.jpg -0.05093304582596631 0.3414176620585229 14.603830135665989
frame0270.jpg -0.05280547391676663 0.3464258601439506 14.637061969744801
frame0271.jpg -0.05345038328489304 0.3495312371973674 14.90179312835279
frame0272.jpg -0.05413254397278944 0.3526265579576437 15.030429993293483
frame0273.jpg -0.055359313470277255 0.35937311094426094 15.190620671394589
frame0274.jpg -0.05630771963469883 0.3633023061024029 15.279287110660094
frame0275.jpg -0.058652670157402026 0.3690270569116912 15.550253349422539
frame0276.jpg -0.060005325384229674 0.3731331987392582 15.674140920762744
frame0277.jpg -0.06062737363181789 0.37638427575935257 15.768217878208054
frame0278.jpg -0.061939007652696436 0.3804906157310587 16.004746578406294
frame0279.jpg -0.05591634571823331 0.3741589617653198 15.978459416549347
frame0280.jpg -0.06464686062332063 0.38881375375927785 16.185067088410207
frame0281.jpg -0.06535823572962121 0.3917605296606226 16.196262965425223
frame0282.jpg -0.06690919274943449 0.3959652613544338 16.34109810709975
frame0283.jpg -0.06826544756456082 0.4000671942559503 16.459836610489894
frame0284.jpg -0.06780412936967709 0.4015053782934279 16.59322076971588
frame0285.jpg -0.07115856831451345 0.4082896518776487 16.755989415272552
frame0286.jpg -0.0723581127287102 0.4122906110143745 16.822230501611905
frame0287.jpg -0.0724249310331733 0.4123774538210521 16.833784266603708
frame0288.jpg -0.07319959096708968 0.4162060441834787 13.523658976064
frame0289.jpg -0.07418250331784784 0.4197838002669927 17.16335979779278
frame0290.jpg -0.07517243544130177 0.4235284290119011 17.394923533914028
frame0291.jpg -0.0753801747992657 0.42597690863516463 17.5792635645416
frame0292.jpg -0.07821151810488086 0.43202961027387815 17.70915504570598
frame0293.jpg -0.0792556316075852 0.4360700624807161 17.75947475137357
frame0294.jpg -0.07848852591621494 0.43760147776584013 18.073357209821022
frame0295.jpg -0.08137548525173037 0.4436486652658018 18.146012494394146
frame0296.jpg -0.08349455114543222 0.44811087712721664 18.283103928016125
frame0297.jpg -0.08611501059421356 0.4558971320576394 15.43425715522348
frame0298.jpg -0.08612536505522156 0.4581201026024282 18.71563185004337
frame0299.jpg -0.08732819222942126 0.4622672829749992 19.027736462966853
frame0300.jpg -0.08943824757268692 0.4671837994824388 16.018021404549643
frame0301.jpg -0.08910116329112583 0.468619231306702 19.250293268396995
frame0302.jpg -0.0921479425035776 0.4746564561054928 16.529719559537988
frame0303.jpg -0.093511452433881 0.478349989944974 19.552442295412124
frame0304.jpg -0.0953051852852399 0.4824659373330448 19.743702343694
frame0305.jpg -0.09576825081829776 0.4849606887421901 19.71358536004965
frame0306.jpg -0.0972779742718556 0.4889341567040243 19.949623533833122
frame0307.jpg -0.09946388361692296 0.4939951302754975 19.98287466577866
frame0308.jpg -0.09994666183209887 0.4968036444554668 20.49759722619755
frame0309.jpg -0.10101665796025812 0.5002373054296836 20.4974767042937
frame0310.jpg -0.10237213714621024 0.503814732638965 20.54822189635601
frame0311.jpg -0.10310569751665624 0.5047693100616476 20.622497201679522
frame0312.jpg -0.10419972552415947 0.5082762759543236 20.809229739434574
frame0313.jpg -0.10546137506811268 0.5120994922706883 20.91514796433972
frame0314.jpg -0.1071595160011449 0.516174351701974 21.24425178473817
frame0315.jpg -0.10917021106355884 0.5204742367558005 21.292747407720874
frame0316.jpg -0.11066235275353263 0.5241404111125515 21.493543531544727
frame0317.jpg -0.1122259215860831 0.5278414853591286 21.691915862036186
frame0318.jpg -0.11297621451838327 0.5306857503053133 21.867232838127446
frame0319.jpg -0.11531580846118016 0.5354829681555718 22.164447886738415
frame0320.jpg -0.11639701632500908 0.538506964722951 22.171425971843046
frame0321.jpg -0.12009021772188608 0.5462428941782597 22.378627772488738
frame0322.jpg -0.12213427766729056 0.5506543907442754 20.30072892384881
frame0323.jpg -0.12369991486312755 0.5540548127614697 22.911432037514448
frame0324.jpg -0.12574047977611946 0.5583986573146229 21.20472607531761
frame0325.jpg -0.1268706011041174 0.5613914279621979 22.95026634624277
frame0326.jpg -0.1272921481791848 0.56380447179888 23.280260970455032
frame0327.jpg -0.13058337393859445 0.5694217200269158 23.355050785816456
frame0328.jpg -0.13184692659554426 0.5728833931914327 21.391799490478405
frame0329.jpg -0.13308176233051613 0.5757705084509623 23.82871602068025
frame0330.jpg -0.13517024637432706 0.5798316258388506 23.836095767275452
frame0331.jpg -0.13643010569403222 0.5831044063378985 23.87976628398293
frame0332.jpg -0.13850785544154515 0.5872122417986594 24.058363603421174
frame0333.jpg -0.14093318862620344 0.5914645004777117 24.175325231371264
frame0334.jpg -0.14232480892931426 0.59424650498467 24.291893456275982
frame0335.jpg -0.142434610019692 0.5943561596185948 24.29204384726313
frame0336.jpg -0.14409767420989736 0.5977706160299154 24.50943065852231
frame0337.jpg -0.14659153929420718 0.6026230496391635 24.563281415139986
frame0338.jpg -0.147620044509309 0.6058518964276908 24.992547007906012
frame0339.jpg -0.1457014637341611 0.605787316299526 25.264527553129398
frame0340.jpg -0.15058841932568018 0.6125773429825208 25.082974450799757
frame0341.jpg -0.15316982047829852 0.6170431044747922 25.285936553087048
frame0342.jpg -0.1505442517597716 0.616235840999661 25.45101558122885
frame0343.jpg -0.15634303322855292 0.6240319896897787 25.547656110666818
frame0344.jpg -0.16080836242543828 0.6317038588866697 24.676169199798284
frame0345.jpg -0.16172544276825976 0.6343025150312719 25.90205947143669
frame0346.jpg -0.16331911512515304 0.6378341025046257 26.104130939880648
frame0347.jpg -0.16577603930499604 0.6421658288032621 26.202156062198725
frame0348.jpg -0.16431614365747468 0.6426249972076972 26.86003624325017
frame0349.jpg -0.16893824354084533 0.6488464549203516 26.669978998085043
frame0350.jpg -0.17118023893261305 0.652716496345223 26.853310039454193
frame0351.jpg -0.17310982812294656 0.6564654205035132 25.68160912578013
frame0352.jpg -0.1749453732576923 0.6601247801671868 26.031620713504143
frame0353.jpg -0.17724995728151724 0.6640779872251406 26.366688512828564
frame0354.jpg -0.1790493681943183 0.6674103698415901 26.40016275496729
frame0355.jpg -0.18029496579066628 0.6704053931132608 27.64593639859775
frame0356.jpg -0.1819115197607934 0.6736194212088688 27.824515738622395
frame0357.jpg -0.18502515328189775 0.6783452907366536 26.95873843964693
frame0358.jpg -0.18729217021123085 0.6820457011638703 27.015182274639887
frame0359.jpg -0.1872578437281416 0.6819971236176489 27.11495126424392
frame0360.jpg -0.18879955528340264 0.6851055753311122 28.259773505174362
frame0361.jpg -0.1907581142780183 0.6888502291150542 28.40671962501204
frame0362.jpg -0.19284172662534094 0.6927702556811556 27.881608865622578
frame0363.jpg -0.19293392666683312 0.6946878077041245 28.004950110207435
frame0364.jpg -0.1972859247912696 0.7001294608820753 28.06464327734159
frame0365.jpg -0.19879187116571867 0.7032203375011877 29.033629259778014
frame0366.jpg -0.19756436249738546 0.7043074180265789 29.39088830275993
frame0367.jpg -0.2030787047864788 0.7109672091694361 28.45389061459512
frame0368.jpg -0.2045723931739169 0.7141278642989659 29.644584174593128
frame0369.jpg -0.20977131807636945 0.7218599402368889 29.84733557968711
frame0370.jpg -0.2113848233605341 0.7251198707907844 29.83831087844833
frame0371.jpg -0.213517004167642 0.728935398597548 29.948108514291512
frame0372.jpg -0.2151611734403832 0.7323467600446038 30.149104949547528
frame0373.jpg -0.21459947205866706 0.7337894779941592 30.834858366794048
frame0374.jpg -0.2199390923908004 0.7399169438259401 30.06975613503382
frame0375.jpg -0.2223202672028627 0.7434462135224373 29.89416380139657
frame0376.jpg -0.2235987358015027 0.7464929237138181 30.696405628471762
frame0377.jpg -0.2262827208030819 0.7505724878569708 30.689231177172555
frame0378.jpg -0.22847252001003826 0.7541260827869672 30.688951004047247
frame0379.jpg -0.2310193222517583 0.7579103639264294 30.21150097788791
frame0380.jpg -0.2331845391017455 0.7612291284432449 30.614903253842392
frame0381.jpg -0.2327283194068305 0.7629725725013696 31.62243113710976
frame0382.jpg -0.2374314831825087 0.7679513997228695 31.019515369064308
frame0383.jpg -0.2374314831825087 0.7679513997228695 31.019515369064308
frame0384.jpg -0.2402485904113905 0.7718248839522418 30.399883725969428
frame0385.jpg -0.2409723210384302 0.7746378712946789 31.231704089692194
frame0386.jpg -0.24478149715235356 0.7791208197546429 31.48857163080818
frame0387.jpg -0.24463761129638475 0.7812141791523131 31.69050723534113
frame0388.jpg -0.2470121582639036 0.7849851691406821 31.851942779458923
frame0389.jpg -0.2505813678446479 0.7893221186804524 31.96924102629591
frame0390.jpg -0.2509789780843269 0.7918412687345971 32.13437780118105
frame0391.jpg -0.2530004313870985 0.7954829113096507 32.36338384007438
frame0392.jpg -0.2597513933189949 0.8037914010457501 32.07915699636446
frame0393.jpg -0.2619462436389172 0.8072099192435223 32.31488359017502
frame0394.jpg -0.2641281571155454 0.8104107734767458 32.72593503886043
frame0395.jpg -0.26559558631123564 0.8136005506934879 32.920528714520124
frame0396.jpg -0.26794016693999106 0.8174066585578709 33.0061053820923
frame0397.jpg -0.27045467774193954 0.8212924945674351 33.11778878967576
frame0398.jpg -0.2722752399743743 0.8243232271181906 33.564138787218226
frame0399.jpg -0.2745438601302671 0.8276384718645629 33.56056781794121
frame0400.jpg -0.2769302257868386 0.831284907611606 33.618626167025056
frame0401.jpg -0.2791623409020189 0.8348888128781992 33.97934705445957
frame0402.jpg -0.2806983126754367 0.8381641858293416 34.10319385585116
frame0403.jpg -0.282568737110012 0.8416621379823037 34.51960695563515
frame0404.jpg -0.2863462952500808 0.8455903911284477 33.94368177006921
frame0405.jpg -0.2888268266688017 0.8491768105227082 34.34005058363155
frame0406.jpg -0.29137329086412284 0.8523877987663495 34.485365793105075
frame0407.jpg -0.29137434720300937 0.8523888189248616 34.487083831878714
frame0408.jpg -0.293986228877015 0.8557206765258771 34.75671152206006
frame0409.jpg -0.29601713558077164 0.8592189428638413 34.77026518484631
frame0410.jpg -0.2982737200790768 0.8628326802016175 35.24594325165682
frame0411.jpg -0.3000453181737185 0.8661916343147211 35.07640153985857
frame0412.jpg -0.3015039308787455 0.8692578526912419 35.64328236470199
frame0413.jpg -0.30411665885529776 0.8726918030274615 35.75916140161017
frame0414.jpg -0.3077975781108685 0.8762297813696703 35.63866949245846
frame0415.jpg -0.3127195599061745 0.8833482408747084 36.00012726648839
frame0416.jpg -0.31249871391842404 0.8833312616207426 36.0243190182931
frame0417.jpg -0.3151633653793457 0.8868078365663256 35.796902607553676
frame0418.jpg -0.3203855523788931 0.8930590895207606 36.65356645111109
frame0419.jpg -0.3219408069432088 0.8965581724415468 36.67806175253351
frame0420.jpg -0.32498389591514165 0.9000776300712119 36.83132105447759
frame0421.jpg -0.3272563461824053 0.9034439199559936 36.86898191301276
frame0422.jpg -0.3299086980327563 0.9066915831973597 37.23318007366079
frame0423.jpg -0.3327914789559416 0.9095145565792404 37.15342929737953
frame0424.jpg -0.3353659132472335 0.9127350921788816 37.35161140905544
frame0425.jpg -0.33834691950992146 0.9160080321922854 37.1941610062614
frame0426.jpg -0.3410593582020765 0.9195794597824716 37.751694035862
frame0427.jpg -0.34278439814613 0.9229711594329352 37.90025131516458
frame0428.jpg -0.34568396792548056 0.9259604088982922 37.796338482243634
frame0429.jpg -0.34885609266164874 0.9291729076722309 38.10484666930048
frame0430.jpg -0.3515091738790622 0.9322527812632909 38.43384822548594
frame0431.jpg -0.350863066026232 0.9325368631424104 38.36514604288057
frame0432.jpg -0.3534235289543036 0.9358605093230186 38.376368050457046
frame0433.jpg -0.3572220579263602 0.9385508097037452 38.46993348004421
frame0434.jpg -0.3593364523768437 0.941499805765456 38.725118044522866
frame0435.jpg -0.3612494918380016 0.9454032220225828 39.06846614452983
frame0436.jpg -0.36392256748858975 0.948756939473948 39.154003626964226
frame0437.jpg -0.3664397486977002 0.9516864303924076 39.4069516792189
frame0438.jpg -0.36923947237410143 0.9547997649303314 39.7190447815734
frame0439.jpg -0.3722590501236485 0.9572586265515088 39.54025789867044
frame0440.jpg -0.3778311546723511 0.963980226741212 39.91923513931479
frame0441.jpg -0.3804495288559056 0.9671389576573416 39.83893530672472
frame0442.jpg -0.3830571322443101 0.970106530142164 40.40403154955378
frame0443.jpg -0.38541740096277605 0.9738179653067962 40.25938935206203
frame0444.jpg -0.38844718011855894 0.9764055878117452 40.79000410176768
frame0445.jpg -0.3908080986669258 0.9807143695722484 41.041346155008824
frame0446.jpg -0.3933838612658837 0.9828627112412972 40.871215472890135
frame0447.jpg -0.3958786995977691 0.9854809935604484 41.193607462037896
frame0448.jpg -0.3985386884450441 0.9885700897611126 41.415258718569
frame0449.jpg -0.4013902388827436 0.9915557004076372 41.51696407352311
frame0450.jpg -0.4043547986811656 0.9953654969625338 41.642793872137105
frame0451.jpg -0.4069927106852472 0.9995221930387992 41.98675452620496
frame0452.jpg -0.4099204713681943 1.001689857831228 41.97258510038776
frame0453.jpg -0.4125452144132693 1.0048716836250615 42.03965597712215
frame0454.jpg -0.4155876536584205 1.0084740768182192 42.30762443525089
frame0455.jpg -0.4155885850564732 1.0084703833301454 42.30122549505758
frame0456.jpg -0.4183381661879323 1.012204518053939 42.49868267395156
frame0457.jpg -0.4211726976287766 1.0140535543643254 42.70075189763926
frame0458.jpg -0.4240194572562575 1.0174105777570075 42.535798056890904
frame0459.jpg -0.4265445596799304 1.019987113226496 42.989195548025855
frame0460.jpg -0.4290656472498951 1.023229998914756 43.1212639384781
frame0461.jpg -0.4317113783181088 1.0255707344472509 43.45472577096121
frame0462.jpg -0.43459744123708105 1.0287609671255944 43.27190623515015
frame0463.jpg -0.43752541539057055 1.0317922381770064 43.681761410311935
frame0464.jpg -0.4404056831613857 1.0348967145694734 43.539994691525294
frame0465.jpg -0.4434980654295054 1.03775635055602 43.7471822462753
frame0466.jpg -0.4493170752535559 1.0437490243380327 44.08523173507879
frame0467.jpg -0.4522673988181741 1.0468657968647466 44.07961547220536
frame0468.jpg -0.4553383549237272 1.0504270877498434 44.29392994237877
frame0469.jpg -0.4582841196296034 1.0528668550960736 44.278447694971256
frame0470.jpg -0.4612031474690941 1.055670572045994 44.546597054345455
frame0471.jpg -0.4644519024007086 1.0589778092285342 44.67142373664364
frame0472.jpg -0.4673336841374514 1.062535101041403 44.83992969744977
frame0473.jpg -0.4703061551408371 1.06553574979832 44.951348417778796
frame0474.jpg -0.4729928842745589 1.067899614483952 45.076455618976574
frame0475.jpg -0.4759795045474989 1.0707961685506775 45.365205980487254
frame0476.jpg -0.4790332872316787 1.0733325735130292 45.29262335106553
frame0477.jpg -0.4819035024194711 1.0748899610310552 45.63666113967199
frame0478.jpg -0.4849879017285398 1.0777945234273485 45.62810387596241
frame0479.jpg -0.4881455109189233 1.080912389113638 45.74254205502162
frame0480.jpg -0.4885008010588302 1.0824768324688891 45.8119470233977
frame0481.jpg -0.4920365916051823 1.086342799857582 45.979514953680955
frame0482.jpg -0.494892706073217 1.0884041129096622 45.36613221561268
frame0483.jpg -0.4967462202995277 1.0894041350516153 46.7503870212056
frame0484.jpg -0.5009440830442171 1.0945949879891137 46.77706481311884
frame0485.jpg -0.50427439231969 1.0980287697121256 46.51658818247165
frame0486.jpg -0.5073182911398155 1.1009735870992698 46.5567034577274
frame0487.jpg -0.5096272482501226 1.1022369691195562 46.81326913694984
frame0488.jpg -0.5127246209125447 1.1051873036456894 46.747737623656704
frame0489.jpg -0.5187792729334018 1.1103130476911822 47.16370560204039
frame0490.jpg -0.5202815684983322 1.1101852755711636 48.49530637929777
frame0491.jpg -0.5235142533012187 1.113523172373522 48.23840723977428
frame0492.jpg -0.5265824298030284 1.116521094190018 48.608992355390384
frame0493.jpg -0.5294977200109612 1.1192143881218908 48.72089475351866
frame0494.jpg -0.5325720321210387 1.1227926862200006 48.955417100676314
frame0495.jpg -0.5353766320652034 1.125607900788451 49.39332746126938
frame0496.jpg -0.5384614616692163 1.1285517643790657 49.204785849263295
frame0497.jpg -0.5423651377595182 1.1328580525184089 49.49886049405737
frame0498.jpg -0.545273334661646 1.135021038555572 48.139586129295026
frame0499.jpg -0.5486479145161671 1.1383623119331523 48.17318071353543
frame0500.jpg -0.5516081344685135 1.1406281885109448 48.72506331116587
frame0501.jpg -0.5546707977985381 1.1431228524859465 49.15130707824874
frame0502.jpg -0.5578433429921101 1.145719278294375 49.29934309072274
frame0503.jpg -0.561149284496825 1.1487364264734352 49.68062176560329
frame0504.jpg -0.5611499636949193 1.148737837147689 49.680939982897215
frame0505.jpg -0.5643824465962313 1.1516662110261078 49.833311105113275
frame0506.jpg -0.5679621838387818 1.155205030795678 49.95629674294876
frame0507.jpg -0.5719099464763533 1.1596097948835724 50.3435778591196
frame0508.jpg -0.5743321195673543 1.1610137420627693 50.052233103711735
frame0509.jpg -0.5775682794413817 1.1640303074491178 49.92496509702711
frame0510.jpg -0.5804314113244645 1.1661839389673958 50.540489634997904
frame0511.jpg -0.5836338446549763 1.1689289483283107 51.052741718401116
frame0512.jpg -0.5904327237818072 1.1746156715556981 51.71917195071468
frame0513.jpg -0.5933476941570106 1.1766797598596639 51.088064746036494
frame0514.jpg -0.5963042581143817 1.178724605485978 51.42157035891768
frame0515.jpg -0.5996684478439651 1.1813384840143069 51.845558614693395
frame0516.jpg -0.6028980654187581 1.1837873307631377 52.38337678349843
frame0517.jpg -0.6073985503133381 1.1885167556831058 51.67404145810129
frame0518.jpg -0.6099707069914726 1.1903502658067624 52.17064880410082
frame0519.jpg -0.6128941830778829 1.1921614668638634 51.418764214427384
frame0520.jpg -0.6159565628187942 1.1944358844211602 52.00471194063242
frame0521.jpg -0.6194438775497177 1.1974378377347723 52.22374041041833
frame0522.jpg -0.62324404132457 1.2009845495947815 51.69018936164985
frame0523.jpg -0.6255252662120574 1.2025594459824358 53.737242212989905
frame0524.jpg -0.6291077779328326 1.205609649424668 53.80713168526681
frame0525.jpg -0.6341222601129402 1.2098294193099193 52.829744975335615
frame0526.jpg -0.6359933058369239 1.2094003569267655 52.26946192721032
frame0527.jpg -0.6389671495172106 1.2112421548093215 52.50106144721542
frame0528.jpg -0.6390299326337372 1.211436496579945 53.03087338478026
frame0529.jpg -0.6446116962115677 1.2174163168061902 53.11496511858384
frame0530.jpg -0.6471541488650345 1.2193071698968654 53.81327007869485
frame0531.jpg -0.6506562655786651 1.2221174976822735 52.82249658680627
frame0532.jpg -0.6528108297710649 1.2228759840096368 52.645841975499
frame0533.jpg -0.6552215320222766 1.2242320513430085 53.8683506174838
frame0534.jpg -0.6594315207860635 1.2278429896661152 54.263099420542176
frame0535.jpg -0.6640788817230513 1.2319944453977054 54.667098952669924
frame0536.jpg -0.6691869013526639 1.234534940129696 53.25906537098795
frame0537.jpg -0.6720572904922999 1.2374108779358666 55.429482930214355
frame0538.jpg -0.6729962758796438 1.238070652428119 54.31121362412736
frame0539.jpg -0.6720178342879572 1.237590607917138 56.62323288135799
frame0540.jpg -0.6736179204587105 1.2403254617312816 55.30721867198244
frame0541.jpg -0.6727981173829538 1.2398732860850057 56.766440540044925
frame0542.jpg -0.6728001245239221 1.2398748383915823 56.76257662287821
frame0543.jpg -0.6728001245239221 1.2398748383915823 56.76257662287821
frame0544.jpg -0.6720465786441648 1.2388755719993338 57.22123008929217
frame0545.jpg -0.671570977265602 1.2382651063255743 57.508562465242605
frame0546.jpg -0.6726681280616074 1.2395807198366695 56.61236459459421
frame0547.jpg -0.6728293333552111 1.239791530492714 56.42189802117497
frame0548.jpg -0.6728854011342597 1.2397209896902714 54.30818256408007
frame0549.jpg -0.6733112210453678 1.2403795373792152 55.484566320196436
frame0550.jpg -0.6732156829580385 1.2402753022372763 55.67525957010998
frame0551.jpg -0.6732170313384143 1.2402855409431073 55.73840773475282
frame0552.jpg -0.6725402419658599 1.2392235750150788 53.92439871370957
frame0553.jpg -0.6728087095306095 1.2396781955092395 55.5042787445044
frame0554.jpg -0.6729014624794027 1.2397373987918583 54.44647683034599
frame0555.jpg -0.6732602601707914 1.2402490364592933 54.90741584890942
frame0556.jpg -0.6732668853237056 1.2403038524480534 55.44501705237665
frame0557.jpg -0.6732713855126775 1.2403123365497335 55.457600235107726
frame0558.jpg -0.6732579426608956 1.2403033936777257 55.55760069524356
frame0559.jpg -0.6729078409212856 1.239881557640126 56.21342431320672
frame0560.jpg -0.6728857722517514 1.239852999686056 56.28940909210298
frame0561.jpg -0.6729564417243951 1.239939249574172 56.19235705036865
frame0562.jpg -0.6729534358680821 1.2399347847981752 56.19330013182108
frame0563.jpg -0.6727581561015092 1.2395021354707605 54.146366616448184
frame0564.jpg -0.6725622891204015 1.2392455812637115 54.06870934947175
frame0565.jpg -0.6724883766816122 1.23914619071305 54.06083304893682
frame0566.jpg -0.6727699901986675 1.2395123138182131 54.20523746755978
frame0567.jpg -0.6726440517340071 1.2395339742826326 56.45888187762079
frame0568.jpg -0.6727464882526484 1.2396587666334398 56.513462701808294
frame0569.jpg -0.6730182370935238 1.2399982536320349 56.32593039245696
frame0570.jpg -0.6727127368089947 1.2395782971649971 56.67840956964366
frame0571.jpg -0.6725573758020716 1.239397036375017 56.562797285499784
frame0572.jpg -0.6723452001813207 1.2391491608523917 56.755932753923865
frame0573.jpg -0.6723364786544879 1.2391337181912256 56.74843815967645
frame0574.jpg -0.6731793791650336 1.2401393653015504 55.34290355192481
frame0575.jpg -0.6728404350093083 1.2397528352646632 56.40168042632181
frame0576.jpg -0.6716720424849988 1.238235825834584 57.35452679721829
frame0577.jpg -0.6726547168728276 1.2395230072102519 56.61207233987424
frame0578.jpg -0.6730142487973679 1.2399504320477353 56.25023760633778
frame0579.jpg -0.6728710543376859 1.2397705881308223 56.43538338663429
frame0580.jpg -0.6729545148626892 1.239884925160595 56.144060696329184
frame0581.jpg -0.6720611102328513 1.2387679842709811 57.044929775040934
frame0582.jpg -0.6731592793965612 1.2401684363445222 56.15758998744728
frame0583.jpg -0.6724917394943795 1.2393230058599929 56.73055654518724
frame0584.jpg -0.6725409674834263 1.2393947254905595 56.56429674113204
frame0585.jpg -0.6732217475306082 1.2402023475214052 55.308245739804704
frame0586.jpg -0.6731596155644612 1.240100213130698 55.086824826154135
frame0587.jpg -0.6718243944617471 1.2384925605639083 57.29450178957289
frame0588.jpg -0.6732865861044393 1.2402851227926752 55.323006912620706
frame0589.jpg -0.6728173072237694 1.239705455990997 56.17747220910353
frame0590.jpg -0.6727213984404136 1.2395892337282064 56.46157216748264
frame0591.jpg -0.6724731953140457 1.239276573821862 56.62750726858166
frame0592.jpg -0.6718519275472585 1.2384909711878662 57.38725959827393
frame0593.jpg -0.6720625588042395 1.2387716992061026 57.21695831743281
frame0594.jpg -0.6721258240260766 1.2388534078386608 57.16227701656718
frame0595.jpg -0.6722129372649251 1.2389881112235082 57.13254031973853
frame0596.jpg -0.6721212892735255 1.2388506496207072 57.178502615357246
frame0597.jpg -0.6721212892735255 1.2388506496207072 57.178502615357246
frame0598.jpg -0.6721802556639036 1.2389294768995178 57.10348811493032
frame0599.jpg -0.6718418497480543 1.23848692097042 57.36001948350229
frame0600.jpg -0.6719732853148181 1.2386328991948554 57.33682288736629
frame0601.jpg -0.6713572030966407 1.2378360016714496 57.773506862494685
frame0602.jpg -0.6726599933995103 1.2395408537660353 56.744702526447256
frame0603.jpg -0.6727010238298683 1.2395937600044835 56.735349481034525
frame0604.jpg -0.6713333548898102 1.2378048888242659 57.57082657361392
frame0605.jpg -0.6718944131490957 1.2385355608870514 57.28271642590434
frame0606.jpg -0.6720527873853601 1.2387282172515042 57.26446704659386
frame0607.jpg -0.6720096943439013 1.2386689507772994 57.287155173323534
frame0608.jpg -0.6727977164121527 1.2396911147759735 56.724700650050586
frame0609.jpg -0.6729836158336097 1.2397903713518896 54.43696395106679
frame0610.jpg -0.6728889950694801 1.2397910136484651 56.16645499577632
frame0611.jpg -0.6732401844745519 1.2402150386690745 55.2974485514044
frame0612.jpg -0.6731144444264389 1.24008648820544 55.46324184051338
frame0613.jpg -0.6727792211620673 1.2396868886939485 56.46375838470846
frame0614.jpg -0.6727534954254915 1.239644916164562 56.24263900956071
frame0615.jpg -0.6726974256040839 1.2395879686081968 56.438365011991394
frame0616.jpg -0.672906452438647 1.239744960561593 54.73582899277139
frame0617.jpg -0.6723503765192416 1.2391494328450727 56.530183782877295
frame0618.jpg -0.6724227994974239 1.2392336617510022 56.179043293117466
frame0619.jpg -0.6719328531006222 1.2386185743458114 57.05145440892817
frame0620.jpg -0.6721542943824574 1.2389036433385638 56.889333312766816
frame0621.jpg -0.6720938389316531 1.2388237619358389 56.95941517883135
frame0622.jpg -0.6719203972409475 1.2385754218934917 57.326887602026176
frame0623.jpg -0.6713534383509046 1.2378324325219998 57.66623337089877
frame0624.jpg -0.6715884034221102 1.2381605971520335 57.470093132107976
frame0625.jpg -0.6727765402178782 1.2395542032083935 54.47441894712345
frame0626.jpg -0.6728284751863227 1.2396097575578735 54.50299583530993
