frame0000.jpg 0.0 0.0 -0.0
frame0001.jpg -8.263551481589668e-05 -0.00022377872922695532 0.11530020930953876
frame0002.jpg -0.00011863917816545559 -0.0003884962087093585 0.09121659690133152
frame0003.jpg 6.250293169404236e-05 0.00023714225987352773 0.11474737302121375
frame0004.jpg 1.0092745424221519e-05 0.00018228553180577438 0.08863632363715887
frame0005.jpg 1.0092745424221519e-05 0.00018228553180577438 0.08863632363715887
frame0006.jpg 1.0092745424221519e-05 0.00018228553180577438 0.08863632363715887
frame0007.jpg 9.143626806671303e-05 0.00044405640971244064 0.08167270680946677
frame0008.jpg 9.081892725888792e-05 0.0004420770621279003 0.08164428067380539
frame0009.jpg 9.081892725888792e-05 0.0004420770621279003 0.08164428067380539
frame0010.jpg -0.00012050156276622768 -0.0003614497705297757 0.1394410350115915
frame0011.jpg -0.0001812033158475289 -0.0005997097593114111 0.07468385497585918
frame0012.jpg -0.00012932014145568808 -0.0004401286483717285 0.07917426900010531
frame0013.jpg -0.00019943659160060563 -0.0006872082763225723 0.06006591029192367
frame0014.jpg -5.697098993734392e-05 -0.00013800605288498318 0.06293680479188539
frame0015.jpg -0.00010136244704078312 -0.00030276148384822063 0.0979563007921838
frame0016.jpg -8.2932099211735e-05 -0.00022972003338126774 0.09637116453576317
frame0017.jpg -3.566355860339988e-05 -0.00012096069563207136 0.12979571764740264
frame0018.jpg -1.6487937996108208e-05 -6.854334251149578e-05 0.1353362597844211
frame0019.jpg -0.0001894251309679831 -0.0006425210881755684 0.14642744951973669
frame0020.jpg -0.0002805861825413991 -0.0010202932213118359 0.1266184275266522
frame0021.jpg -2.8242183524300745e-05 -0.00025122873373439745 0.14644587284471508
frame0022.jpg -0.00023110698670178838 -0.0007908911243000436 0.101840623592316
frame0023.jpg -4.36023391044861e-06 -1.853275524707232e-05 0.0375032422603279
frame0024.jpg -4.89725206308425e-05 -0.00018232283722208133 0.06624538861643789
frame0025.jpg 7.885978903682741e-05 0.00021876989596500564 0.1083600857087448
frame0026.jpg -7.5952215644297655e-06 -0.00024158921081545215 0.01737715017575024
frame0027.jpg -0.00011509137431178628 -0.0006462613491795093 0.09514148060796107
frame0028.jpg 8.627243357066455e-05 0.00022762344650429468 0.08980297903572156
frame0029.jpg 0.00010884330511550796 0.0002169125298107728 0.05106398204740289
frame0030.jpg 0.0005205563798889686 0.001861097057244796 -0.07811383002211804
frame0031.jpg 0.00046376540733645156 0.001656880349758364 -0.07110920218712741
frame0032.jpg 4.863114135750377e-05 0.00015850938409691092 0.05513757514431244
frame0033.jpg -9.439179188767183e-05 -0.000410595345934712 0.021299906564208198
frame0034.jpg 7.376702379254878e-05 0.00012355885423531078 -0.02126125266893565
frame0035.jpg 6.847690760515069e-05 0.0002445560375322297 0.012999121937912259
frame0036.jpg 0.0002752895014755798 0.0009350131349898936 -0.04463120605894088
frame0037.jpg 0.00017885802067995796 0.0005896698764768034 -0.02466464331335899
frame0038.jpg 7.725915174801288e-05 0.00022438823549144032 0.01569282149225025
frame0039.jpg 0.00012548670726526487 0.00040986355955755096 0.013304298024879504
frame0040.jpg 0.00012548670726526487 0.00040986355955755096 0.013304298024879504
frame0041.jpg 0.0004965340784946968 0.0017276280878612035 0.047220811817953866
frame0042.jpg 0.0004922853517172557 0.0017285554378002794 -0.017116613400447275
frame0043.jpg 4.9444747091445785e-05 7.225153035023371e-05 0.046338058013287164
frame0044.jpg 0.000240169890960734 0.0007379754352831008 0.03189080820722931
frame0045.jpg 0.0002397725906887834 0.0006644336750960908 0.1349862824080783
frame0046.jpg 0.00024172042661100104 0.0006845170437438488 0.12728535107305508
frame0047.jpg 0.0002657242728963198 0.0008342889969626818 -0.01685165208993116
frame0048.jpg 0.000266109438751747 0.0008332246360139142 -0.019797854685763318
frame0049.jpg 0.00022150915919836645 0.0006168732600693144 0.06659794768713137
frame0050.jpg 0.00012054222960131013 0.00035520023926559265 0.032295804228633665
frame0051.jpg 0.00010548961240500479 0.00032125778018668525 0.05233740349015507
frame0052.jpg 0.00016677759301787933 0.0004944775229066391 0.09952139842549776
frame0053.jpg 0.00026942825599708827 0.000830145414772518 0.02154763579525609
frame0054.jpg 0.0001785930992614915 0.0004541148841953148 -0.0038717349652358547
frame0055.jpg 0.0003144839322616746 0.0009564615445762912 -0.011035858455723292
frame0056.jpg 0.00021948543184611166 0.0006551656992531301 0.08783263814463074
frame0057.jpg 0.00014923815161723317 0.00046638541526893283 0.059171334609874324
frame0058.jpg 0.00030503756801227206 0.0010217676683886316 -0.058238105587292074
frame0059.jpg 0.00041573775178096187 0.0014373132337266725 0.024079006137117345
frame0060.jpg 0.0001904876117804441 0.0006039396374480713 0.03629964365174585
frame0061.jpg 0.00021707932732652825 0.0006156921462320224 0.0757642401641303
frame0062.jpg 0.0004346105633746234 0.001446782699591991 0.03460665892268075
frame0063.jpg 2.2577770006140054e-05 3.0192751154690242e-05 0.043714406499392525
frame0064.jpg 2.365183291670757e-05 3.471904902402182e-05 0.04391158293961042
frame0065.jpg 2.836400980195429e-05 -2.9706849811328356e-05 0.027955349646089325
frame0066.jpg -9.404106285704536e-05 -0.00045433491177590725 0.052062000063008256
frame0067.jpg -8.911678789424632e-05 -0.0004076282502864628 0.024065643546885927
frame0068.jpg -3.5613793576704824e-05 -0.00019148070525893936 0.05556719635879431
frame0069.jpg 0.0005885575483704081 0.00234394887675944 -0.09556597312122712
frame0070.jpg -0.00029511277730820217 -0.0007600169534192478 -0.16959805503044345
frame0071.jpg -0.00044238043885476116 -0.0016679159103416142 -0.4867371995581973
frame0072.jpg -0.0009181137593986883 -0.0039936969397427295 -0.7456029153335805
frame0073.jpg -0.0007876096579868446 -0.0046546825791671294 -1.281432616307261
frame0074.jpg -0.0013707428038199315 -0.009292501833933115 -1.4538790903380387
frame0075.jpg -0.00122876098347105 -0.012032062657835449 -1.6338189844045057
frame0076.jpg -0.0011062014164165649 -0.014405903931660847 -1.8598098015500777
frame0077.jpg -0.0009743786492006104 -0.016895481799433384 -2.1422647591667143
frame0078.jpg -0.0013763803048151585 -0.02065427673158926 -2.4450042997070174
frame0079.jpg -0.0014953487798913395 -0.02407337022565673 -2.4018116530447324
frame0080.jpg -0.002339748612606494 -0.030597086413740118 -2.5472515874406536
frame0081.jpg -0.001320795482359664 -0.031419627223355284 -2.6646638564998937
frame0082.jpg -0.0017947959673818535 -0.03676229645445124 -2.855795076184935
frame0083.jpg -0.001842277339650613 -0.03984343260704045 -3.0907825523382804
frame0084.jpg -0.00243946894040516 -0.04482482105215994 -3.0699519461923184
frame0085.jpg -0.002619548085981221 -0.04959372983247863 -3.381118694330137
frame0086.jpg -0.0023775972588162275 -0.05259239692352143 -3.715484020075385
frame0087.jpg -0.0027956841825612267 -0.05798060940104687 -3.7610307799771663
frame0088.jpg -0.00278346399985821 -0.057885936771773276 -3.717476518730675
frame0089.jpg -0.0027980646581711663 -0.06166259915821346 -3.8072552439974774
frame0090.jpg -0.002494369426912068 -0.06519486556622282 -3.7778723144315713
frame0091.jpg -0.0024876683087084045 -0.06957745877459069 -4.124590804110714
frame0092.jpg -0.0028727832894007467 -0.07445584100997643 -4.009497841621816
frame0093.jpg -0.0031827117804748557 -0.08237303825250508 -4.358641626820642
frame0094.jpg -0.003507330204872719 -0.08768052951278588 -4.450268529767811
frame0095.jpg -0.003544979262077655 -0.0917966406547264 -4.6667020465067335
frame0096.jpg -0.0039640996477994525 -0.09629590798129067 -4.797958288244686
frame0097.jpg -0.003935033836068372 -0.09949198317269414 -5.2362838187188085
frame0098.jpg -0.004388370251437901 -0.10427364003565903 -5.268358662901129
frame0099.jpg -0.004519155570965279 -0.10823566243414892 -5.3799971014685335
frame0100.jpg -0.004469054162061753 -0.11180349463334767 -5.52807262585227
frame0101.jpg -0.004918546932396114 -0.11675448847350675 -5.943082543459557
frame0102.jpg -0.00504063420630589 -0.12051652326359565 -5.875920311672263
frame0103.jpg -0.005361792432915603 -0.12426798695861138 -6.055328048794063
frame0104.jpg -0.0059229265218374225 -0.12945825415489598 -6.130392338015713
frame0105.jpg -0.0057624428776664955 -0.13235850362779214 -6.258537919877948
frame0106.jpg -0.005941831535494449 -0.13631656945421694 -6.437725179220383
frame0107.jpg -0.006486389479344538 -0.14115635620298295 -6.510673582306223
frame0108.jpg -0.0070153298720556645 -0.14571848845461546 -6.688406374010838
frame0109.jpg -0.008136842434449607 -0.15235114461949506 -6.777638221261225
frame0110.jpg -0.008493310070678661 -0.15644936739898038 -7.096849215199178
frame0111.jpg -0.00864112923236017 -0.1600060794936866 -7.454379349039497
frame0112.jpg -0.008736910371237321 -0.1603262320403581 -7.430481950343267
frame0113.jpg -0.009091501972220722 -0.1639233815883915 -7.717359556286386
frame0114.jpg -0.009536206973399894 -0.16814378984253991 -8.217907168357996
frame0115.jpg -0.010419023596909126 -0.17374651354850898 -8.200280297587593
frame0116.jpg -0.0111496514271629 -0.17830210065550312 -8.268222142445682
frame0117.jpg -0.011352542433481952 -0.1814566461762217 -8.204841261811131
frame0118.jpg -0.011503701639655556 -0.18659519522449255 -8.587263990695016
frame0119.jpg -0.012442437000237144 -0.19242426477639996 -1.53375271863013
frame0120.jpg -0.01310672256680438 -0.1974164803675302 -8.67588613939978
frame0121.jpg -0.013973518712275368 -0.20221693202383725 -8.971535040933679
frame0122.jpg -0.013717201696841028 -0.20335690305400864 -9.184485874958114
frame0123.jpg -0.010064673825224607 -0.19492921084709566 -9.054475858908543
frame0124.jpg -0.01617961883467328 -0.21609275420529536 -2.694964399309959
frame0125.jpg -0.017701555427405744 -0.22284593784329293 -9.623012374488956
frame0126.jpg -0.01802980363511017 -0.2252902150867649 -9.994747790983805
frame0127.jpg -0.01800623927236948 -0.22728009107415395 -10.0477105499698
frame0128.jpg -0.01884333573892891 -0.23204747591654706 -10.51205508392951
frame0129.jpg -0.017949740102009906 -0.2321278451503335 -10.297657238353356
frame0130.jpg -0.01902750719458686 -0.2377946502531923 -10.587549052330102
frame0131.jpg -0.021084286363901264 -0.24590171976146294 -10.927817954432983
frame0132.jpg -0.02112941203915515 -0.2480713666198886 -10.763034020647527
frame0133.jpg -0.0214641951350336 -0.25129972709721393 -11.035543012797062
frame0134.jpg -0.021982477456795102 -0.2546177447849163 -11.459488963236543
frame0135.jpg -0.016583363829520692 -0.2407895611337136 -11.090530370960138
frame0136.jpg -0.016412105573855 -0.24029381787547746 -11.048208706205035
frame0137.jpg -0.023026458951833403 -0.26150217052739994 -11.418906971729381
frame0138.jpg -0.025264207703228583 -0.27086344079006697 -11.566459023867507
frame0139.jpg -0.026146618918829537 -0.2759842205225897 -11.55162712331951
frame0140.jpg -0.02684737736396676 -0.28056780491983657 -6.745639271461888
frame0141.jpg -0.023155680525972028 -0.2734566120379737 -11.198223601792538
frame0142.jpg -0.021255745072974286 -0.2708830106981988 -9.873906396176935
frame0143.jpg -0.029546693695144968 -0.29665932489236546 -12.289264952649653
frame0144.jpg -0.02960169799752312 -0.2985460519346701 -12.768645554215095
frame0145.jpg -0.030311191092152277 -0.3018790461276984 -7.855469401594586
frame0146.jpg -0.031599458055182016 -0.3071179986752943 -12.532645219126715
frame0147.jpg -0.03411973437148594 -0.3160994138328756 -13.177733543448568
frame0148.jpg -0.03352474677676301 -0.31616083653694016 -12.88103221512521
frame0149.jpg -0.03491008678940785 -0.3214593630137805 -12.861260805398588
frame0150.jpg -0.03574546071033618 -0.3254442565469136 -8.751544766248664
frame0151.jpg -0.03574589317070663 -0.327448718839286 -13.045886053308866
frame0152.jpg -0.03670429279025923 -0.33167278396750577 -13.93965032508326
frame0153.jpg -0.038465418740551705 -0.3378171668946399 -9.342967300882641
frame0154.jpg -0.04016639376887757 -0.3432245154168413 -9.938308981555123
frame0155.jpg -0.04102296778453987 -0.3465700423283004 -9.833504045412585
frame0156.jpg -0.04254959205342597 -0.3530449060322741 -9.896929438370854
frame0157.jpg -0.037153341738879984 -0.3403373272445808 -11.961412276587502
frame0158.jpg -0.03936332566918617 -0.3481881831851041 -14.010735492725955
frame0159.jpg -0.043123419978373066 -0.360169352924776 -14.570145335762506
frame0160.jpg -0.045275981565248015 -0.36791588677101655 -14.760247430450402
frame0161.jpg -0.04528981953371737 -0.3679670942872594 -14.79502089638916
frame0162.jpg -0.04548255977991314 -0.36981993059836893 -15.244610915298937
frame0163.jpg -0.04684740921641901 -0.37474915381366 -14.802665605972026
frame0164.jpg -0.04904980739032959 -0.3817417388470214 -15.681048158319983
frame0165.jpg -0.04998482984244101 -0.38723089424513 -15.857090222353726
frame0166.jpg -0.04740450332325112 -0.3812568386438023 -13.904640855268278
frame0167.jpg -0.05343383166222541 -0.3983139140147306 -16.149221207400018
frame0168.jpg -0.05503785180528899 -0.4032032581611361 -16.39683269325786
frame0169.jpg -0.05630656592014593 -0.4076820772269591 -16.126501475312313
frame0170.jpg -0.05713240999641255 -0.4111984398369304 -13.853642535199823
frame0171.jpg -0.058021721139043865 -0.4144152696052802 -16.842360698089095
frame0172.jpg -0.059127358846090376 -0.4177872369360277 -17.287403771034313
frame0173.jpg -0.057308172844776614 -0.4136681832307651 -15.136788297280694
frame0174.jpg -0.06140781008120413 -0.4253033414227997 -15.409104602388027
frame0175.jpg -0.0628354878284595 -0.4304448602742455 -15.257296497028804
frame0176.jpg -0.060401183084873564 -0.425219182419585 -15.573762374124644
frame0177.jpg -0.06242051489899787 -0.4312461884588765 -17.21395404221172
frame0178.jpg -0.06290921462747381 -0.4334043594571122 -16.653629345377
frame0179.jpg -0.06708451129598457 -0.445626345314036 -17.871787391026828
frame0180.jpg -0.06822357440207928 -0.4495186691579861 -16.508010647261358
frame0181.jpg -0.06704340612287968 -0.44685856888028985 -17.93376948887219
frame0182.jpg -0.06855827051078046 -0.4507103570962145 -19.173219280344533
frame0183.jpg -0.0727219522893721 -0.462004884728519 -18.827971694182416
frame0184.jpg -0.07382279772898538 -0.4662415253782061 -17.931117207679808
frame0185.jpg -0.07385678169101438 -0.4663176693620708 -17.981179422500922
frame0186.jpg -0.07564349174637974 -0.4721418630322731 -18.518930953474225
frame0187.jpg -0.07701017134928673 -0.4766444830711901 -16.550289187734695
frame0188.jpg -0.0752723892844675 -0.4719379805994738 -19.85297310358711
frame0189.jpg -0.07907010538911223 -0.4828968935124096 -19.254087486777106
frame0190.jpg -0.08097696879513311 -0.4908940394375644 -17.94718574244089
frame0191.jpg -0.08215636834589615 -0.4941146505178523 -17.854367975747767
frame0192.jpg -0.083782110037279 -0.4979413925707639 -18.9153312489995
frame0193.jpg -0.0856363330034858 -0.5029928883711929 -17.706473541722495
frame0194.jpg -0.08455918116815714 -0.5011717570908603 -17.540702771424765
frame0195.jpg -0.08914062993998195 -0.5137558883208742 -17.049202771536013
frame0196.jpg -0.08965833550521066 -0.5152783949879491 -20.07324267529157
frame0197.jpg -0.08962413004647167 -0.5156115011080759 -19.066838753097183
frame0198.jpg -0.0919629874219074 -0.522126462322609 -18.984114468195635
frame0199.jpg -0.09397310935261738 -0.5278241301302371 -19.21641909490657
frame0200.jpg -0.0952296746073131 -0.5312452542962987 -21.13363168653865
frame0201.jpg -0.0979669931717012 -0.5378612315306862 -21.373690722369645
frame0202.jpg -0.09851605137671438 -0.5390254746396754 -21.48769117331183
frame0203.jpg -0.10010777188683148 -0.5431949839870671 -20.492440568719086
frame0204.jpg -0.10207132599565973 -0.5481342727744477 -20.88594140585688
frame0205.jpg -0.1041136753332439 -0.5532756511889125 -20.924399998233053
frame0206.jpg -0.10540441182541883 -0.5570168036062332 -21.46946162184385
frame0207.jpg -0.10709721459286307 -0.5617625980206359 -21.023410565941145
frame0208.jpg -0.10858945651221312 -0.565411717851694 -22.38235487619048
frame0209.jpg -0.10728352640878044 -0.5620852260042932 -21.470814538455336
frame0210.jpg -0.109854345287525 -0.5681380805843324 -22.465543181405334
frame0211.jpg -0.11000171739371756 -0.5680006730656681 -22.461932428848876
frame0212.jpg -0.11251350840675564 -0.5743328611484265 -20.9878121996556
frame0213.jpg -0.1147636281473021 -0.5806066176196638 -22.46560501386704
frame0214.jpg -0.11728046758847095 -0.5868424079807022 -22.805431799784397
frame0215.jpg -0.11936053099424968 -0.5915596889075244 -22.66987443335671
frame0216.jpg -0.12141128629808015 -0.5963692576658741 -22.738723349512604
frame0217.jpg -0.12329860627117516 -0.6015762274913498 -22.887067526028105
frame0218.jpg -0.12557835140414142 -0.6073733805193368 -22.56019342958841
frame0219.jpg -0.12732900575965767 -0.6113755587751898 -22.74856149153294
frame0220.jpg -0.12908008375314908 -0.6148549421369157 -23.25142956726221
frame0221.jpg -0.13064355875719286 -0.6180996928872431 -23.50104254743515
frame0222.jpg -0.13225107056725 -0.6222039665745069 -24.01423071759356
frame0223.jpg -0.13366861583012912 -0.6256807460146574 -24.399625640522622
frame0224.jpg -0.1355406499055846 -0.6297617616076733 -23.78718235825228
frame0225.jpg -0.1375666013499895 -0.6344991983427829 -23.771603734227533
frame0226.jpg -0.13985463991426386 -0.6391972819407686 -25.83292516313834
frame0227.jpg -0.14032598274928682 -0.6399712866106709 -23.226342806832648
frame0228.jpg -0.14335163360271885 -0.6465543663596416 -25.994231627943854
frame0229.jpg -0.14347425349969853 -0.6457543809478938 -25.511384115984768
frame0230.jpg -0.14554978339903274 -0.6499829437668545 -25.990889564597808
frame0231.jpg -0.1492961694536421 -0.6596382574675973 -24.417335002810415
frame0232.jpg -0.1503532196632435 -0.6617725415470891 -25.696772948873342
frame0233.jpg -0.15039652027789546 -0.6618651085364747 -25.70608829009654
frame0234.jpg -0.1513527667642916 -0.6628657011895654 -27.34073018952189
frame0235.jpg -0.15253735702214494 -0.6653181951846607 -26.95694596614215
frame0236.jpg -0.15333266034526108 -0.6674269675705718 -26.21488336336264
frame0237.jpg -0.1538551550831498 -0.6703778171315734 -26.349403910141767
frame0238.jpg -0.15916362996741704 -0.6827052956031627 -24.50759993726097
frame0239.jpg -0.1610858046336521 -0.6861111315357085 -24.499899142111285
frame0240.jpg -0.1621115515725992 -0.6870751373195151 -27.097115163322663
frame0241.jpg -0.1655212431585758 -0.6951123026906403 -25.46755991478588
frame0242.jpg -0.16751967434426754 -0.6996270457753381 -26.873208251276818
frame0243.jpg -0.1696614137435023 -0.7040011814064323 -27.126627051167656
frame0244.jpg -0.17052497519684975 -0.7047204610133749 -27.195392864257606
frame0245.jpg -0.17217182976374995 -0.7075253911429294 -26.682319061020287
frame0246.jpg -0.17399713312792894 -0.710646993948481 -28.579025245908728
frame0247.jpg -0.1757961237734954 -0.7140134189029915 -28.315396778585725
frame0248.jpg -0.17941206775531215 -0.7219132307740727 -28.907589212344003
frame0249.jpg -0.18201851316092085 -0.7265441553261964 -28.555767622077962
frame0250.jpg -0.1844618730188821 -0.7311377714520868 -28.700631495511765
frame0251.jpg -0.1864148923292092 -0.7350451653336161 -28.680784619317603
frame0252.jpg -0.18853974594552209 -0.7390011814521544 -28.84747674915501
frame0253.jpg -0.19047020133266732 -0.7429225771319948 -28.83027298271017
frame0254.jpg -0.1922326379073678 -0.7462842862781451 -29.12577409143993
frame0255.jpg -0.19408630442806754 -0.7500075002438289 -29.31552876798924
frame0256.jpg -0.1960339800535837 -0.7537806184311477 -29.410991459509372
frame0257.jpg -0.19602500643318216 -0.7537580155838461 -29.41116373250871
frame0258.jpg -0.1970630997804657 -0.754384044765676 -29.258991338063158
frame0259.jpg -0.19952031443527746 -0.7591887751973299 -30.09194998812604
frame0260.jpg -0.200825433437456 -0.7608246858727221 -30.137169476000015
frame0261.jpg -0.20475804271733974 -0.7680770144814979 -30.044132155308642
frame0262.jpg -0.2077705228900084 -0.7737039018340623 -30.842799277471094
frame0263.jpg -0.21031101411590955 -0.7779972574394257 -31.010610123507327
frame0264.jpg -0.21186621617261167 -0.7797547249116129 -30.528137164590877
frame0265.jpg -0.21423750777300424 -0.7843243576157032 -30.91186866535725
frame0266.jpg -0.21722776066407776 -0.7901311440606642 -32.45548225943816
frame0267.jpg -0.2194751117385524 -0.7943056802914964 -31.856637946775518
frame0268.jpg -0.22154758977470004 -0.7971263255972618 -32.38330303726783
frame0269.jpg -0.22300421035862944 -0.798453371324638 -31.37902031989609
frame0270.jpg -0.22557876348755 -0.8033901998949181 -31.53137976096135
frame0271.jpg -0.2280435452407512 -0.8075545951163721 -31.731647725754065
frame0272.jpg -0.23023925029479744 -0.8113543040140475 -31.91981936572997
frame0273.jpg -0.23234893411250995 -0.8141769611819968 -32.27074732173738
frame0274.jpg -0.2345977680934001 -0.8176393320107721 -32.662713507467345
frame0275.jpg -0.2372661231541855 -0.8227913554896894 -32.83931981864177
frame0276.jpg -0.2396276448911941 -0.8265870549558068 -33.532544038812624
frame0277.jpg -0.2415990391108093 -0.8293094410827689 -32.62367196384836
frame0278.jpg -0.2436506356310761 -0.8323304205710426 -33.492896129419776
frame0279.jpg -0.2456583559894351 -0.8355552953892558 -32.406623781057085
frame0280.jpg -0.2483198468220888 -0.8404519383975461 -33.73286260936492
frame0281.jpg -0.2478665507225598 -0.8384670762972121 -33.57538935911405
frame0282.jpg -0.25058402136834806 -0.8438293009883443 -33.76895585930898
frame0283.jpg -0.2527810512363372 -0.8468403269684188 -33.06545939760217
frame0284.jpg -0.25451680368756474 -0.8488149081292222 -33.163846878504074
frame0285.jpg -0.2593656100575913 -0.8571136231422732 -33.73515862691499
frame0286.jpg -0.2623288053684961 -0.8627342076010525 -34.77732217179389
frame0287.jpg -0.2648322255235394 -0.8660433713767786 -35.08509007068549
frame0288.jpg -0.2669632092576898 -0.8683819939206535 -34.15169966107141
frame0289.jpg -0.2695247933426318 -0.8717297888430418 -34.265492903665645
frame0290.jpg -0.27183832625126425 -0.8750408476893258 -34.25999595853329
frame0291.jpg -0.2745950112171805 -0.8798901788163945 -35.187258435391875
frame0292.jpg -0.2769177759966188 -0.8834829750013716 -35.360433197579006
frame0293.jpg -0.2789344665430353 -0.8865067940975376 -34.870628004094726
frame0294.jpg -0.2814817625506221 -0.8901149295982361 -34.95136654226449
frame0295.jpg -0.2841119465816977 -0.8936500928226891 -35.256920281910915
frame0296.jpg -0.2864823740169557 -0.8959041133608677 -35.51919944785893
frame0297.jpg -0.2890016070295271 -0.9004192038900373 -35.55204642328529
frame0298.jpg -0.2916817700165786 -0.9040787751971788 -35.5486847920161
frame0299.jpg -0.2944660606861425 -0.9064314225716832 -35.984553253844254
frame0300.jpg -0.2969833369296305 -0.9097552598984764 -35.87052670530897
frame0301.jpg -0.299478139390256 -0.9146567374285104 -36.51572608698966
frame0302.jpg -0.30196513307041634 -0.9179853134558954 -36.58497624789925
frame0303.jpg -0.30444522466946805 -0.9220162502048934 -36.706142808968394
frame0304.jpg -0.3072508080633272 -0.9250163620471044 -36.91253811800845
frame0305.jpg -0.3072590106933736 -0.9248411415130652 -36.93115952617689
frame0306.jpg -0.30957708131886336 -0.9283438544378788 -37.055722516325055
frame0307.jpg -0.3123510349257884 -0.9307157600956816 -37.444178246246366
frame0308.jpg -0.3148829585763591 -0.9349497294012834 -37.317066298395844
frame0309.jpg -0.32035553305074593 -0.9417788892069154 -37.84103025757001
frame0310.jpg -0.3230522030959945 -0.9458886415714988 -38.488976316111845
frame0311.jpg -0.3257384159814699 -0.9482854495108896 -37.92381114381197
frame0312.jpg -0.3284912531929856 -0.9521406740206688 -38.67161565528377
frame0313.jpg -0.3311146441353463 -0.9563607592786944 -38.89970604063678
frame0314.jpg -0.3341660296467421 -0.9583497663817264 -38.636663083999366
frame0315.jpg -0.336833369474186 -0.9615434184453466 -38.741273993497245
frame0316.jpg -0.3392672064371496 -0.96642085466344 -39.76207765537127
frame0317.jpg -0.3419931509836087 -0.9696901774731576 -39.47503029925643
frame0318.jpg -0.3446270903507748 -0.9723403326021044 -39.432378802254604
frame0319.jpg -0.34742165421505344 -0.9756830896040432 -39.718389880174726
frame0320.jpg -0.3501636799411926 -0.978631079443385 -40.107836453433904
frame0321.jpg -0.3531686118527694 -0.9813385786987908 -39.57520127516812
frame0322.jpg -0.3553929409880291 -0.98577529762651 -40.39577073135766
frame0323.jpg -0.3585699055970223 -0.9881797005516236 -39.985097434104325
frame0324.jpg -0.3610682745015609 -0.9915384976716676 -40.2477938529872
frame0325.jpg -0.3631258131986447 -0.9958424104153364 -40.67164522196163
frame0326.jpg -0.3655481205459571 -0.9988103848533256 -40.770771484242225
frame0327.jpg -0.3685135940633693 -1.002101859344004 -41.075967586835134
frame0328.jpg -0.3712333067835051 -1.0055707303455228 -40.95841523391943
frame0329.jpg -0.3712991732803285 -1.0055068698290492 -40.97071276894247
frame0330.jpg -0.374128935182104 -1.0086283366453457 -41.50058203696026
frame0331.jpg -0.3765425759242691 -1.011722760165925 -41.343388058308406
frame0332.jpg -0.3792422935197338 -1.0153984956620237 -41.76818851369568
frame0333.jpg -0.38219591275320003 -1.0189196350126049 -42.180231262247254
frame0334.jpg -0.3881768094968871 -1.0249722535327284 -42.08113512476992
frame0335.jpg -0.3906509442571551 -1.0283203939447547 -41.972411023310435
frame0336.jpg -0.393450031028977 -1.031515704233304 -42.475309672819726
frame0337.jpg -0.39624263942366666 -1.0344375551698046 -42.44367344321814
frame0338.jpg -0.3998235305814611 -1.0370828430833638 -42.2038864454023
frame0339.jpg -0.4018151860512253 -1.0406842060030712 -42.89887241823713
frame0340.jpg -0.4046964756165729 -1.0440746325482189 -43.006192590401405
frame0341.jpg -0.4076357386153901 -1.0470622901292048 -43.33838877920434
frame0342.jpg -0.410461463002065 -1.0502052350448037 -43.41804130011678
frame0343.jpg -0.4132449786559639 -1.0532101380935204 -43.617896583468706
frame0344.jpg -0.4159140118566861 -1.0564292667738846 -43.90733036163909
frame0345.jpg -0.4191538661939891 -1.059809500191037 -44.167027698652475
frame0346.jpg -0.42255373641733207 -1.0631305153572734 -44.10573152993979
frame0347.jpg -0.4260601843706737 -1.0662673736546306 -43.919546765689375
frame0348.jpg -0.4285062691385825 -1.0694949307985528 -44.238523633104364
frame0349.jpg -0.4317096114294692 -1.0726506420308233 -44.171724467454055
frame0350.jpg -0.4339816094862887 -1.0756422795850722 -44.56187357029057
frame0351.jpg -0.4369851593378686 -1.07864742049774 -45.092014449354274
frame0352.jpg -0.4398254635682185 -1.0815045537352772 -45.171002383003646
frame0353.jpg -0.4398955055596827 -1.0815091652787925 -45.2455283842675
frame0354.jpg -0.4427387438427399 -1.0842534019308825 -45.526962504379206
frame0355.jpg -0.4457831186997106 -1.0873985810376179 -45.792415873709466
frame0356.jpg -0.44908062558666817 -1.0909415253162384 -45.37762355286053
frame0357.jpg -0.454774154890519 -1.0966230778966564 -46.33077575179733
frame0358.jpg -0.4599219379900487 -1.1003299597990537 -45.4667228010461
frame0359.jpg -0.4611451564148647 -1.1029246630647738 -46.65351522732567
frame0360.jpg -0.4641072244872171 -1.105899266492214 -46.22042698190327
frame0361.jpg -0.4668056656046722 -1.1086575966553294 -47.0378193942434
frame0362.jpg -0.4707720061334189 -1.1118655582230272 -46.434710903007925
frame0363.jpg -0.4748840518605423 -1.1149674640396925 -46.445975065860644
frame0364.jpg -0.4761126803245194 -1.117595618132336 -47.000057051382534
frame0365.jpg -0.4795210945209006 -1.1207022059828478 -47.11920771072722
frame0366.jpg -0.4827878947013043 -1.1234954817157206 -47.85447416954418
frame0367.jpg -0.4856710666887138 -1.1263470928181911 -47.42557742451422
frame0368.jpg -0.4880158129772085 -1.128923015824428 -48.47665867233039
frame0369.jpg -0.491509373015779 -1.1320454013297143 -47.532740505181685
frame0370.jpg -0.4944838609366555 -1.135066285178873 -47.82897807057265
frame0371.jpg -0.4980260488954482 -1.138272748356978 -47.883786789860295
frame0372.jpg -0.5013037189972742 -1.1410887669037777 -47.973707176313255
frame0373.jpg -0.5042250774018646 -1.1438070138417824 -48.039778091780846
frame0374.jpg -0.5064768435677273 -1.146666563392455 -48.3874595196575
frame0375.jpg -0.5103662240418138 -1.1497812618343322 -48.31774879698258
frame0376.jpg -0.5131684292314284 -1.1524275563965662 -48.53005240419497
frame0377.jpg -0.5128004534938583 -1.1521399957012122 -49.55895082475955
frame0378.jpg -0.5158954813707135 -1.1551359484997024 -48.86529782653982
frame0379.jpg -0.5191422818846659 -1.1581663584834394 -50.0365226266746
frame0380.jpg -0.5224311122744687 -1.1610512074080739 -50.268628817604025
frame0381.jpg -0.5298856068974392 -1.1667680312189086 -49.02226979364847
frame0382.jpg -0.5288463646379096 -1.1662429927514637 -50.42193200230986
frame0383.jpg -0.532849169706804 -1.169347484390042 -49.3080804171713
frame0384.jpg -0.5394407782536302 -1.174905558788832 -49.652232029686616
frame0385.jpg -0.5427974959944123 -1.177478129525962 -49.75909583961954
frame0386.jpg -0.5465622340796598 -1.1805227026893403 -49.71831292052144
frame0387.jpg -0.5497486519562877 -1.1833527331760212 -50.09820631315082
frame0388.jpg -0.5520907501292678 -1.1857434251882697 -52.021731414756104
frame0389.jpg -0.5555084044199203 -1.1887814150804952 -50.514472610716716
frame0390.jpg -0.5590187813189806 -1.1917524088874634 -50.49914407228686
frame0391.jpg -0.561537226616643 -1.1942090311215667 -50.59042331956868
frame0392.jpg -0.5651695363601141 -1.197043399390925 -52.459214415370255
frame0393.jpg -0.5686642971594261 -1.200145197810182 -50.96129350238957
frame0394.jpg -0.5724569289196731 -1.2031430673418289 -51.184506748128975
frame0395.jpg -0.5757654238502597 -1.2053479118904848 -52.77051174416067
frame0396.jpg -0.5845367818618042 -1.210810384516693 -50.68477325898419
frame0397.jpg -0.5834955112072056 -1.2112466320225737 -51.27839277167592
frame0398.jpg -0.5857873868011958 -1.213443684533721 -51.44936251214984
frame0399.jpg -0.5942422943417992 -1.2186584345104066 -51.11827741606761
frame0400.jpg -0.597157637566582 -1.2211182667509242 -51.5128082850688
frame0401.jpg -0.5923952101678963 -1.2185633068989945 -53.79285046647026
frame0402.jpg -0.5954881949182095 -1.2213302898209542 -52.18273526226443
frame0403.jpg -0.5993250517405814 -1.2244309460429637 -52.29417774868421
frame0404.jpg -0.6024149419445283 -1.2270859270302459 -52.59373218305521
frame0405.jpg -0.6092922883025012 -1.2322567709487735 -52.85603597042483
frame0406.jpg -0.6199549460250012 -1.2389815558892308 -52.67185609638847
frame0407.jpg -0.6159000747837777 -1.237775468010473 -53.13554790600006
frame0408.jpg -0.6201297270760955 -1.2407100257108683 -53.34488917407436
frame0409.jpg -0.6233259486747731 -1.2431676498576636 -53.42946951561035
frame0410.jpg -0.6271066708352757 -1.2460561117973818 -53.41009388849026
frame0411.jpg -0.6295310244050487 -1.2479930699299038 -53.80047281569802
frame0412.jpg -0.6332232696888793 -1.2506559726738098 -53.90750081736346
frame0413.jpg -0.6362587101459483 -1.2529933160562252 -54.324990716428054
frame0414.jpg -0.6399555714426384 -1.2554830714632663 -54.28682434386477
frame0415.jpg -0.6446586664592288 -1.2586329451573564 -54.44622610019634
frame0416.jpg -0.6477926043493784 -1.2609453158163808 -54.65269184138571
frame0417.jpg -0.6510852120567562 -1.263276807391028 -54.703145054541935
frame0418.jpg -0.6546663127424049 -1.2654964979023398 -57.864782737432215
frame0419.jpg -0.6578371396680884 -1.2678702531625154 -55.13319607896365
frame0420.jpg -0.6606756072651958 -1.2700875021795677 -58.45757967493441
frame0421.jpg -0.6645110895354733 -1.2729025901421236 -55.32220982212085
frame0422.jpg -0.6680529004742624 -1.275339810221132 -55.423340630426225
frame0423.jpg -0.6730406562768468 -1.2786551985512056 -55.46627478101882
frame0424.jpg -0.6762404605269368 -1.2809780753680988 -55.70024054250429
frame0425.jpg -0.6753008639952139 -1.2804222656388058 -59.06868410296665
frame0426.jpg -0.680978790156933 -1.2844331984614443 -55.82420819929324
frame0427.jpg -0.6819422091747755 -1.2855624569089636 -56.1995079581211
frame0428.jpg -0.6874315409498261 -1.2888674180632809 -56.237342899120605
frame0429.jpg -0.6927431832094281 -1.2927341052132206 -56.53938165645042
frame0430.jpg -0.6931679518951257 -1.2929985828468502 -56.608728346456864
frame0431.jpg -0.697368355030276 -1.2950332864082137 -59.6407710874381
frame0432.jpg -0.6996191773361352 -1.295751572296011 -59.84591210285762
frame0433.jpg -0.7000283535275635 -1.2954561377552118 -59.84604627414264
frame0434.jpg -0.7071487195741452 -1.2990931191366422 -56.67547688463425
frame0435.jpg -0.7010766094862378 -1.2955082266735327 -59.749225833011295
frame0436.jpg -0.7011892591238856 -1.2955733576748063 -59.77848076104943
frame0437.jpg -0.7009232784323952 -1.29542712818047 -59.80868767845701
frame0438.jpg -0.7008809371508126 -1.295412005987999 -59.82639194029323
frame0439.jpg -0.7009603051460371 -1.2954574883470866 -59.80621624866309
frame0440.jpg -0.7017499187042682 -1.2959451422864599 -57.047028554717805
frame0441.jpg -0.7016779922671279 -1.2959053535863414 -57.03631112425746
frame0442.jpg -0.7017014233011226 -1.295908434464667 -57.04714703683847
frame0443.jpg -0.7019154013873283 -1.2960120869076772 -57.04052126406661
frame0444.jpg -0.7008345066906608 -1.2953147406739378 -59.66459951460612
frame0445.jpg -0.7007648951879274 -1.2953142488654008 -59.79341067154541
frame0446.jpg -0.7018284602870243 -1.2959679780698892 -57.082769901899404
frame0447.jpg -0.7006669330433776 -1.2952521663145078 -59.761802262945615
frame0448.jpg -0.7008900150433888 -1.2953804191219744 -59.91512095084594
frame0449.jpg -0.7008900150433888 -1.2953804191219744 -59.91512095084594
frame0450.jpg -0.7013222631739406 -1.2956850369607724 -57.1725127768217
frame0451.jpg -0.7010710095776398 -1.2955362381498663 -57.217300853875095
frame0452.jpg -0.7006307313652647 -1.2952259849970469 -59.8933989818902
frame0453.jpg -0.7017462635000434 -1.295908350701921 -57.09367902099282
frame0454.jpg -0.7012771408434998 -1.295646929433424 -57.145093963566254
frame0455.jpg -0.7016794317187192 -1.295874502957956 -57.0840958531731
frame0456.jpg -0.7015874647053209 -1.2958202480660042 -57.10211935074314
frame0457.jpg -0.7017278579604215 -1.2959031211982166 -57.071635907777065
frame0458.jpg -0.7012990998051134 -1.2956568101444959 -57.1600438564073
frame0459.jpg -0.7015853037316164 -1.2958153204065013 -57.0935557114665
frame0460.jpg -0.7009274937739682 -1.2953842991877584 -59.87317961412325
frame0461.jpg -0.7008824113144904 -1.2953567582876646 -59.809239333521575
frame0462.jpg -0.7009230279553225 -1.2953822368703178 -59.846626743996545
frame0463.jpg -0.7006608348858396 -1.2952346444290703 -59.741874994232155
frame0464.jpg -0.7006661545117592 -1.2952390542838292 -59.73090561494792
frame0465.jpg -0.7008599532056622 -1.2953554842566493 -59.764065720113784
frame0466.jpg -0.7008596418168206 -1.2953374608975765 -59.8691510587924
frame0467.jpg -0.700593222274157 -1.2951808408681404 -59.742477994896575
frame0468.jpg -0.7021845631058378 -1.2961644058762352 -57.0560345630164
frame0469.jpg -0.7022535739505171 -1.2962051422489616 -57.0538661273988
frame0470.jpg -0.7022306271073793 -1.296191115045403 -57.056338305926154
frame0471.jpg -0.7020538287045601 -1.2960962531041795 -57.06838652792189
frame0472.jpg -0.7012098166303146 -1.2955795753038677 -57.096546433242786
frame0473.jpg -0.7015116719049777 -1.2957342590646008 -57.073062194695
frame0474.jpg -0.7011019003451666 -1.2955440506937843 -57.154936118208475
frame0475.jpg -0.7007423044134953 -1.2952738012830936 -59.76703693221318
frame0476.jpg -0.7020382715142385 -1.2960592879508588 -57.000441711028316
frame0477.jpg -0.7006557539046391 -1.2952148053593096 -59.720126609008474
frame0478.jpg -0.7007090450119794 -1.2952417072758673 -59.78216977898811
frame0479.jpg -0.700624704354464 -1.295192180066712 -59.75777731918464
