frame0000.jpg 0.0 -0.0 -0.0
frame0001.jpg 0.0002890316708008108 -0.000529672068925376 -0.033372108854558456
frame0002.jpg -0.0009357836203437678 0.001153383259824856 -0.05524661193187853
frame0003.jpg -0.0003114280087397644 0.00039948059898725424 0.013723376535907768
frame0004.jpg -0.0003117570237864371 0.00040034077630604034 0.007995069362157426
frame0005.jpg -0.0003117570237864371 0.00040034077630604034 0.007995069362157426
frame0006.jpg -0.0011003090177425351 0.0013798019410859118 -0.0687773191683513
frame0007.jpg -0.0011588197625886812 0.001478604668367076 -0.08586263260789231
frame0008.jpg -0.0014896250856293734 0.002121474080085866 -0.053072313878057886
frame0009.jpg -0.0013436759448978172 0.0019131989345323812 -0.03456418007993139
frame0010.jpg -0.0013436759448978172 0.0019131989345323812 -0.03456418007993139
frame0011.jpg -0.0004899262144422564 0.0006418702655650696 -0.011584435004568749
frame0012.jpg -0.000862614688178782 0.0011937628718252458 -0.03570931615181944
frame0013.jpg -0.0004802355669923452 0.0005095011236624356 0.01461553025057905
frame0014.jpg -0.00094987399015276 0.0013029552514541144 -0.018950096249914818
frame0015.jpg -0.0015023925088308646 0.0021112289471877767 0.015021545221833929
frame0016.jpg -0.001521788097373642 0.002146793733759711 0.01905014121602542
frame0017.jpg 0.0003278988197729627 -0.0006665613237858857 -0.06999062231161064
frame0018.jpg 0.0004957590148754997 -0.00093050733784919 -0.08222424791394282
frame0019.jpg 9.556036122066356e-05 -0.0003163896460946098 -0.07317476205286279
frame0020.jpg 0.00024245945015383564 -0.0004862074009161472 -0.09524432851014693
frame0021.jpg -0.0002546643507453801 0.00021180160749178503 -0.06303696676760027
frame0022.jpg -0.00021960836966868652 0.00017910256131424483 -0.059318643542998775
frame0023.jpg -0.0007022481748460887 0.0009134872569249939 0.03086455301780508
frame0024.jpg -0.0013654912677944454 0.0019398355612415933 0.011559524326480572
frame0025.jpg -0.0014943977246684582 0.002054658405180844 -0.005975966733195829
frame0026.jpg -0.0014943977246684582 0.002054658405180844 -0.005975966733195829
frame0027.jpg -0.0005992424763139055 0.0007623958112394938 -7.119805369402325
frame0028.jpg -0.0021398033787998227 0.003005177904365841 -0.05648629679795832
frame0029.jpg -0.00042848900775538623 0.00046442390415604885 -7.1180661888902685
frame0030.jpg -0.00039018955586098445 0.0005345136373591827 0.024066296076532483
frame0031.jpg 4.4879637918892354e-05 -0.00018747678135192468 -0.01011956239067779
frame0032.jpg 6.739237001077872e-05 -0.00025161484091933893 -0.05373742262161275
frame0033.jpg 0.0001986724539513281 -0.000432502167957251 -0.06205939229075475
frame0034.jpg 0.00017524184687336768 -0.00037783473894591917 -0.05486051380660181
frame0035.jpg -0.00015704147950963758 0.0001440580115545309 -0.04591049414823432
frame0036.jpg -0.0003613633755715777 0.00046125695384887196 -0.05052587008417851
frame0037.jpg -0.00027621618607619804 0.0003270722145020076 -0.034239156073295376
frame0038.jpg -9.362482348961451e-05 6.575035915081626e-05 -0.05884280680392469
frame0039.jpg -0.0002479508661033566 0.00030702077062354325 -0.04480387555874808
frame0040.jpg 3.9388817120766886e-05 -0.00014354132908805245 -0.047586324448478434
frame0041.jpg -0.00022813587949551997 0.00024113556385304584 -0.008090826961065627
frame0042.jpg -0.00020817920172172362 0.0002076180483545233 -0.02524644132695273
frame0043.jpg -0.0002165914674231027 0.00021575908450716048 -0.032398490090871146
frame0044.jpg 0.0005739702583704652 -0.0010407062301859393 -0.029459881840663667
frame0045.jpg 0.0007248882841105548 -0.0012742539169850412 -0.07032331061770343
frame0046.jpg 8.012494487489967e-06 -0.00017153173602392838 -0.07186464734555845
frame0047.jpg 3.594697393476465e-05 -0.00021330580334682957 -0.03626737309223935
frame0048.jpg -0.0002190939754922404 0.00015438401863909488 -0.027274452891402387
frame0049.jpg -0.0002830643828750335 0.00025222135506716123 -0.027143933491907333
frame0050.jpg -0.00033877219029415726 0.00033821035045615387 -0.044940454223832235
frame0051.jpg 0.0004080703506702505 -0.0007913317061847001 -0.047742005551416215
frame0052.jpg 9.802821829555171e-05 -0.00028319748054127366 -0.08245543474040919
frame0053.jpg 0.0005326383415253261 -0.0009789099614981496 -0.060933229200257025
frame0054.jpg 0.0005587252111730334 -0.0010162368215098905 -0.06148975651882942
frame0055.jpg 0.0005377620987900374 -0.000987428837486298 -0.05754176835111599
frame0056.jpg 0.0005366261791060237 -0.0009772521999211335 -0.0593613445265773
frame0057.jpg 0.0005773182961320067 -0.001056288858612804 -0.04451041025536544
frame0058.jpg 0.0004957951715914787 -0.0009418114057578472 -0.038757491923358485
frame0059.jpg -0.000272625145646484 -0.0004965798406264918 -7.150615992595982
frame0060.jpg -0.013143655687827372 0.016998892620644367 -1.1683787096228695
frame0061.jpg -0.002593154287136289 -0.0007566517407453399 1.1545284630045871
frame0062.jpg -0.0033904597660849656 -0.002636833852803132 1.393614909610681
frame0063.jpg -0.003658327464752712 -0.0052671306722459855 2.04466126820616
frame0064.jpg -0.002780498170599897 -0.010014330355956173 -5.0042269845407645
frame0065.jpg -0.003658058549840007 -0.012282379524578493 2.9962599192535917
frame0066.jpg -0.004344843597708096 -0.014953894192969953 3.3178320133867003
frame0067.jpg -0.0053439359455520075 -0.017081316845528063 -3.1065081838965867
frame0068.jpg -0.007185567690705584 -0.01825686940751953 4.6453227467851725
frame0069.jpg -0.006602344614875568 -0.02312433866565654 5.061577125064466
frame0070.jpg -0.008148055029376558 -0.0245618793886016 5.986679910058048
frame0071.jpg -0.00872881076157125 -0.02731908344596552 6.2733224294213406
frame0072.jpg -0.008754811893805703 -0.03117966614300895 7.009288908484485
frame0073.jpg -0.011091875982608482 -0.03170035566937954 7.36747100560429
frame0074.jpg -0.009463065073899195 -0.03786443029867766 7.764869506954072
frame0075.jpg -0.009442636041981816 -0.037868428944529416 7.774462412289639
frame0076.jpg -0.01076034681395428 -0.044719557965430506 2.068674318541403
frame0077.jpg -0.01329313658976159 -0.04560575710989355 2.424704729354904
frame0078.jpg -0.013282090911093464 -0.04969974011456453 10.088189901884293
frame0079.jpg -0.012732659753732814 -0.05424837323722927 11.032245274860909
frame0080.jpg -0.01464115521288274 -0.05564515624367408 11.1354396464942
frame0081.jpg -0.013638175156235052 -0.06077774578198256 4.74914310487933
frame0082.jpg -0.015680532236400337 -0.061956073343042935 12.636202677126146
frame0083.jpg -0.015611783194786118 -0.0658495422301591 13.038112250337965
frame0084.jpg -0.015452211663653015 -0.06997569411024437 13.580693159680193
frame0085.jpg -0.01697505061443052 -0.07209005491933722 13.958812329942456
frame0086.jpg -0.017357679612679394 -0.07571929952009747 14.690668449993524
frame0087.jpg -0.01656569946594944 -0.08098176533165376 14.914172031286375
frame0088.jpg -0.01824410942899257 -0.08315368269012682 15.563224981010695
frame0089.jpg -0.017714093697174017 -0.08788654945256971 15.919161722570871
frame0090.jpg -0.017834882680396857 -0.09170022804314082 16.57987890550541
frame0091.jpg -0.01887789480300116 -0.09470663351124012 17.038723586046306
frame0092.jpg -0.019068616297649842 -0.09886509543814463 11.159565839043076
frame0093.jpg -0.02016706096431144 -0.10182893179302116 17.80693962709238
frame0094.jpg -0.019549473851692912 -0.107154739018107 11.925811134543213
frame0095.jpg -0.019757941275482242 -0.11129594978069894 12.189606747040695
frame0096.jpg -0.02034511097451026 -0.11448636624253508 19.227024376293773
frame0097.jpg -0.02081341234313834 -0.11809466576419772 19.533933644774553
frame0098.jpg -0.020604272838856904 -0.12220152565335204 20.15175461492664
frame0099.jpg -0.021115849758512373 -0.12563330809745932 14.559997870511506
frame0100.jpg -0.02340065774978373 -0.12725019597530254 21.221423974299352
frame0101.jpg -0.02300966801310223 -0.13223935218640825 21.23963971070232
frame0102.jpg -0.023006690103861475 -0.13682977318542047 21.698470114879857
frame0103.jpg -0.022658701042781542 -0.1416001709538308 22.007192733445677
frame0104.jpg -0.022912004201152587 -0.14577625417785528 22.325256954134755
frame0105.jpg -0.02269438964845165 -0.15041354557124895 22.717817569195404
frame0106.jpg -0.02229642354362333 -0.15502505294784133 23.351809667631226
frame0107.jpg -0.023008687663549625 -0.1584551331831804 23.602711949383067
frame0108.jpg -0.022933190323448337 -0.1625518597011308 23.91401356923377
frame0109.jpg -0.022264996313859392 -0.1670948990860601 24.00812112873703
frame0110.jpg -0.02266784135574399 -0.17039133445067425 24.485037173069855
frame0111.jpg -0.0225702466900444 -0.1742864432428447 24.889446202187962
frame0112.jpg -0.021506632703301817 -0.17908542326466725 25.49403251922309
frame0113.jpg -0.021313022334628142 -0.18292450038754265 26.011605579645533
frame0114.jpg -0.02206831034151269 -0.1861899216563601 26.17773147266766
frame0115.jpg -0.020198668463718483 -0.1913721795687001 26.609197789323677
frame0116.jpg -0.02006239290824869 -0.1951485726424736 21.7722825203913
frame0117.jpg -0.01964922934732247 -0.19879998417422576 22.868380405239677
frame0118.jpg -0.01966341669154947 -0.20198857506122234 27.867821944343053
frame0119.jpg -0.01862030468300736 -0.20608438860970127 28.503559632141844
frame0120.jpg -0.0197086824497131 -0.20815846456154205 29.038386626009913
frame0121.jpg -0.01844205019685592 -0.21243047953353444 29.60464285429203
frame0122.jpg -0.016491769113137475 -0.2170301034268756 30.16831050103282
frame0123.jpg -0.015695135432780342 -0.22068394148979126 30.46597650438392
frame0124.jpg -0.015539895115819059 -0.2235804999196893 31.132917596652803
frame0125.jpg -0.0144548732644708 -0.2270651738021561 31.64085199248407
frame0126.jpg -0.013925339056649584 -0.2304013797269947 27.873995326247698
frame0127.jpg -0.0126919870361952 -0.2343042545329802 28.253501081340698
frame0128.jpg -0.015252852717351675 -0.2347819093759822 33.26039414773185
frame0129.jpg -0.011027872055109578 -0.2412128446958376 29.35272388130149
frame0130.jpg -0.010356175833643788 -0.2447530001502296 33.9980746100546
frame0131.jpg -0.010750873911256677 -0.2472078479778763 34.5733619109864
frame0132.jpg -0.009066051020675564 -0.2516405417927529 35.04149038584202
frame0133.jpg -0.009762049533826755 -0.25426519561630795 35.68930105139451
frame0134.jpg -0.008039613432506837 -0.2586811695600805 36.24611896039684
frame0135.jpg -0.005814930856712738 -0.2633030218008601 32.790601327243444
frame0136.jpg -0.00592761446113059 -0.2659402899162568 37.30960719384111
frame0137.jpg -0.005219012729474837 -0.2692779393278961 37.68343765122944
frame0138.jpg -0.002602473239986525 -0.2742022440978012 38.143200273345975
frame0139.jpg -0.0020065127821763677 -0.2775249887702708 38.57345148543905
frame0140.jpg -0.001488151441414523 -0.2811303295235764 39.102712940127894
frame0141.jpg 0.0005063990590451345 -0.2854609172050825 36.204800540277205
frame0142.jpg 0.0018173125947814066 -0.2894182477455653 36.603984917136266
frame0143.jpg 0.001916084206799479 -0.2921863377482469 40.410484339706784
frame0144.jpg 0.004099987414613551 -0.29677757803613336 40.923162171134074
frame0145.jpg 0.005258310468515061 -0.3008684868398441 38.02647936179585
frame0146.jpg 0.00524924733069375 -0.3039977539308782 41.707563483167185
frame0147.jpg -0.00025898469447771516 -0.3035587933804186 40.93901233281654
frame0148.jpg 0.007195586792896919 -0.3115049039961956 42.671875145548384
frame0149.jpg 0.009163829792063248 -0.3158438276769722 43.22788749555386
frame0150.jpg 0.011715416724634524 -0.3204868696150885 43.50842694242974
frame0151.jpg 0.01332840617587816 -0.324578816134288 43.553437437621575
frame0152.jpg 0.014047313570570472 -0.328197665640506 44.12906821586189
frame0153.jpg 0.01630909498541054 -0.3328746489375601 41.63709149234458
frame0154.jpg 0.015918071695507918 -0.3358371345937982 44.83927845673785
frame0155.jpg 0.018328594675173268 -0.3405864401957932 45.17854029805459
frame0156.jpg 0.020637475120175202 -0.3452539391303417 42.51524584101615
frame0157.jpg 0.02102121818012941 -0.3484365103339803 45.566345764512434
frame0158.jpg 0.023348382617008227 -0.35283065691122545 45.74494431823278
frame0159.jpg 0.02682506396804385 -0.3576742573000078 43.40016495203125
frame0160.jpg 0.027368675115412272 -0.3607332109071848 46.853552652811054
frame0161.jpg 0.029591646894506718 -0.3650630974860684 47.23628678962556
frame0162.jpg 0.03139098810610727 -0.3690812236903437 45.18214705094356
frame0163.jpg 0.032257586349792984 -0.3724067200006059 47.898714696740655
frame0164.jpg 0.03487555195246145 -0.3768362768237608 48.08008451716009
frame0165.jpg 0.036553243981285205 -0.3805595445062369 48.383335534321844
frame0166.jpg 0.0378586874301787 -0.3840492586563593 48.689292003634385
frame0167.jpg 0.04038679411994284 -0.3879695782572261 49.23509752869517
frame0168.jpg 0.042378493378231664 -0.3917891402553653 47.685831134172446
frame0169.jpg 0.04042473479348016 -0.39346621461670095 48.70208015836556
frame0170.jpg 0.04617283389151466 -0.3985318771392371 50.35175717893582
frame0171.jpg 0.04348564712798386 -0.400209344687973 50.11970082169601
frame0172.jpg 0.04932505016142827 -0.4052413186778573 51.2222056181944
frame0173.jpg 0.052270936142500564 -0.4091385906078392 50.03617550922028
frame0174.jpg 0.054347584427489326 -0.4125580142983179 50.21942615422212
frame0175.jpg 0.05645456139567576 -0.4158592210268468 52.397037001058905
frame0176.jpg 0.05812242621064592 -0.4191056478030774 52.9774715559359
frame0177.jpg 0.06061572451603212 -0.4225736761288208 53.311031623732006
frame0178.jpg 0.062490711337620485 -0.4260154571253907 52.481610006980574
frame0179.jpg 0.05984490741513876 -0.42728893410697855 53.89032821265818
frame0180.jpg 0.06623236186337081 -0.4321672516230389 54.71660082162156
frame0181.jpg 0.06844187560187484 -0.43560463628388735 53.82208395549236
frame0182.jpg 0.06606357257681528 -0.4369890530692052 55.777788652534205
frame0183.jpg 0.07291832233103837 -0.4420423033463857 54.74480942931813
frame0184.jpg 0.07433590551255506 -0.44481821424808254 56.477469086551224
frame0185.jpg 0.0761962010283948 -0.4478041137085674 56.902818967730454
frame0186.jpg 0.07913747588730917 -0.45135967739744 56.41264149370895
frame0187.jpg 0.08298256039828347 -0.4547971034891263 57.90572352979456
frame0188.jpg 0.0827485431581515 -0.4574815859551521 58.61600914718864
frame0189.jpg 0.08621903819106219 -0.4612669889784766 58.46388325010482
frame0190.jpg 0.08929028196850357 -0.464793595218694 58.23957279644555
frame0191.jpg 0.09160547932924863 -0.4678582704224927 59.843581774450065
frame0192.jpg 0.09379144940910736 -0.4711697925000701 59.147082895368
frame0193.jpg 0.09680448966158672 -0.4744904871851306 59.24336625630907
frame0194.jpg 0.09850797316300752 -0.4775009862294194 60.628369896202095
frame0195.jpg 0.10207119772856896 -0.4808684120012388 61.0919955245114
frame0196.jpg 0.1045752944835501 -0.4843188373310507 60.70265817512515
frame0197.jpg 0.10616840574408756 -0.4869080485604583 61.9781678491591
frame0198.jpg 0.1097142782797974 -0.490401507629306 62.23584470730518
frame0199.jpg 0.11315195493753115 -0.4937903649892188 61.770883834918315
frame0200.jpg 0.11182655058617358 -0.495989311508781 62.43472670408817
frame0201.jpg 0.11829483123157568 -0.5002980777243783 63.28360709374856
frame0202.jpg 0.12080740677467175 -0.5036106357070641 62.63328196680605
frame0203.jpg 0.12478391199888812 -0.5066472755666691 63.90449632465963
frame0204.jpg 0.12661472685914527 -0.5097039872842877 63.68802506359392
frame0205.jpg 0.13016691168753106 -0.512574368938707 64.75260974852534
frame0206.jpg 0.12814284325185493 -0.5153944927807252 65.42785393735646
frame0207.jpg 0.13499482039321706 -0.5190183124394593 65.25411465983966
frame0208.jpg 0.13550490515495134 -0.522066623172198 65.16826731111912
frame0209.jpg 0.13711707041924126 -0.5245852938020443 65.60118764001065
frame0210.jpg 0.14097693616650395 -0.5275293662813704 66.61924458612796
frame0211.jpg 0.14277426771563467 -0.5302081135418698 67.1936013004628
frame0212.jpg 0.14894623276971974 -0.5335175878050418 67.65994269267594
frame0213.jpg 0.15136187842668894 -0.5362298582288356 68.29966085077825
frame0214.jpg 0.1548826227161135 -0.5392529809583892 68.00224108847408
frame0215.jpg 0.15641428954703598 -0.5419667551914482 68.73485137882398
frame0216.jpg 0.16040367044839093 -0.544862304968051 69.75013308961195
frame0217.jpg 0.16273811566130889 -0.5477240207298788 69.9996176456029
frame0218.jpg 0.16503220644875194 -0.5505110984675785 70.03207771109483
frame0219.jpg 0.1652434450688702 -0.5505038769425403 70.03523255731884
frame0220.jpg 0.17234825452849978 -0.5556397679313976 70.99095049698573
frame0221.jpg 0.1724244197315478 -0.5556438264368471 70.98222337645187
frame0222.jpg 0.1759776429648192 -0.5606630715093197 72.25212551834709
frame0223.jpg 0.18172167893696786 -0.5631297926874821 72.57498689383365
frame0224.jpg 0.18459592964629912 -0.5656235402835034 73.47331694511655
frame0225.jpg 0.18588492167104398 -0.5684366838529515 73.44498080147328
frame0226.jpg 0.18960357009379888 -0.570903510231533 74.36352978501385
frame0227.jpg 0.19427942817274613 -0.5734060901332634 74.56698341348432
frame0228.jpg 0.19679473977122686 -0.5764196369270627 74.8923953638723
frame0229.jpg 0.1989819689535722 -0.5790120031360553 74.91058405115784
frame0230.jpg 0.20257954263436986 -0.5818148022160933 75.44155027114255
frame0231.jpg 0.20523566329441786 -0.5842405303032736 76.30992120914887
frame0232.jpg 0.21028476475411967 -0.5866614505833665 76.69879263357497
frame0233.jpg 0.21341649071009008 -0.5892486926773027 77.23102827991305
frame0234.jpg 0.2167337212560902 -0.5916718241284769 77.60054715327557
frame0235.jpg 0.21972231030189104 -0.5944457337305398 78.07044911324402
frame0236.jpg 0.22243881767264825 -0.5971339115154397 77.99474542298644
frame0237.jpg 0.22743252697822025 -0.5991973553858344 78.4715281737314
frame0238.jpg 0.2311353155810097 -0.6013821841928189 78.81676459671661
frame0239.jpg 0.2354079349644177 -0.6038796372132099 79.04471795201113
frame0240.jpg 0.2381434583567429 -0.6067435548182529 79.4076862289371
frame0241.jpg 0.24601698918171835 -0.6112709285663283 80.19318383943144
frame0242.jpg 0.24604576715433185 -0.6112584195694009 80.19548616413383
frame0243.jpg 0.25030182261601336 -0.6137966442906627 80.45595383803091
frame0244.jpg 0.2502507724161488 -0.6138271808624658 80.45891468639931
frame0245.jpg 0.2536982913172986 -0.6167042056028175 80.5219258914565
frame0246.jpg 0.2615939441075582 -0.6220220041361593 81.01859346627595
frame0247.jpg 0.26584196436405205 -0.6242396161614708 81.42509391130022
frame0248.jpg 0.2691145967336229 -0.6267739111318549 81.72043999317988
frame0249.jpg 0.2730548210216538 -0.6290062226919665 82.23964476789088
frame0250.jpg 0.2763530217276505 -0.6324309909743803 81.74297496353687
frame0251.jpg 0.28107227410006336 -0.6340139385364247 82.6725794320288
frame0252.jpg 0.28472237130658185 -0.6363361372780416 82.9537648221595
frame0253.jpg 0.28856195015594466 -0.6387158438303032 83.2939265514607
frame0254.jpg 0.2925066385019777 -0.6409804084860792 83.1368826569875
frame0255.jpg 0.2961524560486473 -0.6436324182590816 83.9191343102917
frame0256.jpg 0.3000568961858697 -0.6458541898093377 83.78534306238271
frame0257.jpg 0.3038079523941081 -0.6477592398458121 84.248617313569
frame0258.jpg 0.307503028321275 -0.6500120425631307 84.78798495614711
frame0259.jpg 0.3108216085834332 -0.6527640420670098 85.00364956951033
frame0260.jpg 0.31470900921846 -0.6544440441676271 85.35377108392453
frame0261.jpg 0.3183151260908007 -0.6564924062105795 85.78799763418006
frame0262.jpg 0.3225201216875409 -0.6579444487564492 86.48833263014225
frame0263.jpg 0.3258392405305131 -0.6607053211458556 86.48595759612783
frame0264.jpg 0.3299294565758265 -0.6624274078095581 87.05103903896358
frame0265.jpg 0.3337153419322876 -0.6638549520674255 87.65650995182243
frame0266.jpg 0.3375357609283679 -0.6660412085258042 87.86859156311161
frame0267.jpg 0.3377718295698459 -0.6659528447161419 87.86482694751741
frame0268.jpg 0.34537958015081155 -0.6698289878783503 88.56453880159977
frame0269.jpg 0.3489768946781212 -0.6709927318309128 89.24748574985409
frame0270.jpg 0.3531482394385487 -0.6716600935951225 89.70847610256565
frame0271.jpg 0.3570210555252324 -0.6734010097195837 90.07575172758098
frame0272.jpg 0.3603913613190887 -0.6758199579399902 90.52865395544904
frame0273.jpg 0.3641202921685175 -0.6766273340623868 91.23889060214786
frame0274.jpg 0.3677839853976123 -0.6784232580144337 91.74030198674231
frame0275.jpg 0.3715168999316269 -0.6797764085080911 92.04554170751156
frame0276.jpg 0.3752408708333599 -0.6816179638619095 92.11108824060068
frame0277.jpg 0.3791244220349621 -0.6829045138283456 92.85689038999294
frame0278.jpg 0.38301109510146253 -0.6834651317126178 93.43188943185496
frame0279.jpg 0.3865136964226317 -0.6844576647624646 93.95685849621519
frame0280.jpg 0.3906299788324289 -0.6861167378262212 94.16341352665172
frame0281.jpg 0.3946647123238844 -0.6871788223891406 94.29178965161422
frame0282.jpg 0.3981112050473514 -0.6888234271498752 94.37809407720249
frame0283.jpg 0.40180650619319935 -0.690253611217361 94.7743922306397
frame0284.jpg 0.40592960585092003 -0.6911751030510924 95.41490984341442
frame0285.jpg 0.4095647644871692 -0.6921514470070871 96.34026965872124
frame0286.jpg 0.41284752125280394 -0.6925266004611342 96.76259389683577
frame0287.jpg 0.4171059378673965 -0.6944183687190197 96.87590153224392
frame0288.jpg 0.4209612066182087 -0.6953549320514192 97.3675251616729
frame0289.jpg 0.4238889163553111 -0.6953252629067054 98.5174059246858
frame0290.jpg 0.4279467825936739 -0.6971592488882173 98.64518018584525
frame0291.jpg 0.4325098514961093 -0.6986150392040783 98.50883878855973
frame0292.jpg 0.4360750910103109 -0.6992262447763651 99.05848453186846
frame0293.jpg 0.4392974473565969 -0.6990463567174365 100.6380365236291
frame0294.jpg 0.4434669302920072 -0.6998868289303687 100.66003870357464
frame0295.jpg 0.4480431871805913 -0.7015663305559747 100.2164986963392
frame0296.jpg 0.4518980819593928 -0.7028933606910431 100.41090129954009
frame0297.jpg 0.456009954879939 -0.7040293870927149 100.699091344796
frame0298.jpg 0.460355704036544 -0.7049295400567008 101.2420272930262
frame0299.jpg 0.4642426151053571 -0.7052859169533483 101.64063515859176
frame0300.jpg 0.4684366510925912 -0.7065419732516003 102.21687461437969
frame0301.jpg 0.4727318965726221 -0.7068012459696977 102.3602779560936
frame0302.jpg 0.4768667744701303 -0.7081423732043639 102.5351965713244
frame0303.jpg 0.4810641191058558 -0.7092867101039007 103.1244399008859
frame0304.jpg 0.4848229522831073 -0.7090235577803918 103.58443556504444
frame0305.jpg 0.4895168334585579 -0.7101594787198422 104.41100360366352
frame0306.jpg 0.4935028064629786 -0.7102923700792997 104.08364958420911
frame0307.jpg 0.4977988118013916 -0.7116087988068185 104.87404747611191
frame0308.jpg 0.5021064559990356 -0.7117577722954849 105.37753478896786
frame0309.jpg 0.5054130290773284 -0.7115762206028304 105.10861494085206
frame0310.jpg 0.5097752662846806 -0.7126796515068827 106.32251690179979
frame0311.jpg 0.5132956180978085 -0.7123492090333099 107.621408417645
frame0312.jpg 0.5181092352928761 -0.7130788906397085 106.61673688376615
frame0313.jpg 0.5247955538058606 -0.7128743151353731 109.25969506158512
frame0314.jpg 0.5246054379052462 -0.7127346223210964 109.37936817743856
frame0315.jpg 0.5246058950969318 -0.7127350749979693 109.37908410910536
frame0316.jpg 0.5331013002128473 -0.7136413713362528 108.22019515743037
frame0317.jpg 0.5368741991840267 -0.7141198229366904 110.10601818205863
frame0318.jpg 0.5370735651820293 -0.7143217795456611 109.98726466083944
frame0319.jpg 0.5442450405671425 -0.7135362147434914 110.11757496702852
frame0320.jpg 0.5487322766881101 -0.7143399369615087 110.53155912178984
frame0321.jpg 0.5525585856415816 -0.7141923178194772 111.82918789541444
frame0322.jpg 0.5554749768449139 -0.712881280331271 111.50130297106938
frame0323.jpg 0.5594468583977457 -0.7134668035862447 112.71773877965636
frame0324.jpg 0.5618586293454261 -0.712400253781855 114.56393345271887
frame0325.jpg 0.5661631737984344 -0.7123963377390032 114.70961138680973
frame0326.jpg 0.5705573149164024 -0.71258968007853 113.58730363304329
frame0327.jpg 0.5740284854090003 -0.7124783727527952 115.05942670151349
frame0328.jpg 0.5769936421726964 -0.7116644926822435 116.3147239627085
frame0329.jpg 0.5811346982212162 -0.7116000418550413 116.00676446757788
frame0330.jpg 0.5845647901168503 -0.711342917265563 116.55323271525721
frame0331.jpg 0.5881047723187329 -0.7106590749974109 117.06252964001308
frame0332.jpg 0.5911339197864391 -0.7097121903327273 118.28337414887841
frame0333.jpg 0.5954659482152795 -0.7095643892746881 118.40071568822607
frame0334.jpg 0.5980352569797227 -0.7079726400676499 118.06485903318813
frame0335.jpg 0.6016604552076664 -0.7077786387133003 119.60187607214766
frame0336.jpg 0.604623480922759 -0.7066096871584038 118.53588960984787
frame0337.jpg 0.6088131976747337 -0.7062190641717672 120.89459428870369
frame0338.jpg 0.6128065579410537 -0.7059893784630986 121.0711736183589
frame0339.jpg 0.6123176266191253 -0.7055288034023854 119.71400573548843
frame0340.jpg 0.6154673378586569 -0.7050506793872849 122.41924750888819
frame0341.jpg 0.6217497033784555 -0.7033979268587136 123.77109677888849
frame0342.jpg 0.6272546372518852 -0.7040677370282481 122.6200639059982
frame0343.jpg 0.6292067540302074 -0.7021733308822855 122.06896197032344
frame0344.jpg 0.6338797198178794 -0.7021325763253079 124.16844832831521
frame0345.jpg 0.6370695247825812 -0.7012492843263494 125.3517405987666
frame0346.jpg 0.6401052114891366 -0.7001809574762139 126.37477363080936
frame0347.jpg 0.6452075322736317 -0.6997853848936849 125.10237128071456
frame0348.jpg 0.6468283482487125 -0.6978791332197201 127.383770440977
frame0349.jpg 0.6520428733473023 -0.6979240762944514 126.67844211712985
frame0350.jpg 0.6543379056391846 -0.696086932597451 125.53686607622944
frame0351.jpg 0.6584969914149313 -0.6958196072247003 128.43749416180165
frame0352.jpg 0.6617408684593222 -0.6947723377252577 128.5535066099197
frame0353.jpg 0.6655562916162985 -0.6937217164819395 129.29186109380706
frame0354.jpg 0.6688578287020516 -0.6925480296548935 130.39456569976656
frame0355.jpg 0.674363833819688 -0.6923504955921858 129.13191662135287
frame0356.jpg 0.6777328452462141 -0.6911392372916862 129.40687919733304
frame0357.jpg 0.6814569120752432 -0.689784103079408 130.42425631074724
frame0358.jpg 0.6822058147319173 -0.6877301549319517 132.6184456462118
frame0359.jpg 0.6871745300302246 -0.6873305072035567 131.92082809592853
frame0360.jpg 0.6882225149930956 -0.6847252188744986 134.35681473850755
frame0361.jpg 0.6926437295151309 -0.6835096378273757 131.26503499700058
frame0362.jpg 0.6961530157798527 -0.6824140162297172 135.0940825650881
frame0363.jpg 0.6957355833271711 -0.6822384629805991 135.28983150172442
frame0364.jpg 0.7006153222250263 -0.6810306916491086 132.43173519451776
frame0365.jpg 0.7060500026486907 -0.6778609421259182 134.11145316281946
frame0366.jpg 0.7110591131045727 -0.677101135835277 135.10100220518495
frame0367.jpg 0.7134519746952407 -0.6753141029950009 136.64833186723956
frame0368.jpg 0.7176406228496666 -0.6739842767919747 136.327370308283
frame0369.jpg 0.7200858222668748 -0.6720310262735651 137.4917415218982
frame0370.jpg 0.7228259577587471 -0.6703262611694585 137.36311033436007
frame0371.jpg 0.7245062655751371 -0.6682609484405151 136.25968498256253
frame0372.jpg 0.7285633734534404 -0.6671415012688879 140.64868004880296
frame0373.jpg 0.7331133386621442 -0.6658799723333654 140.30599242147798
frame0374.jpg 0.7357195854314379 -0.6642091952764122 139.5144468300726
frame0375.jpg 0.7384755437562405 -0.6624561601451302 139.14546480614894
frame0376.jpg 0.7401295915357597 -0.6604637670857744 139.48621047016002
frame0377.jpg 0.7458065688033083 -0.6597855258803647 141.97563970016742
frame0378.jpg 0.7443797518104527 -0.6567264053685313 144.5965780359021
frame0379.jpg 0.752262886553654 -0.6561333331268555 143.06371057272696
frame0380.jpg 0.7521926600624801 -0.6538479771944125 145.81976201388233
frame0381.jpg 0.7540944949290372 -0.6517295628520802 147.00695252384517
frame0382.jpg 0.7576107729293026 -0.6493267170690865 142.73800685838057
frame0383.jpg 0.7631948347989163 -0.6480643956894143 144.9178745844849
frame0384.jpg 0.7678997734945907 -0.6465658145301744 146.14691111016253
frame0385.jpg 0.773599613959215 -0.6423103912524167 146.97543250445895
frame0386.jpg 0.7693759134836813 -0.6415024633502111 149.66709515145072
frame0387.jpg 0.7693847332068486 -0.6415040469153668 149.66703357105249
frame0388.jpg 0.778923391962382 -0.6376655991110898 149.15925411203622
frame0389.jpg 0.7828444933594887 -0.6355939609953707 148.73524757244232
frame0390.jpg 0.7842995357978886 -0.6332792403759397 151.10740114858615
frame0391.jpg 0.7897818973067154 -0.6310864261650249 149.45309517459174
frame0392.jpg 0.7874090838674342 -0.6276776014364174 147.61150976621357
frame0393.jpg 0.7961327107316029 -0.6266337599231051 150.56418023668328
frame0394.jpg 0.800649689523131 -0.6241244986155907 150.88927121087653
frame0395.jpg 0.7986103129289166 -0.6207682107054718 154.09021162580245
frame0396.jpg 0.8046123527801345 -0.6185618887210262 153.51076315849545
frame0397.jpg 0.8099003481027423 -0.6162422026186052 151.4514478733989
frame0398.jpg 0.8086326017186753 -0.6127358780786818 155.57799720271163
frame0399.jpg 0.8112901130361267 -0.6100493762056585 155.75244001213355
frame0400.jpg 0.820171587104846 -0.6080865423416272 152.80426801131492
frame0401.jpg 0.8227552139976262 -0.6055225320947105 153.93892882230097
frame0402.jpg 0.8262557068657106 -0.6028030396586109 155.92226071275869
frame0403.jpg 0.8303453387695309 -0.6003365294515787 153.95161801276947
frame0404.jpg 0.8331428684824944 -0.5977236387957524 154.7225399065137
frame0405.jpg 0.8305997269115156 -0.5942495187987925 158.31194413083438
frame0406.jpg 0.8396916724599173 -0.5918634121715732 155.88028377418084
frame0407.jpg 0.8366521810021486 -0.5886864909736186 153.70360717000472
frame0408.jpg 0.8432052892236894 -0.5862270594903973 158.9542820596436
frame0409.jpg 0.8464756631918858 -0.5832337418091508 159.04672808233974
frame0410.jpg 0.8506772435856395 -0.5804359470270366 159.01252788240467
frame0411.jpg 0.8471105266403322 -0.5803211338028696 160.32488498916516
frame0412.jpg 0.8526745491685646 -0.5747116756277194 161.634139744406
frame0413.jpg 0.8547158796788159 -0.5716147309215699 156.64492495543823
frame0414.jpg 0.8598512169248628 -0.5692095739155801 159.6183904987075
frame0415.jpg 0.8580189079083229 -0.5658729877170123 158.0489003946452
frame0416.jpg 0.8637164849961741 -0.5631055063999502 163.43045324323953
frame0417.jpg 0.8625619042888295 -0.5603423431282167 164.92134277781034
frame0418.jpg 0.8646058356806606 -0.5577061267563876 164.8452123507408
frame0419.jpg 0.8727737606643058 -0.5553833588352768 161.37439935791824
frame0420.jpg 0.8704933110805685 -0.5544017544720475 164.50255592173787
frame0421.jpg 0.8718821971957622 -0.5537791056861167 164.43240921865052
frame0422.jpg 0.8698692999635892 -0.5533012402395091 159.42263827960255
frame0423.jpg 0.8688243564529537 -0.5532844936689824 158.9574567048075
frame0424.jpg 0.8679647018046691 -0.5533691310143379 158.90184282598432
frame0425.jpg 0.8694064753799321 -0.5534200180279522 159.3779028190097
frame0426.jpg 0.8706078399276783 -0.5534341541787344 159.70222805671455
frame0427.jpg 0.8702439826649854 -0.5536268817142707 164.690503329121
frame0428.jpg 0.8702725496419196 -0.5534305357546099 159.58515558797913
frame0429.jpg 0.8700249137916272 -0.5534251702426509 159.48334136837883
frame0430.jpg 0.8698962521822133 -0.5534234659244804 159.44272873428974
frame0431.jpg 0.8698422893291559 -0.5534172833312753 159.45835633399275
frame0432.jpg 0.8703785930701746 -0.5534371256136112 159.6670344590004
frame0433.jpg 0.870133249379388 -0.5534338810246201 159.58032980518703
frame0434.jpg 0.8692536078996271 -0.5534224807655125 159.31928925548263
frame0435.jpg 0.8701712048329115 -0.5534227627663072 159.51968967773567
frame0436.jpg 0.8704181352115233 -0.5534398959255382 159.49518489187255
frame0437.jpg 0.8698490116930406 -0.5534230446683297 159.44368662082738
frame0438.jpg 0.8698533046770929 -0.5534225330425107 159.44315412401866
frame0439.jpg 0.8704652279471777 -0.5534298189764129 159.5367074562366
frame0440.jpg 0.8703711091072686 -0.5534444662509871 159.7350266432119
frame0441.jpg 0.8703873198571079 -0.5534426478280983 159.74731369086098
frame0442.jpg 0.8704585011527248 -0.5534424092106883 159.76123348094285
frame0443.jpg 0.870457025272179 -0.5534422473446765 159.75944118303866
frame0444.jpg 0.8699361644533129 -0.553439215379304 159.63569242224474
frame0445.jpg 0.8703803985336153 -0.5536694420276744 164.76295761044517
frame0446.jpg 0.869885591595144 -0.5536606326547511 164.79417315242114
frame0447.jpg 0.8710493630493856 -0.5534376192820136 159.90469637539132
frame0448.jpg 0.87103438275572 -0.5534373385059475 159.8989600115644
frame0449.jpg 0.8711402665617562 -0.5534359909349371 159.91252366133568
frame0450.jpg 0.8701179128554116 -0.5534395590805571 159.31191396224355
frame0451.jpg 0.8693133371172685 -0.5534986059582483 159.3652536496319
frame0452.jpg 0.8694124656696134 -0.5534999870670245 159.38938672920105
frame0453.jpg 0.8694610989065388 -0.5534598354497628 159.3084787047068
frame0454.jpg 0.869415976943287 -0.553459207118576 159.29993207225525
frame0455.jpg 0.8693484946421475 -0.5534859252374624 159.27536610262348
frame0456.jpg 0.8685032507621531 -0.5534780007410256 159.12598920451703
frame0457.jpg 0.8685776232673816 -0.5534854991780156 159.10056284472188
frame0458.jpg 0.8685776232673816 -0.5534854991780156 159.10056284472188
frame0459.jpg 0.8685510968271554 -0.5534850745229205 159.11280041537984
frame0460.jpg 0.8684445679359447 -0.5534836364220307 159.12895706471267
frame0461.jpg 0.8684445679359447 -0.5534836364220307 159.12895706471267
frame0462.jpg 0.8684130238654519 -0.5534767544499216 159.0725407969367
frame0463.jpg 0.8689765593259715 -0.5534821567301071 159.23702072092945
frame0464.jpg 0.8686567858621485 -0.5534484631973453 159.03672406906085
frame0465.jpg 0.8686717464360664 -0.5534480292653757 159.03837316850488
frame0466.jpg 0.8691464108225362 -0.5534482946718671 159.12492427021598
frame0467.jpg 0.8684635038708479 -0.5534557009713832 158.9501352896488
frame0468.jpg 0.8684621598569502 -0.5534557366580718 158.94998755190753
frame0469.jpg 0.868531065326421 -0.5534760699333223 159.0936502267445
frame0470.jpg 0.8694194362412184 -0.5534869472127172 159.2036475263121
frame0471.jpg 0.8691351363515718 -0.5534869518335606 159.14288181192273
frame0472.jpg 0.8684917444132513 -0.5534817807989179 158.99584444776298
frame0473.jpg 0.8684892798775143 -0.5534817328803353 158.9956218912699
frame0474.jpg 0.8686236826449256 -0.5534847700720018 159.0389489260222
