frame0000.jpg 0.0 -0.0 -0.0
frame0001.jpg 0.0006733948396571187 -0.0005515661075340616 -0.10067538557522554
frame0002.jpg 0.0002299090029142504 -0.00015757171697643735 -0.015206984986589341
frame0003.jpg 3.768354739996772e-05 -6.024442621942653e-05 -0.032474439318679604
frame0004.jpg 6.16881400029914e-05 -7.839927298244851e-05 -0.03279554918233787
frame0005.jpg 6.16881400029914e-05 -7.839927298244851e-05 -0.03279554918233787
frame0006.jpg 6.16881400029914e-05 -7.839927298244851e-05 -0.03279554918233787
frame0007.jpg 6.16881400029914e-05 -7.839927298244851e-05 -0.03279554918233787
frame0008.jpg 6.16881400029914e-05 -7.839927298244851e-05 -0.03279554918233787
frame0009.jpg 0.0009022953665496463 -0.0007007130814891002 -0.048437740209193135
frame0010.jpg 0.0005644829138515441 -0.0004347281878668723 -0.04514146536119927
frame0011.jpg 0.00012242509618720716 -9.457423385402744e-05 -0.03472900986589746
frame0012.jpg 0.00020407827664997924 -0.00017542149668562924 -0.021958929485814585
frame0013.jpg -0.0002787985256591857 0.0002036355573836911 -0.012547961977611963
frame0014.jpg -0.000125488269054333 6.601121936040133e-05 0.03193278468650651
frame0015.jpg -1.3991954785924651e-05 -1.7855061981319953e-05 0.028400896133833
frame0016.jpg 2.997068588702868e-05 -4.4745048439027555e-05 0.031863373406570486
frame0017.jpg 1.9091847122769688e-05 -3.8092854908562406e-05 0.026945707743469924
frame0018.jpg 0.0009062218494991568 -0.0006918699726860742 0.0071471894362445405
frame0019.jpg 0.00039925876810248796 -0.0003042836565462407 -0.03909110662017346
frame0020.jpg 0.0007538969994509612 -0.0006047021815862024 -0.09128961675909528
frame0021.jpg 0.00019581377981512548 -0.00014586768137951034 -0.06998853200010878
frame0022.jpg 5.183737847567109e-05 -2.7144968997036483e-05 -0.015997856173970024
frame0023.jpg 0.000285226051496024 -0.0002667670065625928 -0.02431322032328672
frame0024.jpg -0.0005134256309804751 0.0003982400176212112 -0.008337977727051499
frame0025.jpg -0.00013547859268593342 9.926657208615392e-05 -0.032420684619687334
frame0026.jpg -0.0002639082853242883 0.00019327903179042156 -0.05108946046195692
frame0027.jpg -0.0007322574293497406 0.0005446697420106614 -0.042904447180852935
frame0028.jpg -0.0008294444278237246 0.0006369140729587309 -0.06330283810574984
frame0029.jpg -0.0008294444278237246 0.0006369140729587309 -0.06330283810574984
frame0030.jpg 0.0011195654679772946 -0.0009180942688936188 -0.07481719508892358
frame0031.jpg 0.0004687568606345485 -0.00037596601531648884 -0.1049888529546376
frame0032.jpg -0.00027804810096223014 0.00022153904027296582 -0.07447939301459906
frame0033.jpg 0.0009199075885111576 -0.0006985561316361303 -0.09228795885457193
frame0034.jpg 0.0019841319421356088 -0.001527657737611802 -0.16994395960975145
frame0035.jpg 0.0007903822519636126 -0.0005790038439342905 -0.12286001640487215
frame0036.jpg 0.0007589579048881498 -0.0005681580998692187 -0.14666692772936776
frame0037.jpg 0.00048541277104510586 -0.000365910447421827 -0.1185009957280002
frame0038.jpg 0.0011823127521890136 -0.0008657373853701301 -0.12698685010136035
frame0039.jpg 0.0016914394834811578 -0.0012789823841004454 -0.12408485519447254
frame0040.jpg 0.0009288077786045695 -0.0007135027667299812 -0.09383285757535724
frame0041.jpg -0.00024698888819399894 0.00020931034793556178 -0.0525888779733939
frame0042.jpg 3.5140044682370534e-05 -9.653643220948727e-06 -0.06973743994592517
frame0043.jpg 0.00032901659899918387 -0.00025454643794967167 -0.057935713263914675
frame0044.jpg 0.00030758039960415424 -0.0002202878229117756 -0.004807935790177167
frame0045.jpg 0.000388760169257231 -0.0002987935596322893 -0.028014185914649943
frame0046.jpg 0.001089872885840194 -0.0008282696609646253 -0.0385801425926182
frame0047.jpg 0.0002906935670644036 -0.00020567626473284612 -0.004125081563467742
frame0048.jpg 0.00018778885334776686 -0.00013992403669302946 -0.011848165126591441
frame0049.jpg 0.00036075040177284586 -0.0002727532138347663 -0.030146811809703317
frame0050.jpg -2.9205415848453748e-05 4.084363440615263e-05 -0.029766834733282718
frame0051.jpg 0.0003342520451864473 -0.00023657483509107052 -0.0359087284865343
frame0052.jpg 0.0004182020685958489 -0.00030300281262317646 -0.03771939565419447
frame0053.jpg 0.0004182020685958489 -0.00030300281262317646 -0.03771939565419447
frame0054.jpg 0.00047600824357037344 -0.00035735419063429773 -0.03568654047747151
frame0055.jpg 0.00024734628997747217 -0.0001856716092706192 -0.03075216599652748
frame0056.jpg 0.00027315453850578636 -0.0002261163987371149 -0.016360613549208675
frame0057.jpg -0.0003118682809001859 0.00024304338398889512 -0.0754297581028027
frame0058.jpg -0.00023976318582862803 0.00020130125180860584 -0.030332969154667076
frame0059.jpg -0.0005330160245200365 0.0004085597753373013 -0.07072826783483945
frame0060.jpg -0.00017001300789106784 0.00015474613947015796 -0.03312986006170885
frame0061.jpg 0.00010100799278173206 -3.808951291380575e-05 -0.04671089404673595
frame0062.jpg 7.790459502105831e-05 -1.9639533324122325e-05 -0.0545251471291531
frame0063.jpg -4.818302923408921e-05 6.88606475245584e-05 0.01228294779803305
frame0064.jpg 0.0008166889558004669 -0.0006784057677201174 0.050251421547966496
frame0065.jpg 0.00041832490630856506 2.5576603987702135e-05 0.11382967615686132
frame0066.jpg 0.002123878340477796 2.3993292510111333e-05 0.2581269658494761
frame0067.jpg 0.0012273064487449304 0.002730461106099506 0.5592018078296807
frame0068.jpg 0.0035610747115830624 0.003868444955012811 0.6877820306060615
frame0069.jpg 0.00315885396794716 0.007558656010956693 0.7151919131449316
frame0070.jpg 0.0053310625131650505 0.009682954530853695 0.9896499672598584
frame0071.jpg 0.006186983874098301 0.013304531322093669 1.3158689175590514
frame0072.jpg 0.007007021887512403 0.017503087769509894 1.4745863359043607
frame0073.jpg 0.007098299236647219 0.022076574225835213 1.504184577949113
frame0074.jpg 0.003848052049588439 0.029142675112265762 1.6821715279533822
frame0075.jpg 0.004944813532190456 0.033170987010884105 1.6905897646184849
frame0076.jpg 0.005086491635809764 0.03799865262734353 1.6080488339747627
frame0077.jpg 0.005308105967228012 0.03782294890578343 1.5703311842182004
frame0078.jpg 0.002937095680290921 0.04424622028612544 1.9687085995593252
frame0079.jpg 0.003249916119080803 0.049103661797672025 2.1267396414494857
frame0080.jpg 0.0026216996386634987 0.05502113610677853 2.3615718166836297
frame0081.jpg 0.003919085526065503 0.059595787942679584 2.4272033176763563
frame0082.jpg 0.0013994450536222273 0.06675611383817816 2.6022965932393856
frame0083.jpg 0.00217495204817595 0.07198243616936549 2.7386297599278
frame0084.jpg 0.00158546917398681 0.07815342860551135 2.9672705417731526
frame0085.jpg -0.0010571022569359906 0.08524181057511095 3.0663528492649075
frame0086.jpg -0.0014425831295858185 0.09135013493689466 3.4630875992385937
frame0087.jpg -0.004246970032080508 0.10514125555614176 3.956734516282337
frame0088.jpg -0.005503865430807942 0.11155267393466074 4.070561428867654
frame0089.jpg -0.005129544517091965 0.11684431830294012 4.326521978763053
frame0090.jpg -0.0066128006097654546 0.12327304986834607 4.629794203113012
frame0091.jpg -0.009891856985340891 0.13072481732926253 4.699540061241759
frame0092.jpg -0.010138965429756834 0.1361495163294464 5.103445644689144
frame0093.jpg -0.009803746178361064 0.14112507108247108 5.229995813358807
frame0094.jpg -0.009680894041591906 0.14656419063649714 5.396845084754824
frame0095.jpg -0.012254939247689077 0.1535881040447559 5.723333880301099
frame0096.jpg -0.01447591646393061 0.16017994474345915 5.685713824893927
frame0097.jpg -0.01473999331859526 0.16589063857181813 6.0176624350223
frame0098.jpg -0.016324411184125115 0.17259945017773268 6.153376995859317
frame0099.jpg -0.017974713198703283 0.17877161698659952 6.430463781845433
frame0100.jpg -0.017363290179277555 0.18382451123282495 6.7899996523110095
frame0101.jpg -0.01733981764840281 0.18381785035412088 6.814178711696018
frame0102.jpg -0.018507027147903417 0.19007926124182456 6.818763835859747
frame0103.jpg -0.021607090103950618 0.1971757995475003 7.100420392712167
frame0104.jpg -0.020923914692122625 0.2023983795951652 7.425729168513602
frame0105.jpg -0.021675399916464517 0.20888111986699512 7.431478651742483
frame0106.jpg -0.02203745623495032 0.21502557172542947 7.546370660373796
frame0107.jpg -0.02440485919283511 0.2218945155308608 7.724870290585855
frame0108.jpg -0.02645610989516943 0.22880382574303354 7.981403336395728
frame0109.jpg -0.025762022679264116 0.23432863781216506 8.065865109017219
frame0110.jpg -0.02713538290766361 0.2408636023120979 8.350025309669121
frame0111.jpg -0.02914408355831538 0.2481752689607873 8.313599844444544
frame0112.jpg -0.032421914600396604 0.2608828324198577 8.819015690403882
frame0113.jpg -0.03301228799029739 0.26648906193582483 8.806055965112892
frame0114.jpg -0.03737611592188657 0.2733558592436337 8.925386904922542
frame0115.jpg -0.039347592382566285 0.27906277828566073 9.454080879384641
frame0116.jpg -0.04183559606847742 0.2852119284456345 9.810392769889363
frame0117.jpg -0.04507594599565738 0.2913573780909541 9.637512813905744
frame0118.jpg -0.047563141238136056 0.2968437008354829 10.013015780011623
frame0119.jpg -0.050963199332493166 0.3032240316391329 10.16654848456961
frame0120.jpg -0.04951708413647267 0.30678129725260705 10.441669427202637
frame0121.jpg -0.051432684493423635 0.312295241683777 10.378658453369725
frame0122.jpg -0.05530128344500583 0.31874921682257384 10.47411750214318
frame0123.jpg -0.055276776719433415 0.3187162528015949 10.474224524368656
frame0124.jpg -0.05858493692540787 0.32469247372666543 10.646113065276277
frame0125.jpg -0.059403370864241974 0.3294284406498901 11.444392654092205
frame0126.jpg -0.06124668771988551 0.3352284478863897 11.547744449880025
frame0127.jpg -0.06369344828350074 0.34073537385985503 11.388846318095641
frame0128.jpg -0.06469074030338595 0.3456599789527041 12.755589450997114
frame0129.jpg -0.06861782437696545 0.35217139375705503 11.615448495417732
frame0130.jpg -0.068527262931387 0.35690149324083903 11.920932180182842
frame0131.jpg -0.07165096193723758 0.3628973834776635 12.088858664088773
frame0132.jpg -0.07289563884367015 0.3682126815220119 12.820490656190335
frame0133.jpg -0.07506649789859221 0.37374387223027455 14.697387049558511
frame0134.jpg -0.07930964647328495 0.3801951351775814 13.11410216130558
frame0135.jpg -0.08643344633806183 0.392146510876061 13.066869914022982
frame0136.jpg -0.08720288406318262 0.3972752875491127 13.422215456179233
frame0137.jpg -0.09072223128520174 0.4035088186512691 13.396083787850001
frame0138.jpg -0.0931530225174398 0.4090105310714621 13.711339272423507
frame0139.jpg -0.09518094522899133 0.41454981025991344 13.798588760334823
frame0140.jpg -0.10019178331963416 0.4209746320514003 13.847102833512286
frame0141.jpg -0.09893090446644544 0.4247148847679089 14.110756291344384
frame0142.jpg -0.10289204364219476 0.4307916720588324 14.488907184331536
frame0143.jpg -0.10868516896075606 0.4371870616068271 14.686210261703598
frame0144.jpg -0.1058185862231516 0.44060189412502 15.46694744436455
frame0145.jpg -0.10188485830162536 0.4442038858278348 15.533746167016554
frame0146.jpg -0.1111693696463832 0.4518668440136106 17.570890770612053
frame0147.jpg -0.11590398437511346 0.45807307427027205 15.70416545369261
frame0148.jpg -0.11904186019908085 0.4636049300870082 15.616922920630548
frame0149.jpg -0.1196621631537054 0.4637823447129708 15.476998222128762
frame0150.jpg -0.12217965621146612 0.4690911756558135 15.830215540478928
frame0151.jpg -0.1210284125334232 0.4735376717247883 15.993654500981274
frame0152.jpg -0.12428462118986268 0.4794850318718621 18.554453212168816
frame0153.jpg -0.1317173192235154 0.4861538492153524 16.077336300887488
frame0154.jpg -0.1344262621743143 0.4912607675334876 16.708127916283786
frame0155.jpg -0.13694292123188762 0.4968069537898453 16.697617266045633
frame0156.jpg -0.1398299017739618 0.5019612327235574 17.88812458903946
frame0157.jpg -0.1364517353172911 0.5058465668010049 19.16764403601131
frame0158.jpg -0.13925394583835704 0.5114579192420529 19.93159592166483
frame0159.jpg -0.14322848536113147 0.5172278422876125 20.040331316080405
frame0160.jpg -0.14934241717461225 0.5232166978217256 17.922181252147148
frame0161.jpg -0.15349839081815428 0.5342345239252801 17.39033185375372
frame0162.jpg -0.15403954602701084 0.5392310868595127 21.44589948504271
frame0163.jpg -0.15672377258225986 0.5446439926985546 21.09742113615076
frame0164.jpg -0.16038077569136092 0.550242150292183 21.551089992024284
frame0165.jpg -0.1647260516555726 0.5554275679933868 21.77242152369779
frame0166.jpg -0.1664694551057704 0.5604567516156824 21.5079098845327
frame0167.jpg -0.171751429066289 0.5659039845991379 19.741843372428807
frame0168.jpg -0.17271674745524554 0.5708909217913887 21.867622903593727
frame0169.jpg -0.18247880114491155 0.5768454446477693 20.29788261053989
frame0170.jpg -0.18307611615000646 0.5813996514025077 19.26020040039774
frame0171.jpg -0.18501857631795796 0.5862485510569251 19.94622110715996
frame0172.jpg -0.1889533457257655 0.5914242145933356 20.920252710917637
frame0173.jpg -0.1887593829145568 0.5914411184943145 20.46410523746357
frame0174.jpg -0.1932193769163148 0.5963747943125157 20.60705440714112
frame0175.jpg -0.19396157272672265 0.6009454118942568 21.061751638053643
frame0176.jpg -0.1979127378108154 0.6064497845339486 20.262723286976506
frame0177.jpg -0.19738431448222152 0.6110483850199547 21.971815121650373
frame0178.jpg -0.20457683034111904 0.6166025995227977 20.419889689134727
frame0179.jpg -0.20724803357096994 0.6216599038350538 20.44992364938464
frame0180.jpg -0.21186162169629869 0.6267398340239367 20.92190429663234
frame0181.jpg -0.21054296394220165 0.6313256516696543 23.06580750353789
frame0182.jpg -0.21590719158210397 0.6368279574641225 21.969337257802685
frame0183.jpg -0.22047201243123946 0.641781279312146 22.64967404055352
frame0184.jpg -0.22052091733243084 0.6463863539077145 25.830050673840372
frame0185.jpg -0.2277852229018519 0.6566582235012127 23.864979193842142
frame0186.jpg -0.23438452184724376 0.6618949334646331 22.498628420192155
frame0187.jpg -0.23826230072883026 0.6667302725146931 23.339127151768928
frame0188.jpg -0.2424275431852483 0.6714567117274742 22.946993026691736
frame0189.jpg -0.2411127035637088 0.6765145188177353 27.231189164791413
frame0190.jpg -0.2506613172026207 0.6816238166647662 23.27101194300129
frame0191.jpg -0.2553265408717842 0.6862910999131728 22.597794374007684
frame0192.jpg -0.2531225766010077 0.691439120748899 23.967326981931876
frame0193.jpg -0.25698530727665136 0.6967511620238209 24.59541419623952
frame0194.jpg -0.2640473831237413 0.7015227898613758 23.37914452022673
frame0195.jpg -0.2677047958954541 0.7063491334368891 23.98423757799161
frame0196.jpg -0.26612195537012096 0.7116105681534329 26.821494464800548
frame0197.jpg -0.26607254531201885 0.7116152660241368 26.792978568183532
frame0198.jpg -0.2759464923534845 0.7159681817322952 24.12117101673829
frame0199.jpg -0.2772208836812726 0.7212406265352858 24.70791730602012
frame0200.jpg -0.2805250455773039 0.725989056955615 25.355971131304823
frame0201.jpg -0.28189902398552524 0.7306361283643895 29.131500260476326
frame0202.jpg -0.2877177001537775 0.7351999236664524 25.5424140878192
frame0203.jpg -0.2897089319679011 0.7402235004165933 26.96302194339564
frame0204.jpg -0.2942690796335342 0.7448683628850385 30.41056945900191
frame0205.jpg -0.3005072299497482 0.7494272563138712 25.64836206864013
frame0206.jpg -0.3032167338414211 0.7541154579193314 26.725223310649465
frame0207.jpg -0.3111469578450181 0.7637589840267915 26.29341153591664
frame0208.jpg -0.3146967068548313 0.7683172772187518 26.76672866022745
frame0209.jpg -0.3165851208534392 0.7731537244645144 27.974121396622518
frame0210.jpg -0.3195781917567173 0.7779116052094406 31.382139869626737
frame0211.jpg -0.3203400811483533 0.7833192975845378 29.93155939271088
frame0212.jpg -0.32670326302001257 0.7874068861644811 28.131961306686282
frame0213.jpg -0.3333310639742566 0.7916469830353071 27.22017895113132
frame0214.jpg -0.3338107178670481 0.7969897742083605 32.047465333398854
frame0215.jpg -0.3391160963085485 0.8011986556561487 32.415351306775236
frame0216.jpg -0.3431613078818011 0.806019539635179 28.461306454436087
frame0217.jpg -0.3482410480405176 0.810116759152625 28.332593464423237
frame0218.jpg -0.3515836518544597 0.8147270687458732 28.738657872794175
frame0219.jpg -0.35680960934153805 0.8190383796534493 28.40830971831504
frame0220.jpg -0.35863180115232673 0.8239867131643337 29.31313922092408
frame0221.jpg -0.35874381228351004 0.8239552080123926 29.305749806807643
frame0222.jpg -0.3628865319624464 0.8284086779000227 29.116891017228518
frame0223.jpg -0.3680745059723812 0.8328783096713521 28.93885485798819
frame0224.jpg -0.3670051044577364 0.8390533972280978 32.09558503863293
frame0225.jpg -0.3759539102031843 0.8422719652577262 29.519406249169755
frame0226.jpg -0.379454767305291 0.8465881284123521 33.69626740301377
frame0227.jpg -0.38246990019816063 0.8513536759238698 33.93892541481883
frame0228.jpg -0.3832314605887586 0.8572345319598391 33.749183237973824
frame0229.jpg -0.3919917519646618 0.8605697231641825 30.46029549315468
frame0230.jpg -0.39841946996987054 0.8638831252093749 30.22478534337504
frame0231.jpg -0.3991722711612959 0.8691216851002117 34.29178993171261
frame0232.jpg -0.4053462216888897 0.8732552178372459 30.652747460751105
frame0233.jpg -0.4121068951485966 0.8819660927019175 35.25828316320576
frame0234.jpg -0.4156264225436096 0.8863134912767284 35.01314682710076
frame0235.jpg -0.4216919966167833 0.8898292945133472 35.62702527552633
frame0236.jpg -0.4239632818880757 0.8949418013001764 32.08205525652209
frame0237.jpg -0.4287537445613753 0.8991127252466737 32.426146778704
frame0238.jpg -0.4315504383288415 0.9037923175758252 35.77687834314929
frame0239.jpg -0.4366867956743846 0.9078803833415636 32.72441904648901
frame0240.jpg -0.43843827705924293 0.9133006627128132 36.33967740916839
frame0241.jpg -0.4444121669758817 0.9168999112611088 33.42468862622971
frame0242.jpg -0.44787900232419936 0.9214373439307966 36.650604972612314
frame0243.jpg -0.4523364036988472 0.92599361278119 33.80313703623804
frame0244.jpg -0.45452254796337893 0.9312419810236108 36.824893366621296
frame0245.jpg -0.4537242863209445 0.9317468409757026 36.805225570391606
frame0246.jpg -0.459118627862161 0.935511476115788 36.923409199004496
frame0247.jpg -0.4655509442482599 0.9386953461375328 34.14692446089905
frame0248.jpg -0.4707325096714853 0.9424378256433296 33.92291935505702
frame0249.jpg -0.4752887832076297 0.946541567873448 34.095650030485714
frame0250.jpg -0.4802621647953635 0.9506290841031814 34.03241063820013
frame0251.jpg -0.484273676239199 0.9549622074965184 34.56491645323612
frame0252.jpg -0.4871317560298986 0.959972720373594 34.96662622812478
frame0253.jpg -0.4908458385234746 0.9646264113840068 35.26509534538879
frame0254.jpg -0.4957589060348954 0.968382639109555 35.484230800301326
frame0255.jpg -0.5006662637952493 0.9719131958705816 35.6725556783687
frame0256.jpg -0.5087264426480951 0.9811551458779026 36.07604290261706
frame0257.jpg -0.5136402801365587 0.98483434272424 36.01385629552689
frame0258.jpg -0.5189876351413322 0.9880021189443148 36.1662761836167
frame0259.jpg -0.5211044771869802 0.9936345031595656 36.80262314991253
frame0260.jpg -0.5260961604216343 0.9970671766715402 36.97823790094668
frame0261.jpg -0.5311231264624487 1.0002595602872808 36.93627002448404
frame0262.jpg -0.5344513601554259 1.0054123921727898 37.34294906700808
frame0263.jpg -0.5397226294947921 1.0085895087622023 37.50499320671171
frame0264.jpg -0.5439714863511973 1.0129008759614506 37.613816563745
frame0265.jpg -0.5490824286476407 1.016058399034525 37.72032224983821
frame0266.jpg -0.5534451447538755 1.0201479099472512 39.55954806188581
frame0267.jpg -0.5574139833852583 1.024782464083353 38.147717894410036
frame0268.jpg -0.5624561391860348 1.027375653618831 38.41544635262503
frame0269.jpg -0.5623680907754043 1.0274905389485305 38.421195124397066
frame0270.jpg -0.5654853086914338 1.032636192229158 40.08142102704461
frame0271.jpg -0.5710828417735083 1.0362640243193482 38.88482318267222
frame0272.jpg -0.5753505834046713 1.0405756461199551 39.16197292534899
frame0273.jpg -0.5816744812686816 1.0424814440777486 38.876800418110754
frame0274.jpg -0.5848480594493821 1.048163640667188 39.419027488467606
frame0275.jpg -0.5889301593264759 1.0528002608499272 39.74044829571379
frame0276.jpg -0.5945873398685129 1.055771576461102 39.693189550359406
frame0277.jpg -0.5989488483174106 1.0606955941264804 39.876483635981366
frame0278.jpg -0.6087072072468935 1.069142447492016 40.0729435979402
frame0279.jpg -0.6132023380987672 1.074317285599348 40.37144840571065
frame0280.jpg -0.6181890345503263 1.0777776640181234 40.545793942219184
frame0281.jpg -0.622649779728965 1.0815026850956442 41.3957163492233
frame0282.jpg -0.6276655152086845 1.084710311781559 40.99100743725068
frame0283.jpg -0.6308736278806081 1.0905985781128693 41.85273839819466
frame0284.jpg -0.6356241018282829 1.0945899398669348 41.61785292116204
frame0285.jpg -0.6419430984154549 1.0953485590570484 41.50813199650528
frame0286.jpg -0.6450550380445229 1.1015913768793777 42.048158988171096
frame0287.jpg -0.6507205646457318 1.103963222569342 41.80524875712085
frame0288.jpg -0.6558259585149671 1.1076099654791314 42.002931711064896
frame0289.jpg -0.6602531205262405 1.1110639257708437 42.46425069529409
frame0290.jpg -0.6645205449081923 1.1146004291187177 42.57361230998651
frame0291.jpg -0.6689936855420069 1.119149801488471 42.621294841059104
frame0292.jpg -0.6741690861988978 1.122485137660265 42.929284302421436
frame0293.jpg -0.6741088929092215 1.1225571003665489 42.89590399363762
frame0294.jpg -0.6786495960377519 1.1266734794250468 43.199492029507866
frame0295.jpg -0.6837015464799572 1.1299910191447502 43.264437007356825
frame0296.jpg -0.6888959692413623 1.1329585507187252 43.48159488665043
frame0297.jpg -0.6932253979573809 1.137235929536083 43.892376491240775
frame0298.jpg -0.6976393605046692 1.1411404497728683 43.92163990301725
frame0299.jpg -0.702646533730549 1.1439586314196897 44.1138728551465
frame0300.jpg -0.7073734800237044 1.1488905755807828 44.25841923943722
frame0301.jpg -0.7132068364630454 1.1508502664611209 44.23919485399149
frame0302.jpg -0.7179506717522183 1.1540850699351388 44.55254017892581
frame0303.jpg -0.7219473336812399 1.1602508020966784 44.92581202352915
frame0304.jpg -0.7331075072228252 1.165029609158385 45.1147935437014
frame0305.jpg -0.7378355842537179 1.1685702102938471 45.32464128194723
frame0306.jpg -0.7424692663568613 1.1725397135900706 45.42211138264311
frame0307.jpg -0.74754999319107 1.1755299765696163 45.53894100057175
frame0308.jpg -0.7528857894583459 1.178895788279489 45.57724153947434
frame0309.jpg -0.7580109722013559 1.1820641894944446 45.924670775534636
frame0310.jpg -0.7625467626142239 1.1865571525829488 46.48553423493045
frame0311.jpg -0.7678907205660538 1.18828467613468 46.259898243468726
frame0312.jpg -0.7724396335588257 1.1932245908965542 44.918955795003434
frame0313.jpg -0.778057354031523 1.1943534777067415 46.674051887543925
frame0314.jpg -0.7827255021924132 1.1997737483306323 46.98532896353559
frame0315.jpg -0.787960976380826 1.2020083958360068 47.05845530272566
frame0316.jpg -0.7932674233073986 1.2037932507696951 47.18716067854048
frame0317.jpg -0.7933116029270122 1.2034039253728388 47.12271664505406
frame0318.jpg -0.79842003006194 1.207199466543469 47.547090974510795
frame0319.jpg -0.8031916306463085 1.2103063214268652 47.804174082129144
frame0320.jpg -0.8083827577880622 1.2143235027829944 47.80784919639456
frame0321.jpg -0.8135330944189206 1.2181091919306062 48.136282647370926
frame0322.jpg -0.8187870135491806 1.2214619417371244 48.28617798067898
frame0323.jpg -0.8237431897452495 1.2247285641044283 48.479715485079886
frame0324.jpg -0.8288844200177916 1.2293519017338113 48.73244355000871
frame0325.jpg -0.8341725554601489 1.2308589836059558 49.00488214520515
frame0326.jpg -0.839283885537808 1.2337366903957605 49.035273942971976
frame0327.jpg -0.8446501569816965 1.2363031354904832 48.977530215998144
frame0328.jpg -0.8552436715374114 1.2432201560186165 49.52927294242246
frame0329.jpg -0.8604496126524277 1.2472402003873104 49.709414503149574
frame0330.jpg -0.8657331555530229 1.25104144358224 49.782371827355
frame0331.jpg -0.8711448552750635 1.2536101084983398 50.09155699703138
frame0332.jpg -0.8764953859532312 1.2554771760066463 50.289922871300185
frame0333.jpg -0.881919059143667 1.2600566206676809 50.157590395834774
frame0334.jpg -0.8872258111867899 1.2602198105601876 50.48503198508908
frame0335.jpg -0.8927147502144495 1.2660478205715024 50.67158833289639
frame0336.jpg -0.8978855444205569 1.2671760091748792 50.793874030512754
frame0337.jpg -0.9033570270707556 1.2721583421802292 51.034999602556034
frame0338.jpg -0.90859666935158 1.2738166086189533 51.446193830077924
frame0339.jpg -0.9136978186898671 1.2776416197430915 51.742556897409315
frame0340.jpg -0.9184137342322058 1.2772981506234855 51.65103455832168
frame0341.jpg -0.9184133213490552 1.2772948350243327 51.65066503708265
frame0342.jpg -0.9237237501616664 1.282131137347497 51.78804175780174
frame0343.jpg -0.9293250661400154 1.2856807253244105 51.9945925024976
frame0344.jpg -0.9344291007119904 1.2868139108681729 52.24858277166934
frame0345.jpg -0.939454820942196 1.2904655482180294 52.44851860817862
frame0346.jpg -0.9446793903535708 1.293532719933309 52.7284200380303
frame0347.jpg -0.9503575495053316 1.2971289834223143 52.74150955600575
frame0348.jpg -0.9556551162051604 1.2990010350954588 52.99311528036061
frame0349.jpg -0.96097810974947 1.302089918743247 53.179436632275994
frame0350.jpg -0.966402828109294 1.3051348723423093 53.397484875630596
frame0351.jpg -0.9719779701113168 1.3080018682286991 53.452089708154716
frame0352.jpg -0.9830933057989224 1.3143179232925126 53.823271615463455
frame0353.jpg -0.9883650666932527 1.31687374665937 54.14724555231818
frame0354.jpg -0.9939704670990346 1.3208170054907704 48.89235007508709
frame0355.jpg -0.9997907393286682 1.3223259147130102 54.26173145645322
frame0356.jpg -1.0056009537240749 1.326355413675411 54.41010189308618
frame0357.jpg -1.010150744038265 1.325242983745758 54.884486155380195
frame0358.jpg -1.015827695542205 1.3278698395995887 54.8187754132661
frame0359.jpg -1.0219909018458724 1.3320449835179464 55.03724301271076
frame0360.jpg -1.0271619646621113 1.3339012776381969 54.935939908028146
frame0361.jpg -1.0327843754612849 1.3367840508841788 55.22279287670663
frame0362.jpg -1.038158695577445 1.3379731172347296 55.23898675104067
frame0363.jpg -1.043496823715116 1.3394555823017602 55.43173122236537
frame0364.jpg -1.0485178503976968 1.3403090818170655 56.042319717527164
frame0365.jpg -1.0484414915037632 1.3400232618677084 56.0209355798789
frame0366.jpg -1.0547592813425246 1.3448648882414804 55.965973108376474
frame0367.jpg -1.0596892477176325 1.3451454916025374 56.2356313539717
frame0368.jpg -1.0649605823358648 1.3478868625041804 56.47219315152354
frame0369.jpg -1.070775502200314 1.3518907054854603 56.71194603368529
frame0370.jpg -1.0769479937012911 1.3564153668362526 57.05278852104083
frame0371.jpg -1.0820921795832763 1.3572083342011854 57.32078776535412
frame0372.jpg -1.0874115898482395 1.359008444152031 57.35477758441022
frame0373.jpg -1.0934693931903037 1.3626535824111006 57.36089054462701
frame0374.jpg -1.0991070091090325 1.3653811066867396 57.705188177378616
frame0375.jpg -1.10905715289287 1.3657399851686065 58.17378692287461
frame0376.jpg -1.1147838533312031 1.3686482603480412 58.49123542028211
frame0377.jpg -1.1208171283853139 1.37256615752742 58.5418975307606
frame0378.jpg -1.1264280878648114 1.3748048787235627 58.89892548488923
frame0379.jpg -1.1322637969928366 1.3778585232489573 59.178002703112895
frame0380.jpg -1.1381712864683358 1.3802146528708643 59.292592459113614
frame0381.jpg -1.1436321201300177 1.3818331555117305 59.439552720282066
frame0382.jpg -1.1490948433310333 1.3834826656308743 59.58755635493434
frame0383.jpg -1.1540289483533364 1.3835505254793394 59.712113884268646
frame0384.jpg -1.1598106995164863 1.3859145521590788 59.83444689905322
frame0385.jpg -1.1667101405498943 1.3908226138652002 60.10244734929604
frame0386.jpg -1.179167868445078 1.4093199442588509 54.49616968385149
frame0387.jpg -1.1778730541357856 1.3945539275225631 60.430954337534196
frame0388.jpg -1.1827176912350057 1.394295860560134 60.59638453680663
frame0389.jpg -1.182772137422852 1.3944105260335586 60.598373824172725
frame0390.jpg -1.1887532346253866 1.3964511062010536 60.792259798378296
frame0391.jpg -1.1949930346030069 1.3993655148566464 51.00679854694257
frame0392.jpg -1.2024975960866406 1.4047972445756771 61.1193620286491
frame0393.jpg -1.205512427090969 1.4014585911144222 61.10586753680077
frame0394.jpg -1.2109434953770366 1.4023361437675879 61.10656666015727
frame0395.jpg -1.2182715399285478 1.4067139662002217 61.75153022779256
frame0396.jpg -1.226038423071879 1.4133187352825374 62.004807331313096
frame0397.jpg -1.2310651299127349 1.4139491485120297 61.85408827619099
frame0398.jpg -1.2312330664413758 1.4038310718146751 62.2358594450848
frame0399.jpg -1.243946573702695 1.4191837530378415 62.77355461500335
frame0400.jpg -1.2491973555292075 1.4110466457756592 62.40501530853923
frame0401.jpg -1.2558434240884773 1.413956366877 63.040788135274994
frame0402.jpg -1.2675506199761235 1.427762423594615 63.594949605427075
frame0403.jpg -1.2727336608884898 1.4281060358748912 63.47695206573374
frame0404.jpg -1.2736384998034824 1.4200959857434885 63.40991407165736
frame0405.jpg -1.283596146998493 1.4298976347365149 64.15988158642517
frame0406.jpg -1.2907723915343623 1.4343601210978345 53.18677368428853
frame0407.jpg -1.2915876109342823 1.4263704678863136 64.57246446444246
frame0408.jpg -1.2981666957098892 1.4297795765529215 64.73265664686325
frame0409.jpg -1.3078863679270305 1.438452657244831 64.74523032270845
frame0410.jpg -1.3106107753002585 1.4348712431897392 52.26312661788925
frame0411.jpg -1.3180521954382698 1.4386155658897195 64.99023652748423
frame0412.jpg -1.3242767455656224 1.4414277540889735 65.24495013709839
frame0413.jpg -1.3248803149609878 1.4424069021106107 65.21924356282257
frame0414.jpg -1.332258653512667 1.4474213853088522 65.728117267219
frame0415.jpg -1.335845192869383 1.4441665353592867 65.96684114781542
frame0416.jpg -1.3432433302568625 1.4475074465091389 65.76853296734346
frame0417.jpg -1.3500245442120344 1.4504853318104978 66.0824216942087
frame0418.jpg -1.3543883075430383 1.4499115107455811 66.47305404507496
frame0419.jpg -1.3619384106447434 1.4540185761914353 66.09654979522253
frame0420.jpg -1.3671470534429604 1.4535521753413818 66.48848096790105
frame0421.jpg -1.3727584179011585 1.4545456432458193 66.9982045469155
frame0422.jpg -1.3786782349235267 1.4560473485926786 66.69680837101205
frame0423.jpg -1.3873760413915348 1.460974459598701 67.24266388250953
frame0424.jpg -1.396386432729403 1.460230398783685 67.74708718087497
frame0425.jpg -1.4018202601673548 1.4614856640908862 67.79380925626265
frame0426.jpg -1.407374126996228 1.464466405949146 68.28843506650665
frame0427.jpg -1.4080930249990842 1.4621666593373563 69.054209611759
frame0428.jpg -1.4094583797797475 1.4620536734592025 69.63006640927877
frame0429.jpg -1.4104915346291111 1.4626384139932318 70.20687860039713
frame0430.jpg -1.4105454794835692 1.4626259881774488 70.52314668028663
frame0431.jpg -1.4086553163690412 1.460219716224326 70.72628853915563
frame0432.jpg -1.4095664774457457 1.4616989263248583 70.76307076630717
frame0433.jpg -1.4086229742520755 1.4603492196418224 70.92918664906347
frame0434.jpg -1.4090158051539785 1.461094516332913 70.79325404585977
frame0435.jpg -1.40834587617332 1.4600434625438083 70.80952658407261
frame0436.jpg -1.4095379380861013 1.4618114271304463 70.83635018310851
frame0437.jpg -1.4095324838295364 1.4618063069121328 70.83384177096504
frame0438.jpg -1.409328696427666 1.4615468196912824 70.74808340166774
frame0439.jpg -1.4095248703421963 1.4618104261916258 70.73960138982048
frame0440.jpg -1.4095513084358282 1.4617770095815883 70.71674632591522
frame0441.jpg -1.4094595103666288 1.4617121882016455 70.76015367036605
frame0442.jpg -1.4095056171408102 1.4617864334005135 70.79876074837526
frame0443.jpg -1.4100725546613222 1.4625655208161348 70.78552344768266
frame0444.jpg -1.4101302192346348 1.462637667565991 70.79190271004664
frame0445.jpg -1.4089287403674016 1.4608892431095115 70.74335418721317
frame0446.jpg -1.4092214261183362 1.461294472550306 70.76668629958723
frame0447.jpg -1.409215259427011 1.4612726170810837 70.76377045681457
frame0448.jpg -1.4092975790056639 1.4614969340871222 70.79895343884962
frame0449.jpg -1.4096248703897598 1.4619079090008222 70.7674112992337
frame0450.jpg -1.4079761015379155 1.4595322544266618 70.89944094629126
frame0451.jpg -1.4082287758631329 1.4598913150255672 70.8375170536516
frame0452.jpg -1.4088090119122143 1.4607907105354063 70.86841161463174
frame0453.jpg -1.4095823588298666 1.4619437940643003 70.81065080466969
frame0454.jpg -1.409209127359668 1.4613928314820137 70.80277819821231
frame0455.jpg -1.4104299545865415 1.4631295312347647 70.71907742233887
frame0456.jpg -1.4098108647707266 1.4622569131427758 70.73310392745908
frame0457.jpg -1.4082824682427098 1.459998896845032 70.80971728605533
frame0458.jpg -1.4096549028018135 1.4619108506075702 70.8298182647096
frame0459.jpg -1.4101147366385272 1.4627433389340054 70.73519003850211
frame0460.jpg -1.4096860566576412 1.4621138584543525 70.73249138546844
frame0461.jpg -1.4096862750630648 1.4621141822832766 70.73238411953905
frame0462.jpg -1.4104479913881478 1.4630266456352428 70.75683155949628
frame0463.jpg -1.4097414612349326 1.4620861523250812 70.69191549730742
frame0464.jpg -1.4098502023308552 1.4624366974427212 70.72794665951174
frame0465.jpg -1.4104097913721496 1.463137820954184 70.67626897503818
frame0466.jpg -1.4099254181618102 1.4623362328060268 70.765965444952
frame0467.jpg -1.40908953141137 1.4612256856331591 70.72428956577144
frame0468.jpg -1.4100865801558793 1.4627091159752368 70.8509755234532
frame0469.jpg -1.409766736378243 1.462175474002659 70.80651263033984
frame0470.jpg -1.4098835404794934 1.4623513307788776 70.85323266035147
frame0471.jpg -1.4098895902211053 1.4624289537914723 70.79816857762073
frame0472.jpg -1.409613954225041 1.4620254193667166 70.72396848923863
frame0473.jpg -1.4096143240255297 1.4619964342738614 70.7639871269044
frame0474.jpg -1.4094550725369697 1.4617565676962705 70.75283381761993
frame0475.jpg -1.410294052636348 1.4629872662440813 70.92371926562645
frame0476.jpg -1.410466651939302 1.4632345704136624 70.94277002991922
frame0477.jpg -1.4098520766621498 1.4622471485131843 70.81398854017576
frame0478.jpg -1.4090377110301748 1.4611595806089748 70.71104910761773
frame0479.jpg -1.4097008173339352 1.462164548883614 70.86921604410675
frame0480.jpg -1.4094767886054311 1.4615809907214188 70.75096692400065
frame0481.jpg -1.4097313407415155 1.461950900106869 70.80163656788801
frame0482.jpg -1.4095374951362238 1.4619528448320984 70.61930721068377
frame0483.jpg -1.4095859314407575 1.4619629979998288 70.71842846129616
frame0484.jpg -1.4095959307738049 1.461891536258048 70.69263221341691
frame0485.jpg -1.4100928327802424 1.4625493903673588 70.81240135720049
