frame0000.jpg 0.0 0.0 -0.0
frame0001.jpg 0.0002841749463144852 0.000146857062478092 -0.01257474928827673
frame0002.jpg -0.00047136724398524676 -0.0005043387652907352 0.060599264841580715
frame0003.jpg 0.0003023520622217042 0.0001605402098406215 -0.09802946492840632
frame0004.jpg 0.0002084187943040257 9.60054612454505e-05 -0.05560219042177856
frame0005.jpg 0.0001895997877335532 8.554281560081982e-05 -0.058526369236974365
frame0006.jpg 0.0001895997877335532 8.554281560081982e-05 -0.058526369236974365
frame0007.jpg 0.0001895997877335532 8.554281560081982e-05 -0.058526369236974365
frame0008.jpg 0.0001895997877335532 8.554281560081982e-05 -0.058526369236974365
frame0009.jpg 0.00019921350308653047 5.040707504742262e-05 0.011639815777790241
frame0010.jpg 0.00020359086954827208 5.4605776106705497e-05 0.01292302504623716
frame0011.jpg 0.00020359086954827208 5.4605776106705497e-05 0.01292302504623716
frame0012.jpg 6.900633983600102e-05 -7.48101101101999e-05 -0.0014108139063884655
frame0013.jpg -1.6347082380621528e-05 -0.00010289877407480523 0.041737100515192437
frame0014.jpg 0.00018526609051315585 6.028715573201638e-05 -0.01964345885799985
frame0015.jpg 0.000451724179955709 0.00023606692062618247 -0.07150657173579347
frame0016.jpg 0.0007737917300940189 0.0005236609854040152 -0.02355531056170956
frame0017.jpg 0.0007697315824521246 0.0005500035333674727 -0.03030720127047803
frame0018.jpg 0.0005003545944010956 0.00027676983907899244 -0.004080096531336365
frame0019.jpg 0.0004715887993494119 0.0002570401404646812 -0.015604641513192982
frame0020.jpg 0.000408587340691994 0.00020956824069673718 0.019412065313519297
frame0021.jpg -5.467866860497462e-05 -0.00020386935303807235 0.032099319637198864
frame0022.jpg 3.640291094640637e-05 -8.307365808293219e-05 0.01697511146530904
frame0023.jpg -0.00032966542764706634 -0.000389420382905322 0.08652546913178431
frame0024.jpg 6.906281628975256e-05 -0.00012635086305322351 0.020132885832249797
frame0025.jpg 8.769717480098083e-05 -9.930194790890441e-05 0.003121404196873143
frame0026.jpg 0.0005078901720673943 0.00027007859288902074 -0.06496740955040102
frame0027.jpg 1.8123702945042184e-05 -0.0001681592304987971 0.00631393380925211
frame0028.jpg 6.510491919423035e-05 -0.00015734170489772184 -0.02000011731002552
frame0029.jpg 0.00031543330125083943 0.0001762519460086732 -0.023093301296453688
frame0030.jpg 0.0005650276726707141 0.00030026136922835337 -0.032853638051387
frame0031.jpg 0.000635435759407018 0.00034016332433855215 -0.016662264889500157
frame0032.jpg 0.00019397382736778036 3.209601904336298e-07 -0.014735991288204716
frame0033.jpg 0.0002806589203298942 1.1899792622728764e-05 -0.030033618932660083
frame0034.jpg 0.0002749099509476316 7.740892134222566e-06 -0.029217316682289118
frame0035.jpg 0.0003156287751372471 8.51244630578479e-05 0.11280147691051083
frame0036.jpg -7.791920795900833e-05 -0.0002390317256215651 0.11988161273386486
frame0037.jpg 0.0002938156385240513 5.729625898729617e-05 -0.02401876503439814
frame0038.jpg 0.00030760313660276755 6.768290815887455e-05 -0.02306039235595996
frame0039.jpg 0.0005735570404803321 0.00032117351028582066 -0.006995964369674896
frame0040.jpg 0.0003765730559935893 0.00014676547494281832 0.013077006116617171
frame0041.jpg 0.0003959960047809955 0.00015972672095291971 0.013387951421415452
frame0042.jpg 0.0005920531133444579 0.00035867457763237484 0.04560802949825468
frame0043.jpg 7.226912293481509e-05 -0.00014713061293165507 0.039853167565412996
frame0044.jpg 7.226912293481509e-05 -0.00014713061293165507 0.039853167565412996
frame0045.jpg 0.0005530701152929361 0.0003709792848638332 0.0028912572076723398
frame0046.jpg -5.174843747390399e-06 -0.00018293054437324368 0.033408484727131614
frame0047.jpg -0.00015999155868367417 -0.00028910136830232163 -0.05545196464147095
frame0048.jpg 4.419949795562072e-05 -5.09113107826053e-05 0.022413455703002863
frame0049.jpg 0.00034660304001505823 0.00016547639589630458 -0.06861249156747717
frame0050.jpg -0.000589171598019856 -0.0006260953506885548 0.10167278507266213
frame0051.jpg -0.00045921538643898895 -0.0005233501459151193 0.10306040763231178
frame0052.jpg 0.00026997182206825134 7.529496387228075e-05 -0.12222713812598815
frame0053.jpg -1.4504396369095542e-05 -0.00018540859882816525 -0.12429343917882292
frame0054.jpg 0.0001469206681056487 -5.974271573428621e-05 -0.14091296212726614
frame0055.jpg 8.982980241301495e-05 -0.00011875896153895625 -0.11245227558683864
frame0056.jpg -4.6238807246743816e-05 -0.00020513313213335336 -0.12174009919048558
frame0057.jpg -5.070201524886737e-05 -0.0002062318670134623 -0.11377362877828315
frame0058.jpg -5.070201524886737e-05 -0.0002062318670134623 -0.11377362877828315
frame0059.jpg -6.377489164357595e-05 -0.00021437305500601517 -0.11336005310973835
frame0060.jpg -0.0002698036163317924 -0.00030822145884418754 0.05931889540840145
frame0061.jpg -9.477202819208944e-05 -0.00012523684678478225 0.028602894817551294
frame0062.jpg 9.137497198802644e-05 -1.3788632355629615e-05 0.0171192434730448
frame0063.jpg -0.0003393887247725782 -0.00038473558427086453 0.03083408453101465
frame0064.jpg -0.00023052410825066225 -0.00028337923715426806 -0.05368402577573325
frame0065.jpg -3.621767757687347e-05 -9.995550917385962e-05 -0.04178850374395384
frame0066.jpg 0.0003816586487151986 0.0001503702035170206 -0.032282313411897585
frame0067.jpg -9.421141816191275e-05 -0.0002757125456030492 -0.04720582819968495
frame0068.jpg -1.3638785199484046e-05 -0.0001275086620936097 -0.021616593535218977
frame0069.jpg -0.0002997417144142674 -0.00034887505239056303 0.014198325210019912
frame0070.jpg -0.0003762636794530555 -0.0004276556524790865 -0.043493244453608665
frame0071.jpg -0.00030865884995700296 -0.0003726891462803621 0.0002642582061062293
frame0072.jpg -7.820992049729526e-05 -0.0001684561522690838 -0.0706129229564084
frame0073.jpg -0.0001284832999366943 -0.0002007001039928587 -0.02475387636625985
frame0074.jpg -0.0005411111290516209 -0.0005540460119449769 0.005065053514310548
frame0075.jpg -0.00021569365203772992 -0.00030259294197339416 -0.0630643269271545
frame0076.jpg -0.00022281776826638168 -0.000307917777104413 -0.0599868928246411
frame0077.jpg 0.0001743170624676482 9.802569763263274e-06 -0.10399519720702516
frame0078.jpg -0.00019762227367731204 -0.00026846062032963373 0.08316480869425757
frame0079.jpg -0.00031189728227440714 -0.0003709763512261851 0.13832647696161654
frame0080.jpg -0.0003128195273154134 -0.00036975030169135453 0.1379187945788449
frame0081.jpg -0.0001976354728156054 -0.0004177768546526103 0.11619305148002827
frame0082.jpg 1.2990032664088322e-05 -0.00024574105872271165 0.04072204188752601
frame0083.jpg 0.00024210475718920772 0.0004827136896477294 -0.13932173321403768
frame0084.jpg -0.0004870349005828461 0.0011260627816088071 0.10870156932182913
frame0085.jpg 0.0002786290644599999 0.002901314190030093 -0.4686480344766976
frame0086.jpg 0.0020120473483658304 0.006340187261474581 -0.8979136622426404
frame0087.jpg 0.0020405241945766254 0.008582420478325092 -1.0217150949780296
frame0088.jpg 0.002421809711593134 0.011086397093526405 -0.3699639563715045
frame0089.jpg 0.004973889248070572 0.014495294727793243 -2.3183337342911807
frame0090.jpg 0.00505386182249509 0.01648481058574666 -2.4906534915435907
frame0091.jpg 0.007144254768306703 0.020035109513393653 -3.061477525925582
frame0092.jpg 0.008117672314331855 0.02277842197026772 -2.4699959128037032
frame0093.jpg 0.009585759369978944 0.02554015250895551 -3.953082645467932
frame0094.jpg 0.010935003714701677 0.0287968068034848 -4.779811734411347
frame0095.jpg 0.01171794505761744 0.03177494136070025 -4.9560022348791195
frame0096.jpg 0.007424827296786044 0.0310241583306593 -4.3840545408213725
frame0097.jpg 0.0124787112969042 0.0369518710431139 -4.667028879628801
frame0098.jpg 0.01449260282197341 0.040564658463312926 -5.438579431151258
frame0099.jpg 0.011672346943843791 0.04067806850623743 -5.873882016659769
frame0100.jpg 0.01854468928891178 0.04776881664298241 -7.770919911480354
frame0101.jpg 0.01881745809203356 0.050098368144738586 -6.785420250288526
frame0102.jpg 0.02166401781197251 0.05425252997068335 -8.375123296476287
frame0103.jpg 0.024904839487854748 0.061113684174233886 -9.32264027283967
frame0104.jpg 0.027490403558381046 0.06505675167627037 -9.98329942873084
frame0105.jpg 0.0288704625577157 0.0683633550273876 -10.44890864097064
frame0106.jpg 0.028563632622899432 0.06815002579511695 -10.39876184703446
frame0107.jpg 0.0298448658642639 0.07146487747879429 -10.731575873547143
frame0108.jpg 0.031794412136721295 0.07510234119766714 -10.175693441119849
frame0109.jpg 0.028822690755273706 0.07504791994494568 -10.450161082571816
frame0110.jpg 0.03550410019202621 0.08158446789348713 -12.58947506752075
frame0111.jpg 0.03785584393092988 0.08503073007943934 -13.093746430094555
frame0112.jpg 0.038859074606477764 0.087606312569217 -12.132855518170954
frame0113.jpg 0.03798016869612466 0.08849192164035449 -12.713918736446743
frame0114.jpg 0.04062801301262095 0.09214065827870548 -12.917249462188206
frame0115.jpg 0.045984370503453414 0.0971396317072249 -14.977323903306447
frame0116.jpg 0.047090695301812605 0.09965958758897543 -15.292557136168401
frame0117.jpg 0.0495103446911382 0.10315641204046122 -14.615675985770107
frame0118.jpg 0.05048768648473252 0.10535488214343303 -15.028787374424635
frame0119.jpg 0.05466510348781782 0.10953029235788583 -17.190162456455656
frame0120.jpg 0.0567610361425787 0.11290497329993066 -16.810138317503558
frame0121.jpg 0.05602810262663599 0.11404478846883817 -17.545979482463338
frame0122.jpg 0.060429512108423476 0.11845989242352957 -17.559686228735654
frame0123.jpg 0.06251786784061714 0.12141607778211452 -17.93606163315536
frame0124.jpg 0.06488484279839762 0.12418932722524945 -18.35542270468336
frame0125.jpg 0.06834754812188387 0.1273465473333321 -20.336424147246337
frame0126.jpg 0.07002883015412358 0.13007093921053606 -19.328915371135906
frame0127.jpg 0.07355588146219738 0.13523228610922644 -20.302358723349354
frame0128.jpg 0.07743623588064136 0.13879517374015626 -20.73443868875505
frame0129.jpg 0.08182028818867226 0.1429105560984436 -21.296574900457443
frame0130.jpg 0.08160153503434199 0.1427881473840228 -21.24855605810045
frame0131.jpg 0.08331840006547253 0.14545322406948338 -21.442893505637333
frame0132.jpg 0.08567559334569365 0.14797103872542902 -21.753466939116873
frame0133.jpg 0.09125914978124204 0.15286179489713544 -22.108496597262093
frame0134.jpg 0.09121625465980658 0.15474879177969822 -22.39514702524417
frame0135.jpg 0.09734577851458613 0.15954542108471054 -23.713324077783923
frame0136.jpg 0.09827734957615372 0.16178271896630908 -22.779534327798068
frame0137.jpg 0.10199343629208568 0.16548331223720325 -22.928035420227165
frame0138.jpg 0.10456331038566534 0.16820885478878642 -23.967896315407195
frame0139.jpg 0.10822572362800367 0.17104404412334187 -24.31962337523248
frame0140.jpg 0.11326474823757153 0.17463807873128726 -24.549186965947854
frame0141.jpg 0.11443648761376655 0.1764670565443262 -25.08309971329669
frame0142.jpg 0.11695662824598226 0.1788492341302691 -25.757306541895794
frame0143.jpg 0.11974701495558288 0.18154961232426475 -26.14829976240132
frame0144.jpg 0.1248160466212285 0.18530663731286684 -26.408946682049923
frame0145.jpg 0.12634844397848052 0.18715989238984876 -27.26586407354393
frame0146.jpg 0.13086510326391354 0.19022886788488094 -28.46325060907669
frame0147.jpg 0.13229932307729186 0.192147154789921 -28.307115071317593
frame0148.jpg 0.13713853945478935 0.19534830882794826 -28.71056453461487
frame0149.jpg 0.13791010515284602 0.19683030120153847 -29.33722492529037
frame0150.jpg 0.14216432600803197 0.19985757503602847 -30.839161262111958
frame0151.jpg 0.14835510492753398 0.20497946734566289 -31.358399581806317
frame0152.jpg 0.1500784119804295 0.20706249880591648 -31.529976612812053
frame0153.jpg 0.15184371694846768 0.2091703611573801 -32.304818960264846
frame0154.jpg 0.15172472516764096 0.2091025903689024 -32.369608252730686
frame0155.jpg 0.1541362152917863 0.21104052809032425 -32.9823369971253
frame0156.jpg 0.15874640043085447 0.2139086354600391 -34.403076508705624
frame0157.jpg 0.16018467484321314 0.2158652803393205 -34.15447196148905
frame0158.jpg 0.16463090374857234 0.2186883419231271 -34.58320128763157
frame0159.jpg 0.1675791698060666 0.220468293028411 -35.97067898064692
frame0160.jpg 0.1693292542348773 0.22250365839362746 -35.68532389693265
frame0161.jpg 0.17261533749703611 0.22499497604193494 -36.50987792922701
frame0162.jpg 0.17537099099979558 0.2269960526482888 -37.23397315130032
frame0163.jpg 0.1787649728335362 0.2287365584628515 -38.18870414935834
frame0164.jpg 0.1816425026212591 0.2308256174671906 -38.53735130399925
frame0165.jpg 0.18389007169868216 0.2325892130311653 -39.29793512548558
frame0166.jpg 0.18860266288634686 0.2352787971394142 -39.28215857702443
frame0167.jpg 0.19016990105414894 0.2364523963221821 -40.295529447514014
frame0168.jpg 0.19231601971610265 0.2381701635225463 -40.681584227020664
frame0169.jpg 0.19579529728573156 0.2401147339965039 -41.40197979833715
frame0170.jpg 0.19918964203860573 0.241994128092466 -42.016446655628556
frame0171.jpg 0.2032799281701797 0.2441213726337038 -42.58275900775038
frame0172.jpg 0.20585541845915747 0.2455879280375133 -43.28980605241685
frame0173.jpg 0.20938656637127906 0.24728346768349185 -44.40175693194635
frame0174.jpg 0.21284198127638734 0.2489038494826332 -44.92112796842889
frame0175.jpg 0.2151456837114559 0.2500651452993421 -45.38911826184079
frame0176.jpg 0.22153334354004495 0.25292477147480313 -46.36317900434551
frame0177.jpg 0.2256593619998293 0.2541769648031685 -47.71470837803304
frame0178.jpg 0.22566668951292385 0.2541769481910072 -47.762581220322886
frame0179.jpg 0.22901421300639604 0.2557461803730986 -47.31384696965176
frame0180.jpg 0.23184986901343704 0.2567740582730628 -47.77775699139028
frame0181.jpg 0.23509601480329545 0.2581028364671389 -48.41461463143219
frame0182.jpg 0.23908645475332704 0.2596544199681666 -49.20398419263665
frame0183.jpg 0.24239547094198705 0.2605736843884113 -50.068379994120846
frame0184.jpg 0.2457806926606473 0.2616395083797969 -50.171199049524375
frame0185.jpg 0.24968845445498286 0.26309308801425035 -50.332578726222266
frame0186.jpg 0.2540221152009625 0.26436907045779634 -51.298843129786974
frame0187.jpg 0.2580561787499931 0.2659258962369257 -51.43989631502791
frame0188.jpg 0.2620776352732365 0.26718338821007515 -52.180639955756135
frame0189.jpg 0.26543394393456965 0.2685693522576631 -52.3242439374809
frame0190.jpg 0.2693878050686482 0.2696607008128841 -52.85779449902839
frame0191.jpg 0.2737630369296382 0.27083586775645113 -53.26205324806256
frame0192.jpg 0.27747842946179346 0.2719539620426998 -53.725401624545384
frame0193.jpg 0.2817180575452739 0.2731439464120689 -54.04386564081619
frame0194.jpg 0.2853180135825765 0.2740292356915545 -54.46684089463133
frame0195.jpg 0.2881679916077131 0.27486205659133633 -55.41357592034933
frame0196.jpg 0.291929258869007 0.27571136869336105 -55.82595762590387
frame0197.jpg 0.2961365108468606 0.2766853140765834 -56.33239277968045
frame0198.jpg 0.30356786907215705 0.2785996010701461 -57.57334331944338
frame0199.jpg 0.3068454635725136 0.27955602843198546 -58.20813870237998
frame0200.jpg 0.3099811012840117 0.28050955360725754 -58.923193136857435
frame0201.jpg 0.3134095820830115 0.2814697193334887 -59.61374480876617
frame0202.jpg 0.3134078032400702 0.2814686471907335 -59.60891883542132
frame0203.jpg 0.31689628529440905 0.282183841769349 -59.932120185507415
frame0204.jpg 0.31980240563055395 0.28268563725143625 -60.681460408349665
frame0205.jpg 0.3229163511320507 0.2833122647703701 -61.37494977562284
frame0206.jpg 0.32653906344822925 0.2840231111992548 -61.89650499484236
frame0207.jpg 0.32983208972590305 0.28456622945038057 -62.748018785615216
frame0208.jpg 0.33336971752809125 0.2854408489893979 -63.28632305715166
frame0209.jpg 0.33695535012470484 0.28605941810636315 -63.91533650117816
frame0210.jpg 0.3402901459231896 0.2865290349347707 -64.65079985103267
frame0211.jpg 0.34374283680876 0.2870284049674328 -64.95235770241936
frame0212.jpg 0.3473419889380877 0.2876943542477383 -65.83605688365367
frame0213.jpg 0.3509445487585381 0.2878723520896621 -66.29701061537554
frame0214.jpg 0.35458863753950903 0.28802708271164856 -66.7712660081491
frame0215.jpg 0.3581332721266402 0.2885205333597653 -67.40810778010376
frame0216.jpg 0.3616847652589196 0.2888119810089061 -67.93568646950376
frame0217.jpg 0.3652691621204999 0.2891697967187233 -68.41266493101489
frame0218.jpg 0.3688338283964683 0.28951287900963113 -69.04912737376821
frame0219.jpg 0.3725524804762642 0.2898261630355857 -69.35997248682105
frame0220.jpg 0.3760320999557117 0.2898938008715615 -69.95702565520821
frame0221.jpg 0.3794057457802861 0.2901050626983265 -70.57225948418096
frame0222.jpg 0.3827585348767888 0.2901615915787066 -71.2154849718118
frame0223.jpg 0.38959381789401215 0.29041804562195783 -71.96025700461485
frame0224.jpg 0.3933137448018365 0.2902574546856822 -72.7042354935295
frame0225.jpg 0.3970341726262284 0.2901814527310133 -73.15318118421789
frame0226.jpg 0.39703333965454457 0.29015097734080675 -73.12443327000875
frame0227.jpg 0.40034853858605096 0.2904463672861108 -73.88781197927034
frame0228.jpg 0.4041949149663574 0.2902861877809141 -74.08510695717564
frame0229.jpg 0.40765817703024376 0.2901610690421802 -74.56368246889099
frame0230.jpg 0.4111225288410598 0.290195083889523 -75.08508767744382
frame0231.jpg 0.4146102314387735 0.2902106756712627 -75.67672460598425
frame0232.jpg 0.4179837480439254 0.29015254995811635 -76.24597108635896
frame0233.jpg 0.4214055342684095 0.2901869819942887 -76.72547856557117
frame0234.jpg 0.4249660805270565 0.2901872852058572 -77.30645971072045
frame0235.jpg 0.4287150892869587 0.2898935999994852 -77.8419242558262
frame0236.jpg 0.4326448030468024 0.2893912655414085 -78.47386658264463
frame0237.jpg 0.4370310919485704 0.28890458159743204 -78.42205342049556
frame0238.jpg 0.4406299091482349 0.2881142151553474 -79.0606218974981
frame0239.jpg 0.4447096264888437 0.28761453286140937 -79.55705712745493
frame0240.jpg 0.4493387481118156 0.2870026109712501 -79.88705628386828
frame0241.jpg 0.4535979582738822 0.28637329729039 -80.54816244006247
frame0242.jpg 0.4568783993836287 0.2855158459142044 -81.00458766334958
frame0243.jpg 0.4610277081784616 0.2848775855498278 -81.22100110526941
frame0244.jpg 0.4657004857238629 0.2843493178624692 -81.90122219490581
frame0245.jpg 0.4691514240161523 0.28356477725257256 -82.3228878662731
frame0246.jpg 0.4779005999835194 0.2817581094213236 -83.27232998526449
frame0247.jpg 0.4778594037476982 0.2817409222445951 -83.23956724756744
frame0248.jpg 0.4826222873237835 0.2806643529638426 -83.2508071878143
frame0249.jpg 0.4907165734028791 0.27844854757580445 -84.53696684886683
frame0250.jpg 0.4907215731288226 0.2784507041460076 -84.52433342084845
frame0251.jpg 0.4940871395548256 0.2774978951940947 -84.83957266710553
frame0252.jpg 0.4996324869440169 0.27641445371544604 -85.4575752337621
frame0253.jpg 0.5031112792223893 0.27525196301023386 -85.29890197938596
frame0254.jpg 0.5072145501511979 0.27415679354165545 -86.10040658550673
frame0255.jpg 0.5118912441415033 0.2732307379053347 -86.19409293320302
frame0256.jpg 0.5160326782683035 0.27207541934186674 -87.17342579675153
frame0257.jpg 0.521137587960939 0.2709447548651752 -87.49983584023585
frame0258.jpg 0.5231818242060677 0.2699846090020998 -87.99880539761745
frame0259.jpg 0.5273638650681098 0.2686685066589936 -88.5256624247159
frame0260.jpg 0.5324373627566547 0.2671458488913529 -88.96953027619492
frame0261.jpg 0.5349781152469105 0.2662053370496743 -89.27427651407311
frame0262.jpg 0.5379935625016043 0.2651246802433863 -89.84416225482539
frame0263.jpg 0.5416461653101041 0.26375268800124096 -90.07679388682561
frame0264.jpg 0.5466909628474083 0.2622301829932358 -90.25087940070216
frame0265.jpg 0.5503506886792319 0.26086696336035875 -90.6538583554007
frame0266.jpg 0.5553359074923515 0.25917257802736715 -91.14295909616618
frame0267.jpg 0.5592815939798883 0.25763406475535283 -91.4832264047871
frame0268.jpg 0.5623990878145042 0.2563064942540212 -91.8887238588037
frame0269.jpg 0.5671155195993509 0.25475474573528345 -92.2751061363411
frame0270.jpg 0.5719170689030427 0.2528361463275915 -92.71582555391302
frame0271.jpg 0.5790180840735744 0.24936671856154996 -93.27595807590933
frame0272.jpg 0.5834732259162226 0.24767796014867846 -92.99734263089766
frame0273.jpg 0.5877189889591078 0.2457325089974285 -93.6589511475234
frame0274.jpg 0.5876747233086625 0.24573758206576055 -93.68561762306592
frame0275.jpg 0.5913350412187066 0.2440183844638055 -93.97166587736234
frame0276.jpg 0.5953665298013775 0.24183014866045865 -94.55268896555492
frame0277.jpg 0.5989863730626122 0.2398946029081441 -94.83196941294165
frame0278.jpg 0.6024800538020407 0.23814242959313625 -95.28182840121934
frame0279.jpg 0.6063430253811918 0.2364317921680766 -95.76705030671917
frame0280.jpg 0.6108923552881577 0.2347296541583439 -96.42828630829837
frame0281.jpg 0.613477140121699 0.2332127248373244 -96.51011747435297
frame0282.jpg 0.6182433354772598 0.2313538869327751 -97.07764570355391
frame0283.jpg 0.6222734217283687 0.22924517993697344 -97.4332959880307
frame0284.jpg 0.6243130830355699 0.22772508814214504 -97.98234852684999
frame0285.jpg 0.6295342164311639 0.2257368971626599 -98.46669525325507
frame0286.jpg 0.6311803316346514 0.2246873104680866 -98.58133184050416
frame0287.jpg 0.6377261740517602 0.2221499282264357 -99.29572051231742
frame0288.jpg 0.6375009865508223 0.22125435172293784 -99.89946453378184
frame0289.jpg 0.6418845028151929 0.2192013991371876 -100.38666851498255
frame0290.jpg 0.6448183928598528 0.2178623956428659 -101.23574970780203
frame0291.jpg 0.6480482680172253 0.21602810672597367 -101.66847485129256
frame0292.jpg 0.6539990837461058 0.2134475765231088 -101.92024723287511
frame0293.jpg 0.6561746607544872 0.21174073974346466 -102.58200513421713
frame0294.jpg 0.6595654310252773 0.20979285590070504 -102.57327803276854
frame0295.jpg 0.6664285754138102 0.2066866870641316 -103.9374375494553
frame0296.jpg 0.6664429663437371 0.205352222693692 -103.83087288179314
frame0297.jpg 0.672248860378714 0.20114886461859646 -104.71733654663424
frame0298.jpg 0.6727012173220998 0.2010538828717499 -104.67174040635277
frame0299.jpg 0.6765712385102558 0.1986771891674392 -104.95615786292552
frame0300.jpg 0.6805533757102924 0.19615104357002072 -105.59210853617802
frame0301.jpg 0.6829238450982286 0.19425829001525846 -106.22666581758358
frame0302.jpg 0.6856550012275269 0.19231728479887072 -106.75199203211787
frame0303.jpg 0.6904635902454115 0.1899175065001118 -107.22528675994263
frame0304.jpg 0.6936141287139216 0.1876365234051085 -107.6847130416792
frame0305.jpg 0.6959872214853942 0.18537016758972366 -108.0443049772025
frame0306.jpg 0.6996514797032687 0.18282645055757485 -108.49033876313317
frame0307.jpg 0.701024161193567 0.18106039146976935 -109.11188151222117
frame0308.jpg 0.7060023284142279 0.1781739439207347 -109.32497138682518
frame0309.jpg 0.7088625554383257 0.17578645603927295 -110.28237883595642
frame0310.jpg 0.7114324705035384 0.17347524317316887 -110.71032726316213
frame0311.jpg 0.7163510359856893 0.17028730929494645 -111.36411340785716
frame0312.jpg 0.7176857696233989 0.16843488369383694 -111.75809156171445
frame0313.jpg 0.7202697214208791 0.16609731121638133 -112.29795229993562
frame0314.jpg 0.7247260237596874 0.1631572212316713 -112.52566441749431
frame0315.jpg 0.7250384116711994 0.16120478338950014 -113.48862113346473
frame0316.jpg 0.7279679053791274 0.15850295278044713 -113.67367725592601
frame0317.jpg 0.7312629804597275 0.15547433655047338 -114.13195072713154
frame0318.jpg 0.7352096782119106 0.15210138401937873 -114.6024582043975
frame0319.jpg 0.736735203330148 0.14975657678640736 -114.95232465358143
frame0320.jpg 0.7449204653619614 0.1430138393041624 -115.81243220038533
frame0321.jpg 0.7542718347221478 0.13753574571486954 -115.8899300332854
frame0322.jpg 0.7543544273276155 0.1375126374833957 -115.88277476178615
frame0323.jpg 0.7508580640226198 0.13653194518445438 -116.31983626354102
frame0324.jpg 0.7527055358182932 0.13391215781777693 -116.90462642472977
frame0325.jpg 0.7635916631480695 0.12767618280746107 -117.32108063406775
frame0326.jpg 0.7575377583834271 0.1279358535659932 -118.16990246444416
frame0327.jpg 0.760738260503754 0.1242177056751696 -117.85255330853698
frame0328.jpg 0.7639000248607775 0.12057585189362048 -118.2628629400385
frame0329.jpg 0.7667237370411402 0.1169934771397122 -118.5948356605613
frame0330.jpg 0.7699723011863737 0.11355531467853752 -118.9869056811919
frame0331.jpg 0.7727129656053783 0.11022039348385364 -119.60740486637346
frame0332.jpg 0.7743793666768481 0.10740829902797012 -120.58816025873122
frame0333.jpg 0.7796338146511167 0.10290911094015537 -120.01789248919977
frame0334.jpg 0.7809719384267486 0.09982717467312824 -120.61414847547513
frame0335.jpg 0.7836128836550255 0.0965135900279946 -121.45329340947683
frame0336.jpg 0.7854287176271921 0.09361081207908906 -121.41638514396095
frame0337.jpg 0.7903062047044195 0.08953723149710469 -122.02625739328991
frame0338.jpg 0.7916778941956268 0.08673680669747841 -122.4747448134029
frame0339.jpg 0.7942417201977332 0.08361307446497834 -123.12109592984791
frame0340.jpg 0.7960640342279065 0.0805777579187979 -123.56312447617415
frame0341.jpg 0.7983253356016551 0.07728064479278396 -123.97085519596672
frame0342.jpg 0.8083259040843316 0.0706985223359689 -125.13917550292425
frame0343.jpg 0.8101500639951806 0.0679982199229417 -126.39074956596119
frame0344.jpg 0.8081968627992032 0.06413435408144535 -126.12166548998914
frame0345.jpg 0.8096209370254905 0.06115791183766268 -126.53309582565143
frame0346.jpg 0.8172936637249517 0.05764483104748031 -126.85582282758583
frame0347.jpg 0.8120236700143217 0.05789417810683128 -127.97641323551707
frame0348.jpg 0.8128564084760704 0.05541896386715845 -127.53976162084092
frame0349.jpg 0.8160097418254699 0.051372824122711935 -129.70777795235585
frame0350.jpg 0.8220616385277228 0.04615460525444126 -129.09472308489296
frame0351.jpg 0.8209560160971097 0.04386760074966123 -128.4021455010879
frame0352.jpg 0.8217197295294514 0.0408513779986272 -129.90646914343426
frame0353.jpg 0.8246123672388666 0.03713127443408365 -129.5405385801807
frame0354.jpg 0.8280767581550521 0.03222834021098892 -132.00759884634965
frame0355.jpg 0.8316258035433948 0.02810975216874706 -130.81926187302537
frame0356.jpg 0.8317271554258907 0.025075930565244764 -130.9272719489608
frame0357.jpg 0.8351995658042756 0.02130779225163432 -131.49264451172826
frame0358.jpg 0.8359995936448775 0.017889217702189097 -131.97359720931962
frame0359.jpg 0.8371633336093148 0.01526302312535188 -134.61099540102768
frame0360.jpg 0.8395513796674545 0.011406388621758246 -133.79854128090568
frame0361.jpg 0.8406213922631947 0.008401655656165795 -135.45847678828432
frame0362.jpg 0.8425175059541551 0.004667960658266857 -133.90343293521423
frame0363.jpg 0.8445575863255241 0.0006497480562349113 -134.52809471071197
frame0364.jpg 0.8470091286987875 -0.003466776442371755 -134.64195786827815
frame0365.jpg 0.8475272457917487 -0.006365382293332833 -135.20710949852506
frame0366.jpg 0.8496722464131433 -0.010317263382092212 -135.7726751675864
frame0367.jpg 0.8522869143779729 -0.01716827843622637 -138.7094716924605
frame0368.jpg 0.8632931495552968 -0.02660632273120433 -139.09610568180688
frame0369.jpg 0.8547494544174163 -0.02458131803892044 -137.87821485151008
frame0370.jpg 0.8547373577840345 -0.0245756079701942 -137.87436151186523
frame0371.jpg 0.8565698947337431 -0.028229406834189837 -138.50675512604946
frame0372.jpg 0.8577961370031961 -0.03180539343732863 -138.82778737802295
frame0373.jpg 0.8603046610769978 -0.03605677596391532 -139.46257142760257
frame0374.jpg 0.8610390298300872 -0.0395732339475372 -139.72753911075114
frame0375.jpg 0.8622186578546229 -0.04352535554592768 -140.15621025542092
frame0376.jpg 0.8637200071281455 -0.04776075865450147 -140.53922237279443
frame0377.jpg 0.8648155844141465 -0.051800573501432745 -140.89266916782051
frame0378.jpg 0.8666754479408069 -0.056241643720932766 -143.95643510375808
frame0379.jpg 0.8679140970896763 -0.06053328098808852 -141.76541479164212
frame0380.jpg 0.8692307987338743 -0.0647220876662743 -142.19543184313397
frame0381.jpg 0.8699482939404772 -0.06841212341496566 -145.49896290269714
frame0382.jpg 0.8709022850126189 -0.0726120229936209 -143.17414757245163
frame0383.jpg 0.8719775932808808 -0.07649862842953238 -143.57063428683838
frame0384.jpg 0.8734551719401074 -0.08094789018533455 -143.8921677871123
frame0385.jpg 0.8747218383426341 -0.08541158324810427 -144.2231659942125
frame0386.jpg 0.8756814591444985 -0.08967979790432118 -144.577001386749
frame0387.jpg 0.8797375535148764 -0.09616516737001002 -145.37283051246055
frame0388.jpg 0.8763635165574024 -0.0974484948805442 -149.0058324832454
frame0389.jpg 0.8779312155056083 -0.10209053765339238 -145.9248022513479
frame0390.jpg 0.8780540749565251 -0.10547263873810576 -146.77286536095332
frame0391.jpg 0.8794006017394825 -0.109781580142656 -150.96859683373097
frame0392.jpg 0.8808677012585353 -0.1174860609240458 -148.16198913868217
frame0393.jpg 0.8818169552586077 -0.1213494080950528 -148.78795589279989
frame0394.jpg 0.8818143420572156 -0.12132417687614384 -148.78665198354017
frame0395.jpg 0.8822378695937461 -0.12481839458588 -149.12601710323258
frame0396.jpg 0.8835829320096183 -0.1290351607203073 -149.7640380460223
frame0397.jpg 0.8844021518596059 -0.13305964231040698 -150.3255974188404
frame0398.jpg 0.8854268773803028 -0.13762335061422515 -150.59380699058457
frame0399.jpg 0.8854185093706867 -0.14157293361247192 -150.9252473208144
frame0400.jpg 0.8891252889474868 -0.14820290558487992 -151.33902529978755
frame0401.jpg 0.8861309662723058 -0.1496296146557778 -151.82111743936798
frame0402.jpg 0.8869667906971568 -0.1543169042942587 -152.03798671039155
frame0403.jpg 0.8872085870530151 -0.15837954068876126 -152.4780589375872
frame0404.jpg 0.8880891973503975 -0.1630354856939822 -152.63710765663043
frame0405.jpg 0.8890813128072181 -0.1679560378740078 -153.16268965073755
frame0406.jpg 0.8895210160762891 -0.17233205242714278 -153.6742989395779
frame0407.jpg 0.8899972397506479 -0.1766968461562775 -153.8244494856856
frame0408.jpg 0.8909775571945571 -0.18149294527787133 -154.25689233876236
frame0409.jpg 0.8909582512428222 -0.1855293526453752 -159.810118601691
frame0410.jpg 0.8906911200169092 -0.1893014472825219 -154.9487803350995
frame0411.jpg 0.8907110591410637 -0.1932718885401415 -155.45682952787232
frame0412.jpg 0.8912080211499043 -0.1974391818051373 -156.07377462788975
frame0413.jpg 0.8912388133150942 -0.20088823299808906 -156.38801434290505
frame0414.jpg 0.8906437749594411 -0.20414095240019792 -156.56619590932664
frame0415.jpg 0.8917131925888016 -0.2093299081416275 -156.98102641453494
frame0416.jpg 0.8915373308363437 -0.21798040555862772 -157.87071328517533
frame0417.jpg 0.8933855138545443 -0.22377025444572013 -158.2871945149348
frame0418.jpg 0.8923387005226048 -0.22286079839649306 -158.3116924598095
frame0419.jpg 0.8911854642666526 -0.22552152940978626 -159.00432185485397
frame0420.jpg 0.8911737804330859 -0.22883553265389384 -159.47766174725376
frame0421.jpg 0.8927019183349725 -0.2336222335469257 -160.16055739622294
frame0422.jpg 0.8913237301708422 -0.2360621829172567 -160.72231707845177
frame0423.jpg 0.8922621007160251 -0.24109126361900285 -160.8206383005977
frame0424.jpg 0.8916569729705448 -0.24430912390097936 -161.40100559960416
frame0425.jpg 0.8923035663760672 -0.24891846163096096 -161.75320296079795
frame0426.jpg 0.8909345153837335 -0.2516168073988574 -162.40594535083073
frame0427.jpg 0.8893889946121409 -0.2541553220260948 -162.86541901289738
frame0428.jpg 0.8893744971769973 -0.25846542570262565 -163.48859983224258
frame0429.jpg 0.8894682878429668 -0.26245485752907044 -164.05718094500148
frame0430.jpg 0.8882302755586758 -0.26523893124404346 -164.72751786315553
frame0431.jpg 0.8882422632038096 -0.26916774737702714 -165.02535113220108
frame0432.jpg 0.8882926507562539 -0.2733652705463496 -165.71197555542415
frame0433.jpg 0.8878212215047949 -0.2769418792450015 -166.2895395054136
frame0434.jpg 0.8874789782887809 -0.2809032603313625 -166.81489223769933
frame0435.jpg 0.8880318859516732 -0.2861244925939025 -167.1042061795981
frame0436.jpg 0.8873108972236485 -0.28962451005081125 -167.80352760125268
frame0437.jpg 0.8857183636679495 -0.29208991688067604 -168.2728304108946
frame0438.jpg 0.8861073092279546 -0.2968818218787257 -168.7899702109877
frame0439.jpg 0.8865291785724408 -0.30161391882168714 -169.15760634182564
frame0440.jpg 0.8848844001294119 -0.30392497714057115 -169.86903882867645
frame0441.jpg 0.8831480431672925 -0.3096628313606963 -170.96481618924471
frame0442.jpg 0.8831361783460411 -0.3096499745809236 -170.88773385759131
frame0443.jpg 0.882632976332427 -0.3124229407637785 -170.9371447889448
frame0444.jpg 0.8815757496465328 -0.3138497524563081 -178.57177099364415
frame0445.jpg 0.8804434708393106 -0.31479304152182463 -171.226196231807
frame0446.jpg 0.8794075713436588 -0.31505303052845435 -170.9307982278705
frame0447.jpg 0.8794104626847932 -0.3156802816546747 -171.16926605479358
frame0448.jpg 0.8786750515345342 -0.31485703471767656 -170.96562544100917
frame0449.jpg 0.8782407549863019 -0.3142328659254441 -170.91909476487191
frame0450.jpg 0.8789845032712864 -0.3148501274906823 -170.95145835201672
frame0451.jpg 0.8800722881056005 -0.3160666888507991 -171.0108678212847
frame0452.jpg 0.8793053032297931 -0.3151697922612853 -171.079604886486
frame0453.jpg 0.8793020784891179 -0.31515118837847944 -171.06313262154083
frame0454.jpg 0.8794630273448529 -0.31534257334113697 -171.06908991601918
frame0455.jpg 0.8795445423325599 -0.3154300490304265 -171.06138517549624
frame0456.jpg 0.8789453615591483 -0.3147767227952665 -171.1034817516754
frame0457.jpg 0.8805499754666213 -0.316626559677877 -171.12935549586757
frame0458.jpg 0.880383567928677 -0.3164532624557653 -171.12522414355863
frame0459.jpg 0.8793077508379463 -0.3152316087118736 -171.11029612610864
frame0460.jpg 0.8786386616086588 -0.31452583106695875 -171.17593255966577
frame0461.jpg 0.8787498280099386 -0.3146547088252984 -171.0748502968948
frame0462.jpg 0.8784860169460706 -0.31436381353931986 -171.10536132778404
frame0463.jpg 0.8788277888923202 -0.31472869652424595 -171.06222112009868
frame0464.jpg 0.8791176368612471 -0.3150045757568591 -171.01625174401192
frame0465.jpg 0.8790982647364521 -0.3150167352546568 -171.0350894561603
frame0466.jpg 0.8784632607143957 -0.3141706500991545 -178.41003239819347
frame0467.jpg 0.8801953169487142 -0.3162012454168184 -171.10998545961758
frame0468.jpg 0.8804787561874964 -0.3164627488756542 -171.1269379343309
frame0469.jpg 0.8802763670768902 -0.3162307184009601 -171.0899127647695
frame0470.jpg 0.8808423748178539 -0.3169255658931253 -171.0431422657853
frame0471.jpg 0.8808689386521744 -0.3169465915130501 -171.0284019022658
frame0472.jpg 0.8803094602129083 -0.31628589258459383 -171.0049852584808
frame0473.jpg 0.8804462597175796 -0.31644136750766155 -171.02961607398672
frame0474.jpg 0.8805574767145763 -0.3165528189496032 -171.05786799579872
frame0475.jpg 0.8802259462210678 -0.316188955922557 -171.08049322016612
frame0476.jpg 0.8788761358438458 -0.31470459389998795 -170.98113408308345
frame0477.jpg 0.8787240146929696 -0.3145488564528336 -171.00075048560123
frame0478.jpg 0.8787798972483459 -0.3146137044700601 -171.0322913627559
frame0479.jpg 0.8781737772302288 -0.3139439080212262 -171.05053536959159
frame0480.jpg 0.8791842620910482 -0.31502157409367537 -171.0297820175904
frame0481.jpg 0.8786540373091164 -0.3144573078522439 -171.04246616126338
frame0482.jpg 0.8785822710535647 -0.3143633473771348 -171.03166528646437
frame0483.jpg 0.8784194894811563 -0.31421310236637673 -171.00499977509992
frame0484.jpg 0.8789470303868879 -0.31479217687950645 -171.10655689927208
frame0485.jpg 0.8792216847906457 -0.3151118485405582 -171.10246375180824
frame0486.jpg 0.8784391910565059 -0.3142687338840465 -170.99278739221225
frame0487.jpg 0.8792747478595087 -0.3151533445215107 -171.0390052440915
frame0488.jpg 0.8790988166307302 -0.3150272928268111 -171.07545748778784
frame0489.jpg 0.8803958659223228 -0.3164553254726688 -170.93039851419857
frame0490.jpg 0.8803989703377526 -0.3164589180376109 -170.93051757535432
frame0491.jpg 0.8790113010456685 -0.31486138807582204 -171.08481989006177
frame0492.jpg 0.8800968822755566 -0.3161753852743798 -171.02336022219916
frame0493.jpg 0.8797688507933109 -0.3158070114697962 -171.01494101826054
frame0494.jpg 0.879409324552331 -0.31532758710815323 -171.03783776336564
