frame0000.jpg 0.0 0.0 -0.0
frame0001.jpg -0.00031654692807433165 -0.00018954482881172825 -0.01425044910410225
frame0002.jpg -0.0013473115736212845 -0.0006657317332555162 0.25671080654393863
frame0003.jpg -0.001095884714862246 -0.0005207703927227552 0.34609768165830185
frame0004.jpg -0.001095884714862246 -0.0005207703927227552 0.34609768165830185
frame0005.jpg -0.001095884714862246 -0.0005207703927227552 0.34609768165830185
frame0006.jpg -0.00043750128417905466 -0.0002456897309369585 0.05680970779074041
frame0007.jpg -0.0004655403023164951 -0.0002591914286824964 0.0644455439591631
frame0008.jpg -0.00018191264072269384 -0.00012519956948622312 0.07734071980838911
frame0009.jpg -0.00037049298309750086 -0.00018766399154110006 -0.011630098633714852
frame0010.jpg -0.0008968057837666711 -0.0004508255056972622 0.13508957978899971
frame0011.jpg 2.287842597979579e-05 -0.0001090948231602532 0.014544563443711972
frame0012.jpg -0.0017695873436858406 -0.0009106736570725623 0.3007599385415406
frame0013.jpg -0.0008196494836098643 -0.0004231768403751998 0.09451140637737956
frame0014.jpg -0.0008418051375974942 -0.0004290940716746401 0.15288201665820575
frame0015.jpg -0.0009393832127809156 -0.0004719578510512149 0.18075015548286869
frame0016.jpg -0.00035182669806728834 3.353883136078775e-05 0.9945649347394444
frame0017.jpg -0.0002171470778519621 0.00010367035014678276 0.9772189386225322
frame0018.jpg 5.181828404737348e-06 -4.187266678907102e-05 -0.16112134678444684
frame0019.jpg -0.00036274725802206 3.829527894113878e-05 0.9906493166375371
frame0020.jpg -0.0003683790923216541 -0.00017850333011990924 -0.0051709698438267785
frame0021.jpg -0.0005706200773540807 -0.00026767130808249705 0.0799234737900009
frame0022.jpg -0.00048678964435594523 -0.00023147743822047096 0.06620908527269936
frame0023.jpg -0.0004373154047055268 -0.00020820587292358405 0.053984390882154884
frame0024.jpg -0.00017369358669968338 -9.64596031936465e-05 0.010601785831867879
frame0025.jpg -0.00023440011900762705 -0.00010953074418770842 -0.001234151974784364
frame0026.jpg -0.00025901488244860736 -0.00012156655218938755 0.003015508343462619
frame0027.jpg -0.00025828966555599533 -0.00012675655483773522 0.016206612742570868
frame0028.jpg -0.00024167842420293905 -0.00011966908513658326 0.018503329228179686
frame0029.jpg -0.0006621347088351041 -0.00034744563779330324 0.13156894431893248
frame0030.jpg -0.00019611640050070525 -0.00011240288786915073 0.01769665015025872
frame0031.jpg -0.00019611640050070525 -0.00011240288786915073 0.01769665015025872
frame0032.jpg 0.0005515106501194124 0.0002311247779286353 -0.13767461076370174
frame0033.jpg 1.7878995814925912e-05 -2.4107316258646853e-05 -0.1071437220739189
frame0034.jpg 0.00018989814114983464 1.0411645156966986e-06 -0.2004618431853545
frame0035.jpg -9.413870065437873e-05 -6.64428298749959e-05 -0.14322267808419095
frame0036.jpg 7.216932944480086e-05 -1.441207655537644e-06 -0.1592167651031856
frame0037.jpg 0.00023586424015944663 4.573113748325604e-05 -0.17482786404853473
frame0038.jpg 0.00022416957382009458 4.478372277289063e-05 -0.18619136341894674
frame0039.jpg 0.00013075619929081304 5.78555339409193e-06 -0.13939260728837258
frame0040.jpg -0.0002562682086860914 -0.00017066948820816942 -0.09048395596832448
frame0041.jpg -0.0004910774502051547 -0.0002755217503078322 -0.06675848849411717
frame0042.jpg -0.00020168990807726766 -0.00014862326092595496 -0.12313313134330998
frame0043.jpg -0.0004319671661254795 -0.00025777547867904244 -0.08005519575208125
frame0044.jpg -0.0009691477536742142 -0.0005112804075143789 -0.029700820924503657
frame0045.jpg 0.0001983625511835552 5.139754237307029e-05 -0.16751876671097155
frame0046.jpg -0.0005817823711427639 -0.0003192968684950073 -0.013885922866303616
frame0047.jpg -0.0007746488386293128 -0.0004077261394301352 0.02206292116279053
frame0048.jpg 0.00014069064120035722 6.691160284215114e-05 -0.08167552837031045
frame0049.jpg -0.0004547440887359083 -0.00025494052779294704 -0.04506018674981034
frame0050.jpg -0.0004454159871695201 -0.00024702700005461195 -0.04566481032146985
frame0051.jpg 0.00020385746666521832 6.733331548031365e-05 -0.1377387723747573
frame0052.jpg 9.633808127743782e-05 -2.6687106842453078e-05 -0.0067271532274292565
frame0053.jpg 9.023364369144952e-05 -1.227082287954211e-05 0.0090098105567012
frame0054.jpg 8.981720221319309e-05 -1.2536452955683356e-05 0.009236399186004813
frame0055.jpg 7.110342900180889e-05 -2.1046896014852048e-05 -0.002746127157424084
frame0056.jpg 6.009411844488438e-05 -2.892108919083067e-05 -0.005811852472010996
frame0057.jpg 1.901747829769104e-05 -4.797652959018144e-05 0.0019640236727718253
frame0058.jpg 3.2321399323444385e-05 -4.054867255700653e-05 -0.013673953590234256
frame0059.jpg 5.318405897718025e-05 -2.890948193922537e-05 -0.01404702922705509
frame0060.jpg -4.197136802637867e-05 -7.892358092529026e-06 0.05387394994132335
frame0061.jpg -0.0011367963050989186 -0.0005439737584959376 0.18705742936753367
frame0062.jpg -9.213396162446013e-06 -1.2180869979560746e-05 -0.07869587386889987
frame0063.jpg -0.0001752435132681743 -8.029220457973382e-05 -0.042809311824212284
frame0064.jpg -0.00028746901728636927 -0.0001712480241327557 0.03640290983743074
frame0065.jpg 0.00011094162857988994 2.664105349483367e-05 -0.01600923195481891
frame0066.jpg 6.7883905737269e-05 1.3275407124509665e-05 -0.006608501106335457
frame0067.jpg 9.675796126826024e-05 3.398891676809529e-05 -0.014564092768923068
frame0068.jpg 0.00010260111106549056 3.922408516596974e-05 -0.030624397948938068
frame0069.jpg 0.00013303432201948153 4.04061388430675e-05 -0.040571839139217865
frame0070.jpg 0.00013555185819026666 6.869848630595129e-05 -0.053874802156090695
frame0071.jpg 0.00018199048206706523 8.882776072688906e-05 -0.06630886068903981
frame0072.jpg -0.0004357977227853446 -0.00020857709920947667 0.0524862877540488
frame0073.jpg -0.0007524646711423876 -0.0003564480511643564 0.10834104634034906
frame0074.jpg 8.820776029586157e-06 -1.25679378556516e-05 0.010985931590777494
frame0075.jpg 2.3458819965827646e-05 -8.10269019236651e-06 0.00884645755420582
frame0076.jpg -0.00010539699220202508 -6.972323917382886e-05 0.02362524442690629
frame0077.jpg -0.00015801187788117135 -8.293405526438629e-05 0.0804182752117875
frame0078.jpg -0.0004202189280194081 -0.00022702537806197832 0.13178155928760085
frame0079.jpg -0.0005340694541866945 -0.0002686959519980125 0.16050312310544965
frame0080.jpg -0.0005340694541866945 -0.0002686959519980125 0.16050312310544965
frame0081.jpg -0.00042582484048058036 -0.0002264518277007885 0.12395809080434685
frame0082.jpg 5.0807333892533586e-05 2.3523033322820748e-05 -0.0019673951161521615
frame0083.jpg 3.979571273458835e-05 1.881661437598236e-05 -0.006381732178155171
frame0084.jpg 9.415334521391845e-05 4.2857992945305906e-05 -0.011492792796556428
frame0085.jpg 0.00023456900828580185 0.00011178207854117856 -0.030509400690808493
frame0086.jpg 1.2780424573984985e-05 -9.080397879256078e-06 0.034031429976676894
frame0087.jpg -8.195779175440083e-05 -6.407338282411134e-05 0.03186797710153828
frame0088.jpg -7.147780282629196e-05 -1.227655406466949e-05 0.041948903137346366
frame0089.jpg -2.458536429915252e-05 9.903070198234364e-06 0.020574634033070995
frame0090.jpg -0.0012195237908974854 -0.0005790996387586841 0.15747808135995506
frame0091.jpg -0.0014421037708188026 -0.000727969289269053 0.10951522046850276
frame0092.jpg -0.0010134162342802589 -0.0005385430071387276 0.013659659441388184
frame0093.jpg -0.0012826932195632757 -0.0006639449235340215 0.05383243646658668
frame0094.jpg -0.0016919706912240115 -0.0008323249139233959 0.08040734266929869
frame0095.jpg -0.0019351462709965852 -0.0009468684404217957 0.1373300972712027
frame0096.jpg -0.002147410370259603 -0.0010449367197969258 0.17817662209288618
frame0097.jpg -0.0009484375546048766 -0.00028850240061647803 0.8831016187281805
frame0098.jpg -0.002185068026573901 -0.0010499563893155237 0.16927101584962762
frame0099.jpg -4.826750609882203e-05 -8.004122230417473e-05 -0.024375602145177488
frame0100.jpg -0.0004883120231530179 0.0008068145993670349 -0.3020530655806279
frame0101.jpg -0.0015497406275964724 0.0022480983269709304 0.3560269228381843
frame0102.jpg 0.0005189659914134688 0.0042833824788208255 -1.0110524249587205
frame0103.jpg 0.0016849593900359029 0.00622901571257844 -1.30680058392764
frame0104.jpg 0.0019983749082165547 0.00638430187552738 -1.3639363198721073
frame0105.jpg 0.00249913572191756 0.008623240779797342 -2.090093443044609
frame0106.jpg 0.0038508966166033295 0.01122031758529738 -2.5229474216245773
frame0107.jpg 0.0033260447777775665 0.013156556908081771 -2.7620685665609743
frame0108.jpg 0.004349139775530936 0.01575742517685867 -3.3816486431624506
frame0109.jpg 0.005085831808544132 0.01816156886774925 -3.8007806320232342
frame0110.jpg 0.0068540219114819395 0.021453173488408292 -4.6917294302275305
frame0111.jpg 0.008015723799786862 0.024587604099511797 -5.266692618209428
frame0112.jpg 0.008534466512429107 0.02727765599339329 -5.5396711567490655
frame0113.jpg 0.009393081661025069 0.029970148563929818 -4.859980172879203
frame0114.jpg 0.01269894401526482 0.0334672103311231 -6.614980849813748
frame0115.jpg 0.014614377800300638 0.036678271755823166 -6.911452965553242
frame0116.jpg 0.016302147006768276 0.03990645128803495 -7.52434883605173
frame0117.jpg 0.017849437078113276 0.04322777781268345 -8.064821872742106
frame0118.jpg 0.019885098096051396 0.046922302570984425 -8.374652953520991
frame0119.jpg 0.021510559424460653 0.0507024669065137 -7.52013162821288
frame0120.jpg 0.024598726393352185 0.05431462364548464 -9.19417980331824
frame0121.jpg 0.025664763802979985 0.0574214719340016 -9.585363281811697
frame0122.jpg 0.027745674468292705 0.06110300729495825 -8.267238526120549
frame0123.jpg 0.029243571065458086 0.06405451133813868 -10.019598042099478
frame0124.jpg 0.03460650038162167 0.07190616537987504 -10.655247967343627
frame0125.jpg 0.037741513699860674 0.07602252595427933 -11.19852894437065
frame0126.jpg 0.03883794400497391 0.07939270310911002 -9.978950568641002
frame0127.jpg 0.04094328324481407 0.08265017744660966 -10.571437149816273
frame0128.jpg 0.04018134643996005 0.08222359885536526 -11.580375609955736
frame0129.jpg 0.04343229373455222 0.08579619964074298 -12.497596006836078
frame0130.jpg 0.04522558760437642 0.08924105770081628 -11.41899095301708
frame0131.jpg 0.0477067769754089 0.09244676951118014 -13.311727808811236
frame0132.jpg 0.0508367507701139 0.0961558915192574 -13.7944705595288
frame0133.jpg 0.0532248067484534 0.09942181878396827 -14.27417780665488
frame0134.jpg 0.05407682223917548 0.10258444359622326 -13.121937916165875
frame0135.jpg 0.056561426636948166 0.1056308675634716 -15.125977816679162
frame0136.jpg 0.05907060978826585 0.10909016984482303 -14.149925666386988
frame0137.jpg 0.061115924649830726 0.11192680274586796 -14.594609335907734
frame0138.jpg 0.06300135165411827 0.11472502189358158 -15.141902548715795
frame0139.jpg 0.06607305779482517 0.11802737495165637 -15.814991295364065
frame0140.jpg 0.06927324142262332 0.12107487184342257 -17.733384965035007
frame0141.jpg 0.07138102453589315 0.12382863946387428 -18.181426501653654
frame0142.jpg 0.07516984022821609 0.12729276149904392 -18.837499805626678
frame0143.jpg 0.07755879408625263 0.13077819083058778 -19.337139281710765
frame0144.jpg 0.08005950345661766 0.13398156585012122 -18.128432347361684
frame0145.jpg 0.08395939403589357 0.13684866344503518 -20.41847634443685
frame0146.jpg 0.08603606454989815 0.14031201951240588 -19.222166527513608
frame0147.jpg 0.08842480437902861 0.14325590375048164 -20.868292532264466
frame0148.jpg 0.09451494893676364 0.14937388247103978 -21.96589049010848
frame0149.jpg 0.09399952023362117 0.15233266608522095 -21.426220246427288
frame0150.jpg 0.10015824191114406 0.15576860726885094 -22.674958758096533
frame0151.jpg 0.10048532834454267 0.15883040120920605 -21.439679104277985
frame0152.jpg 0.09969180844355544 0.15865069600671178 -22.199906383591053
frame0153.jpg 0.10393477939806303 0.16224470692634874 -21.858647940597557
frame0154.jpg 0.1081936387407962 0.16509758805070066 -23.563728769035173
frame0155.jpg 0.11082407577878843 0.167984384909397 -24.126502133551014
frame0156.jpg 0.11433037852442847 0.17141074862921854 -23.23751519605087
frame0157.jpg 0.11596243179857285 0.1741940158350282 -23.375315600057483
frame0158.jpg 0.11822050205627604 0.17698827556754582 -24.874182312725466
frame0159.jpg 0.11964350290707287 0.1800882050288999 -24.90140502483104
frame0160.jpg 0.12516798476979069 0.1833131541741716 -24.887880295538356
frame0161.jpg 0.12898224993885626 0.18582068759907366 -27.040932603724514
frame0162.jpg 0.13115603906291282 0.18842902759455252 -27.357418086025575
frame0163.jpg 0.13199070113796288 0.1912154679617202 -26.88515062521839
frame0164.jpg 0.13520285277139876 0.19370003995507368 -27.71207609097722
frame0165.jpg 0.14126251292627606 0.196275902036516 -29.0916964655707
frame0166.jpg 0.14390741507068264 0.1991779159262904 -29.34115523898497
frame0167.jpg 0.14715842413429436 0.20200209532345093 -28.10848834439405
frame0168.jpg 0.14875575985766473 0.2044352915689545 -29.183344917384854
frame0169.jpg 0.15207109015643966 0.20731371533626186 -29.09335957156669
frame0170.jpg 0.1562624920270655 0.20997771282650585 -29.15498074262361
frame0171.jpg 0.15987265374775292 0.21252912463080248 -29.552846397529745
frame0172.jpg 0.1650308369351192 0.2178267365049936 -31.121934423867287
frame0173.jpg 0.17077296056582714 0.22036199512822532 -30.89079243151297
frame0174.jpg 0.1736451738146388 0.2231415609086174 -31.33073930390452
frame0175.jpg 0.1754553593466863 0.22577011732476426 -32.54174959159282
frame0176.jpg 0.17541903535964634 0.22577634432879015 -32.52674156253402
frame0177.jpg 0.17877370140218393 0.22813894700071885 -33.20576130666277
frame0178.jpg 0.18174979017640114 0.2305540797058793 -33.250364917911746
frame0179.jpg 0.1855553716285932 0.23281397846642696 -33.74881845856359
frame0180.jpg 0.1889344853392977 0.2348950191948218 -34.09678690453108
frame0181.jpg 0.19174406078215667 0.23712897619286005 -34.53344555008978
frame0182.jpg 0.1948944571567989 0.23926686506946304 -35.44414211685121
frame0183.jpg 0.19892712065325527 0.2412063719921472 -35.18220335564365
frame0184.jpg 0.20267818936406856 0.2431233726866955 -35.714910114266274
frame0185.jpg 0.2038572503020996 0.24564949618760865 -36.69483711425249
frame0186.jpg 0.20773626823285032 0.24762544836012734 -38.26131914633306
frame0187.jpg 0.20954972038327696 0.24991417383470635 -38.228357609540055
frame0188.jpg 0.21265757919872613 0.2515380392750689 -39.36153624473668
frame0189.jpg 0.21584559463235825 0.2535266952418458 -39.433235031511366
frame0190.jpg 0.21796777710674134 0.25526821176798803 -39.50650758845654
frame0191.jpg 0.21979275443861693 0.2570390381603739 -40.49231782281056
frame0192.jpg 0.22314484312139968 0.2585449449031121 -42.12244797958482
frame0193.jpg 0.22500641272147864 0.26065117506068924 -42.00396032126538
frame0194.jpg 0.2282562552126256 0.2621803990051847 -43.22299820399714
frame0195.jpg 0.23208331674754745 0.263893532928189 -44.1625662086719
frame0196.jpg 0.2379388887843985 0.2674871066171162 -45.27397035214154
frame0197.jpg 0.2410992791683071 0.2692802689091762 -45.7238859123716
frame0198.jpg 0.2434923188339779 0.27199412333164474 -45.10544114603487
frame0199.jpg 0.24746101381174954 0.27349031282582176 -45.39109499569582
frame0200.jpg 0.24697698844385696 0.2736877116511572 -45.45561831843514
frame0201.jpg 0.25093467511760803 0.2752962795114312 -45.8605662614969
frame0202.jpg 0.2556987081333214 0.2762874565793155 -47.73639725021422
frame0203.jpg 0.2581011071606869 0.2787355179217031 -47.3623394616771
frame0204.jpg 0.2615795019872309 0.2802224247632883 -47.99753919319794
frame0205.jpg 0.264943808425667 0.28200754727651944 -48.014866030002096
frame0206.jpg 0.26862944951823897 0.2836080469483964 -48.657787699051504
frame0207.jpg 0.2736008864892272 0.2845704960246389 -48.4715964963029
frame0208.jpg 0.2760962492738733 0.28656958751435824 -49.175575987466146
frame0209.jpg 0.28000316509237444 0.28796854816176426 -49.26277393720753
frame0210.jpg 0.2844431353575154 0.2890659043641827 -50.27507642102768
frame0211.jpg 0.2873376314841398 0.29102145358941384 -50.57186768487475
frame0212.jpg 0.2918043446621652 0.29214214802615857 -50.88335018971488
frame0213.jpg 0.2964779864183161 0.2938720939423439 -51.42022227763193
frame0214.jpg 0.3007137767186667 0.2949912490748361 -51.4079774254796
frame0215.jpg 0.3052208978924793 0.29588194381756105 -52.17223341483078
frame0216.jpg 0.3096478078238366 0.29689895857456616 -52.62123041944767
frame0217.jpg 0.3146873232365997 0.29663025172908103 -53.230269414820654
frame0218.jpg 0.3180881215115617 0.29851351249317304 -53.620049861110715
frame0219.jpg 0.3228553707256131 0.2996751308951915 -53.429896284855474
frame0220.jpg 0.3294726032887031 0.30281820668852544 -54.60368400340917
frame0221.jpg 0.33358920230076256 0.3038179633244769 -55.40439399880148
frame0222.jpg 0.33895349114439244 0.3034711357993851 -54.90188039205327
frame0223.jpg 0.3423631425373106 0.3061888646222307 -56.199332889444236
frame0224.jpg 0.3423676951635286 0.306173950343113 -56.18890659066682
frame0225.jpg 0.3467393014063412 0.3060350984852925 -57.1856443738302
frame0226.jpg 0.35093276352244235 0.3073241359389705 -56.872874818404796
frame0227.jpg 0.35503904704125705 0.3081035458229284 -58.00594943737127
frame0228.jpg 0.3591747694395473 0.30910345413597995 -58.115808253128534
frame0229.jpg 0.3635863924256209 0.30964939612152903 -58.117364586158374
frame0230.jpg 0.3676917234813292 0.31068342655770675 -58.7415524415058
frame0231.jpg 0.3714577363504026 0.3114977290372273 -59.58070462077421
frame0232.jpg 0.3747912259839372 0.3123332018756036 -60.29713782958288
frame0233.jpg 0.3780943002034621 0.31343486009735205 -61.19938307314561
frame0234.jpg 0.38142689074059816 0.31476229264137384 -61.257222613247166
frame0235.jpg 0.3846726970883695 0.31548750543887033 -61.50650985096979
frame0236.jpg 0.3874377218146911 0.31604970507308777 -62.74378254833715
frame0237.jpg 0.3902126289979327 0.3171133025514318 -63.166350508791595
frame0238.jpg 0.39291001166626216 0.3177987858940385 -63.648728360055145
frame0239.jpg 0.3958990825606708 0.3190666413189906 -63.946659176921514
frame0240.jpg 0.3991067086384364 0.31989069871451736 -64.24237107059224
frame0241.jpg 0.4020335654976985 0.3204398383584201 -65.24602011259691
frame0242.jpg 0.4052287890065925 0.320635126128 -66.23931803375149
frame0243.jpg 0.4118061558006595 0.3222876641194625 -66.69200685822045
frame0244.jpg 0.4152001282987107 0.3226758574517276 -67.68819273958457
frame0245.jpg 0.4187595708629612 0.3228313349467853 -68.20766260657183
frame0246.jpg 0.4223948877370843 0.3230752736812958 -68.8584228695803
frame0247.jpg 0.4258180442667061 0.32286208530662136 -69.52641370981337
frame0248.jpg 0.4258112563253821 0.3228577543073119 -69.53305745965088
frame0249.jpg 0.4293049123802191 0.3231704111655193 -70.37124326279411
frame0250.jpg 0.4330491991569954 0.32342510386823564 -70.67628768768884
frame0251.jpg 0.43682602047145497 0.3233406594102313 -70.9101956339602
frame0252.jpg 0.4406099007708717 0.3233171749182088 -71.48288392420875
frame0253.jpg 0.4446060982353953 0.32353462081326706 -72.4870888059117
frame0254.jpg 0.4485514466503607 0.322878331381052 -72.18231953580266
frame0255.jpg 0.4526853052049074 0.32294792786706145 -73.07562394417067
frame0256.jpg 0.4568097838172158 0.32293265088244044 -73.68302514898477
frame0257.jpg 0.4608825644484294 0.3222223870349711 -74.04563591552329
frame0258.jpg 0.4649448847249865 0.32144868116129793 -74.17146632684376
frame0259.jpg 0.46892181815659 0.3216728101131884 -75.17166341621913
frame0260.jpg 0.4726025866937568 0.3209150521149285 -75.43487462320763
frame0261.jpg 0.4764459248643198 0.3210252360126895 -76.33763049209131
frame0262.jpg 0.4803279281156322 0.3208859739987769 -76.5927010414045
frame0263.jpg 0.4837050356068228 0.3199507727887999 -76.98942489350321
frame0264.jpg 0.4875485945199289 0.3198760284949698 -77.49293076017426
frame0265.jpg 0.491135929936496 0.3202375597347337 -78.63269048923632
frame0266.jpg 0.4944736012941972 0.3195923700203376 -79.00492887988878
frame0267.jpg 0.4978805127298941 0.3189650133140215 -79.40576226804052
frame0268.jpg 0.5050801492357929 0.31822869106098645 -80.88554604834894
frame0269.jpg 0.5087764135157044 0.31815400742493594 -81.5778819711482
frame0270.jpg 0.5119434480009254 0.31756159857608485 -82.09374932368547
frame0271.jpg 0.5154096427062484 0.31720115706219 -82.86034049599664
frame0272.jpg 0.515425126017771 0.3172067594898801 -82.85951818844876
frame0273.jpg 0.5188865938299254 0.3162815459420785 -83.35400733030463
frame0274.jpg 0.5187868668889145 0.3162035116029337 -83.38173312144914
frame0275.jpg 0.5252764871619747 0.31463818051430154 -84.56847039797191
frame0276.jpg 0.5291865685060624 0.3145547155412585 -85.45148038657152
frame0277.jpg 0.5325369579156564 0.3136350561758052 -85.89798921424091
frame0278.jpg 0.5352640489176739 0.3123483294619507 -86.33442924003441
frame0279.jpg 0.5384778724232127 0.3111598946112005 -87.0077705603494
frame0280.jpg 0.5421362875496111 0.3103075328917297 -87.312868465968
frame0281.jpg 0.545706442273472 0.30928966620052945 -88.02426031482912
frame0282.jpg 0.5503190416160934 0.3090704357766662 -89.04473702744917
frame0283.jpg 0.5533738697083118 0.30761335975745263 -89.70002617314816
frame0284.jpg 0.5568198616214698 0.3069058528338651 -90.39226587729837
frame0285.jpg 0.5598788228519713 0.3056666013311685 -90.78172918192627
frame0286.jpg 0.5634008098578294 0.3048048565564643 -91.54513430692106
frame0287.jpg 0.5663184976659152 0.30388432244057595 -91.97185503979318
frame0288.jpg 0.5700483847573905 0.3030773888171867 -92.66866058074368
frame0289.jpg 0.5733380345071492 0.3017990879305709 -93.01538737749257
frame0290.jpg 0.5754959750148224 0.3004927141922455 -93.4603797191889
frame0291.jpg 0.578626847691458 0.2995066903625008 -94.09997071951597
frame0292.jpg 0.5844886865982927 0.296787804179773 -95.30549456062425
frame0293.jpg 0.5894426184292649 0.29664465307567894 -96.2551591432806
frame0294.jpg 0.592939515637143 0.29540389399723177 -96.42271792321287
frame0295.jpg 0.5949801862311497 0.2930986280168029 -97.15557593297837
frame0296.jpg 0.5950198384979449 0.29311595294704484 -97.14857983572307
frame0297.jpg 0.6000204590235978 0.29281526275497194 -97.86120236881266
frame0298.jpg 0.6032865633448513 0.2913106062963741 -98.39965394523858
frame0299.jpg 0.605746101736454 0.2893106646937903 -98.71063696632183
frame0300.jpg 0.6083699145256276 0.28740249935193746 -98.85295506267107
frame0301.jpg 0.6117801914830089 0.2850801601759592 -99.3429418115158
frame0302.jpg 0.6162757414537946 0.2832982116726348 -99.88655106950227
frame0303.jpg 0.6193155763149095 0.2813137807408565 -100.26910450029555
frame0304.jpg 0.6235434544738847 0.279133497710403 -100.50807220456386
frame0305.jpg 0.6267272744926059 0.2766423841872042 -100.76687277825613
frame0306.jpg 0.6324961241337509 0.275271721085436 -101.37762090533784
frame0307.jpg 0.6358419994540401 0.2726082153906897 -101.04535197302789
frame0308.jpg 0.6400215715027692 0.2696888932163246 -101.0665323509138
frame0309.jpg 0.6462724516958646 0.26787179143636913 -101.77707932627112
frame0310.jpg 0.6501440395082849 0.26543959291575137 -102.14111274715384
frame0311.jpg 0.6543836243465615 0.2628199955883711 -102.2653478113296
frame0312.jpg 0.6564385192065738 0.2600046408534772 -102.27464430000418
frame0313.jpg 0.6597353221783565 0.2572622752659205 -102.7500677385508
frame0314.jpg 0.6646627906280711 0.2551179917127846 -102.801474451459
frame0315.jpg 0.6681861702170168 0.2524855475302379 -103.5719042679491
frame0316.jpg 0.6751105442478783 0.247082553388935 -104.1305116805074
frame0317.jpg 0.6808435670097346 0.2449556100714823 -105.04596725602318
frame0318.jpg 0.6860724681474609 0.24272444918481226 -104.89888330539435
frame0319.jpg 0.6862727709218217 0.23929682229123025 -105.23878490095836
frame0320.jpg 0.6870785228172597 0.2394388610151846 -105.300825295516
frame0321.jpg 0.6904003872862068 0.2368608632307919 -105.62395571218781
frame0322.jpg 0.6949473186565034 0.2344273615356929 -105.50534476943747
frame0323.jpg 0.7010335635740369 0.2320045008658952 -106.9837268540409
frame0324.jpg 0.7018192966881862 0.22878049932232214 -106.22218539329828
frame0325.jpg 0.7085114724066928 0.22624773274771745 -107.31182661976516
frame0326.jpg 0.710516270839304 0.223337456447082 -107.21559804895753
frame0327.jpg 0.7124494168938709 0.2202816801967828 -107.51845117668671
frame0328.jpg 0.7168964920242361 0.21725285581786805 -108.48599330771495
frame0329.jpg 0.7210661914335044 0.21467525891336656 -108.3049642221128
frame0330.jpg 0.7236285280447488 0.21151922242952825 -109.29648058183099
frame0331.jpg 0.7262075709168867 0.2083619426734836 -109.61658664079599
frame0332.jpg 0.7341372882651372 0.205817037342694 -110.1618191658387
frame0333.jpg 0.7385813629682971 0.20277234198839708 -110.4532841947489
frame0334.jpg 0.7380960152302619 0.1994428424829881 -110.45258598649258
frame0335.jpg 0.7424324181561508 0.1964448380403836 -110.47552284607875
frame0336.jpg 0.7458850076720995 0.19337802148082486 -110.69391029926183
frame0337.jpg 0.7497865905676777 0.19050102979408826 -109.97545818889046
frame0338.jpg 0.7540266092483786 0.18761090722505466 -110.3025268203304
frame0339.jpg 0.7616999553393901 0.18120244535162228 -111.64146856418114
frame0340.jpg 0.7651811402517313 0.1782381814494868 -112.00480132562129
frame0341.jpg 0.7704917807158772 0.17516728688272634 -112.36163687325922
frame0342.jpg 0.7729002041929236 0.1722341074395995 -112.68418578734568
frame0343.jpg 0.7749368489748738 0.16955104381054248 -112.22925341498481
frame0344.jpg 0.7740631677821139 0.16942668173487735 -113.18545829998016
frame0345.jpg 0.7830106693513492 0.166241414874722 -113.58579603571945
frame0346.jpg 0.7823703627629601 0.16343520285519064 -112.77453939004914
frame0347.jpg 0.7841608374788233 0.16031456880352934 -113.45557591185693
frame0348.jpg 0.7872123796202695 0.15687525707056474 -114.66537165373632
frame0349.jpg 0.7924658739905552 0.1534092155359702 -115.13856337287467
frame0350.jpg 0.7936207550991385 0.15036357625372446 -115.62525959820408
frame0351.jpg 0.7963271635237179 0.1471964253015869 -115.96640890159537
frame0352.jpg 0.7996700492509071 0.1439946865234456 -116.27952512997524
frame0353.jpg 0.8026835250012506 0.14052409005556432 -116.79554527834725
frame0354.jpg 0.8062328393381295 0.13719536269054788 -117.30152772102392
frame0355.jpg 0.8084549341815546 0.13444169457649466 -116.70073351207074
frame0356.jpg 0.8108771009168453 0.13139825498630914 -117.215833010988
frame0357.jpg 0.8150744652800814 0.12778611052670874 -118.74277428266632
frame0358.jpg 0.8168687930859161 0.1247875045111097 -119.321845740454
frame0359.jpg 0.8189162640369474 0.12158951552490133 -119.51359716222609
frame0360.jpg 0.8228475105307775 0.11780377707976225 -119.98730122381338
frame0361.jpg 0.8237754693748366 0.11474119528041 -120.23331626267253
frame0362.jpg 0.8296886646756971 0.10768856710959496 -121.34994972609798
frame0363.jpg 0.8318575887448003 0.1046184520942951 -120.94888296175262
frame0364.jpg 0.835090903143068 0.10088486142042384 -121.48334407106532
frame0365.jpg 0.8380328564454653 0.09728398062507176 -122.80924088031108
frame0366.jpg 0.8397432731822085 0.09433106175784284 -122.39601417827384
frame0367.jpg 0.8429021039440605 0.09079820194932647 -123.98422721889526
frame0368.jpg 0.8429489947238981 0.09078803646437994 -123.98510158584685
frame0369.jpg 0.8439239939724211 0.08790250020118877 -124.5767164849897
frame0370.jpg 0.8465006896910907 0.08465375325382751 -125.07831463659898
frame0371.jpg 0.8483233202242471 0.08154328246886844 -125.45060869495069
frame0372.jpg 0.8509866249746653 0.07840546727961295 -126.10133879767415
frame0373.jpg 0.8527827530255221 0.0754208872719963 -125.91768736867783
frame0374.jpg 0.8544223741187273 0.0724228578925834 -126.7938553246378
frame0375.jpg 0.8574572280162567 0.06871301011775544 -126.93082680016681
frame0376.jpg 0.8589586529357767 0.06543409338974432 -127.31277709077298
frame0377.jpg 0.8707646337231207 0.059269162037565874 -129.62295406837163
frame0378.jpg 0.865102590932363 0.058308240601748725 -129.66747093984958
frame0379.jpg 0.8671290078054757 0.055303821831217785 -130.3313797451432
frame0380.jpg 0.8680815366637789 0.052427942412865136 -130.84314854490697
frame0381.jpg 0.8700615724883121 0.04885473690939901 -131.22699496177316
frame0382.jpg 0.8715088393769261 0.04520571433358755 -131.5854844108128
frame0383.jpg 0.8748076277823933 0.04115412177840755 -132.1947949208776
frame0384.jpg 0.8751268954287081 0.037996411429665256 -131.8197824805831
frame0385.jpg 0.8840544431483995 0.03171940692466402 -132.80871946984593
frame0386.jpg 0.8795411575662808 0.03036693163744658 -132.6444683985458
frame0387.jpg 0.8818504955185319 0.02609053938995609 -133.86772337406276
frame0388.jpg 0.8876054931452562 0.017511955377631616 -134.52278959201644
frame0389.jpg 0.8872433990665229 0.01459264406305649 -135.04886774672764
frame0390.jpg 0.8903936730702975 0.010081869903115936 -135.35512609279004
frame0391.jpg 0.9000705091474991 0.0029510710872893147 -136.03732086951183
frame0392.jpg 0.901779218451434 0.002297432963289548 -136.09735945399083
frame0393.jpg 0.8958778413706326 0.0008645085106726014 -135.9476803626944
frame0394.jpg 0.8954407756850573 -0.002732891457408848 -135.99861296088685
frame0395.jpg 0.8963984177816886 -0.006604632399963117 -136.52221774894326
frame0396.jpg 0.9002076136435762 -0.01134560990781941 -137.13031081504658
frame0397.jpg 0.9000916392339746 -0.0142524271559466 -137.1963012700332
frame0398.jpg 0.9017733691477154 -0.018173176603100586 -137.78126288359658
frame0399.jpg 0.9022185112052574 -0.021278024108521643 -138.17633834580602
frame0400.jpg 0.915665925514111 -0.030211508640056506 -139.301858869908
frame0401.jpg 0.9064909538829576 -0.029150495774192875 -138.565597850674
frame0402.jpg 0.9078838135865026 -0.033113509091095165 -139.94085341102573
frame0403.jpg 0.9103512404187658 -0.03751331681798331 -140.4458810263568
frame0404.jpg 0.921407917831814 -0.0461169019029839 -140.89458967913242
frame0405.jpg 0.9138534877619726 -0.045656512917304604 -140.9073563994984
frame0406.jpg 0.9125591401692604 -0.048341853405303385 -141.87295131071212
frame0407.jpg 0.9216377654578048 -0.05562359453079824 -142.19037412340145
frame0408.jpg 0.9192744222582016 -0.05755458797019593 -143.42075097943763
frame0409.jpg 0.9139393715825588 -0.05777948111710274 -143.5186423475177
frame0410.jpg 0.9304067753852238 -0.06949821416577606 -144.18129671174827
frame0411.jpg 0.9220812018544629 -0.06838434105827784 -144.59357512668518
frame0412.jpg 0.9208996402957546 -0.07418425823547893 -145.55893067377784
frame0413.jpg 0.9219623493592676 -0.07763186174714992 -146.35249642139138
frame0414.jpg 0.9228664634307768 -0.08169938819462136 -146.89541903366054
frame0415.jpg 0.9242902272278776 -0.08593395965806283 -147.36577880584147
frame0416.jpg 0.924521546815228 -0.08608177184608568 -147.32625885048355
frame0417.jpg 0.9251470997716736 -0.0897465349028313 -147.79957450352
frame0418.jpg 0.9255716133856844 -0.09329157929567698 -148.664862417508
frame0419.jpg 0.9290223632677934 -0.09847049598239133 -149.13952039961086
frame0420.jpg 0.9286894739700459 -0.10194454636881968 -149.42883075750217
frame0421.jpg 0.9311354486189141 -0.10684723542345154 -150.27642278693386
frame0422.jpg 0.9293774504294858 -0.10910121180849493 -150.7095357115219
frame0423.jpg 0.9303124209761996 -0.11284860393231848 -151.1949979003075
frame0424.jpg 0.9307834035095984 -0.1160401724071225 -151.84706926826897
frame0425.jpg 0.9325164466002264 -0.11989811361000202 -152.7364475262513
frame0426.jpg 0.9338706059167088 -0.12369091792230115 -152.96782996128354
frame0427.jpg 0.9327527589252338 -0.12644502591421147 -153.77703101638127
frame0428.jpg 0.9341839969817466 -0.13046529020598358 -154.7545587050263
frame0429.jpg 0.9342066239200632 -0.13385640516680786 -154.84795476342697
frame0430.jpg 0.9351917293834676 -0.13779593013339309 -155.64457275560372
frame0431.jpg 0.9360344280136847 -0.14154490859725666 -155.92696775072216
frame0432.jpg 0.9361075223452112 -0.14486980804283414 -156.62247103523987
frame0433.jpg 0.9367003050034012 -0.14872851427949255 -157.18478751752812
frame0434.jpg 0.9368679994897432 -0.15231254207549416 -157.8233118091576
frame0435.jpg 0.9373548581340008 -0.15613772003942386 -158.2134792694062
frame0436.jpg 0.938262769712718 -0.16407720372077345 -159.33560221559588
frame0437.jpg 0.9368869056884896 -0.16713859529331546 -159.81071954238254
frame0438.jpg 0.9372067689863908 -0.1710359220181365 -160.19776844284615
frame0439.jpg 0.9375925985049858 -0.1747783308978469 -161.31393558442866
frame0440.jpg 0.9375636754083054 -0.1747614132679441 -161.3341720322239
frame0441.jpg 0.9384491606450379 -0.17945489092680905 -160.9787594341029
frame0442.jpg 0.9369313237505008 -0.18248070150630447 -161.42562198732375
frame0443.jpg 0.9371530891679596 -0.1866995084273177 -161.8418693545183
frame0444.jpg 0.937232525023734 -0.1908065905665584 -162.4691705906482
frame0445.jpg 0.9390599960438416 -0.1960620377273328 -162.90670566320355
frame0446.jpg 0.937224555425463 -0.1983447958756177 -163.4013132863664
frame0447.jpg 0.9384359002491224 -0.2031060732338428 -164.04835865933742
frame0448.jpg 0.9363853363476136 -0.20531742503368103 -164.51491091573035
frame0449.jpg 0.938085386121106 -0.210731257358437 -165.00070735481842
frame0450.jpg 0.9367842624099276 -0.21389560899852111 -165.28290856434543
frame0451.jpg 0.9372570506486604 -0.2181674672337236 -165.9051208669643
frame0452.jpg 0.9359707281361064 -0.22058305220365645 -166.38893476316693
frame0453.jpg 0.935734584504384 -0.2238022881221237 -167.01573556155796
frame0454.jpg 0.9365740967852071 -0.22819122871434244 -167.9460785898454
frame0455.jpg 0.9359268452645508 -0.23148355829719205 -168.40453270777454
frame0456.jpg 0.93548021597054 -0.2351879947776205 -168.97268229176635
frame0457.jpg 0.9357942277000064 -0.2390218598370792 -169.56708022073826
frame0458.jpg 0.935513228052318 -0.2428164543749751 -170.27751289874152
frame0459.jpg 0.9353663013975356 -0.2466121854599272 -170.7302849157556
frame0460.jpg 0.9328676380891734 -0.25113056852938603 -171.241961305956
frame0461.jpg 0.940585445909802 -0.25998073962214885 -171.72686569592076
frame0462.jpg 0.9430321434692268 -0.26382582488932776 -171.6332717080059
frame0463.jpg 0.9294498078138071 -0.2536035214975644 -171.5820269718998
frame0464.jpg 0.9297660568462724 -0.25390597611329857 -171.60092084231133
frame0465.jpg 0.92954881113007 -0.25435747476889337 -171.56721506713
frame0466.jpg 0.9288783010058784 -0.2539986739074019 -171.4340743968565
frame0467.jpg 0.9289268765483673 -0.2540106130724243 -171.40530108484626
frame0468.jpg 0.9288958516101159 -0.253991188561139 -171.44141329673596
frame0469.jpg 0.9294844670198936 -0.2544899513050827 -171.48073464979728
frame0470.jpg 0.9290922183488004 -0.2541163188081076 -171.50601408287145
frame0471.jpg 0.9292505038616926 -0.25431422646144164 -171.4221329769384
frame0472.jpg 0.9294292891162984 -0.2544902435151286 -171.43526308331295
frame0473.jpg 0.9279555992322388 -0.2531588779422597 -171.52142029432343
frame0474.jpg 0.9292939623738176 -0.2543076216853745 -171.55177834994197
frame0475.jpg 0.9300437803780099 -0.25496060749491284 -171.48039881689328
frame0476.jpg 0.929209946375266 -0.25420124697179103 -171.48385310561343
frame0477.jpg 0.93026447663246 -0.25516013803146936 -171.39561191945938
frame0478.jpg 0.9305818380266884 -0.2554166884149112 -171.454141436061
frame0479.jpg 0.92928424516262 -0.25426703014366714 -171.53996797388382
frame0480.jpg 0.9286409543546136 -0.2537291661116294 -171.5071199308384
frame0481.jpg 0.9276160772091748 -0.25281598192574783 -171.50660323035808
frame0482.jpg 0.9290588436181708 -0.25410207492417225 -171.4973317171006
frame0483.jpg 0.9284985410022868 -0.25362027406903564 -171.5478461274796
frame0484.jpg 0.927173326038356 -0.2524254210370365 -171.50651938846008
frame0485.jpg 0.9272443845764521 -0.2525161962901879 -171.5010385557706
frame0486.jpg 0.9278521087230124 -0.25304858841284905 -171.5563770744303
frame0487.jpg 0.9281281535806176 -0.2532827190117147 -171.53081903927762
frame0488.jpg 0.9281422658617836 -0.25329616983038017 -171.5297872403519
frame0489.jpg 0.929475764278376 -0.2544045716218127 -171.46351477991547
frame0490.jpg 0.9287613516786388 -0.2538043927492452 -171.3719590986418
frame0491.jpg 0.9286785976330454 -0.2537548785799876 -171.43590048168772
frame0492.jpg 0.9291616838587904 -0.2541218981053342 -171.4973429716611
frame0493.jpg 0.9293562664151732 -0.2543035282934623 -171.4793721441557
frame0494.jpg 0.929109451577036 -0.254124348900773 -171.60500692003242
frame0495.jpg 0.9291257872034208 -0.254130806959566 -171.59161700433393
frame0496.jpg 0.9293418258342016 -0.254299898012951 -171.4475386349614
frame0497.jpg 0.9275227264689924 -0.2526441260345732 -171.995493044178
frame0498.jpg 0.936362950427826 -0.2602998408062637 -171.8231335511545
frame0499.jpg 0.9279923292522859 -0.2530251913120993 -172.0016049365673
frame0500.jpg 0.9297937691761421 -0.2546851967772545 -171.53974442494962
frame0501.jpg 0.929041190702252 -0.2540641536140421 -171.5647276635204
frame0502.jpg 0.9287984192507882 -0.2538972401167637 -171.57526128031296
frame0503.jpg 0.929004604380914 -0.2540063171701748 -171.55920824233996
frame0504.jpg 0.9287465585043236 -0.2537723930862338 -171.57836391721955
frame0505.jpg 0.9286152715204872 -0.2536982286057283 -171.52834103473614
frame0506.jpg 0.9289483284738452 -0.2539821567250352 -171.58542754848816
frame0507.jpg 0.9292065186723468 -0.2542002692663794 -171.53183126017302
frame0508.jpg 0.929401970806376 -0.25438182953236743 -171.638157523847
frame0509.jpg 0.9284273996730326 -0.2535277163750406 -171.48155852479027
frame0510.jpg 0.9299298300849926 -0.2547442137292606 -171.461357411696
frame0511.jpg 0.9281639920695564 -0.2531852162181563 -172.00307165917155
frame0512.jpg 0.9282272175250944 -0.25323651534466884 -172.03011243285417
frame0513.jpg 0.9293390418595197 -0.2543254057825834 -171.40156651480484
frame0514.jpg 0.9291859302324392 -0.2541705050174262 -171.4906617634654
frame0515.jpg 0.9300269075948226 -0.2548921259954108 -171.48054284266954
frame0516.jpg 0.9304859703835896 -0.25528321736324794 -171.53985782927597
frame0517.jpg 0.929583499960544 -0.2544971338139743 -171.4729228833591
frame0518.jpg 0.929812887330732 -0.25471775563908955 -171.4322935554322
