frame0000.jpg 0.0 0.0 -0.0
frame0001.jpg 0.00044653752468118543 -0.0010078510734282274 0.008193891391343074
frame0002.jpg 0.0006470528063916565 -0.001367929895975273 -0.02023983643695389
frame0003.jpg 0.00048157140958969563 -0.0009937079754555142 -0.004613441159062248
frame0004.jpg -0.00016340058217300125 0.00042966930372197366 0.012367334869452698
frame0005.jpg 0.0005201016482847047 -0.0011735967782426624 0.04621743659743846
frame0006.jpg 0.0004748309663429668 -0.001040528119899082 0.037290733221865206
frame0007.jpg 0.00033485330607789087 -0.0007131200238533077 0.047763812882253495
frame0008.jpg 0.0007174141937397893 -0.001600572620507744 0.08488263401445345
frame0009.jpg 0.0007153314619946168 -0.0016016950443567234 0.10015075286253564
frame0010.jpg -0.00032332463183081336 0.0008761734990365113 -0.01745146897013756
frame0011.jpg 0.0001925994086048844 -0.0003953390073832419 0.1026877864964496
frame0012.jpg 0.00028591493269351456 -0.0006596490351006032 0.10305917015298656
frame0013.jpg 0.00031898737819617773 -0.0006726080714621908 0.05146683483893125
frame0014.jpg 0.00025700319377543006 -0.0005163669444395796 0.053846106032073404
frame0015.jpg 0.00017346474239477976 -0.00038089077503250144 0.07450814493063436
frame0016.jpg 0.0005326065163451074 -0.0011835641146810466 -0.014143530460003368
frame0017.jpg 0.0006485456161804447 -0.001404491663920787 0.012885051645218377
frame0018.jpg 2.079515552075242e-05 -5.6235604516209435e-05 -0.000932542426192616
frame0019.jpg 0.0002399264321915081 -0.0006018276690456785 0.02355967282418104
frame0020.jpg 0.0002789594237337401 -0.0007000859379248927 0.042350924160443115
frame0021.jpg 0.000148118438288312 -0.00034935494010844776 0.08987606965744285
frame0022.jpg 0.00040316836043502983 -0.0008613797084704585 0.06002796180253581
frame0023.jpg 0.0005205194257773395 -0.0011464950213861064 0.051346040456351306
frame0024.jpg 0.00010783492736726262 -0.0001974786122992554 0.05601955290770765
frame0025.jpg 0.00012105128459107021 -0.0001967088921984327 -0.01227414979741706
frame0026.jpg 0.00011578816091105807 -0.00023287464824242848 0.03419437260657783
frame0027.jpg 0.0001516929083964505 -0.00032407889887100925 0.037529187532575406
frame0028.jpg 0.00012968826831831948 -0.00026625104211134225 0.029566144222467908
frame0029.jpg 0.00030106913187835454 -0.0006724534757805999 0.02718650653337369
frame0030.jpg 0.0004971689303605552 -0.0011535122281108015 0.06687535036370065
frame0031.jpg 0.0004971689303605552 -0.0011535122281108015 0.06687535036370065
frame0032.jpg 0.0005360887576932854 -0.0012335539938726685 0.07693747801329365
frame0033.jpg 0.00018925332120232191 -0.00035845772382214243 -0.06396894962745955
frame0034.jpg 6.447579472268955e-05 -6.627997487296086e-05 -0.024572029105165018
frame0035.jpg 0.0006012083661296372 -0.0013115820258681025 -0.046541377203870984
frame0036.jpg 0.0001948239607138115 -0.0004176321199466477 -0.004739028145782515
frame0037.jpg -0.0001906555442026248 0.0005012339478303405 -0.01816618464684637
frame0038.jpg -6.0240796017987514e-05 0.00020673506299642784 0.028617646758593997
frame0039.jpg 5.1965371882048154e-05 -1.2059946422264588e-05 0.010951608091235741
frame0040.jpg 0.0007698491707080477 -0.0018197915778721 0.1265156374845319
frame0041.jpg 0.00034142287863464776 -0.0007890746296528092 0.0035711520966419507
frame0042.jpg 0.0004105106285598755 -0.0008369414660195549 -0.06510422337137313
frame0043.jpg 0.000525023862901801 -0.0011304712195458243 0.06280786433807628
frame0044.jpg 0.0007143390230548878 -0.0015381403659433842 0.049358104422116716
frame0045.jpg 0.0008047838872587513 -0.0018145004006730706 0.07271148721087994
frame0046.jpg 0.000788960962173009 -0.0018095935514747124 0.07965442779709883
frame0047.jpg 0.0007885889465434892 -0.001808662865257957 0.0796602173026195
frame0048.jpg 0.0006068324234051816 -0.0013826337899172114 0.0857783352054437
frame0049.jpg 0.0005645010522022014 -0.0012834885808799198 0.06187377813616071
frame0050.jpg 0.00040886880697557214 -0.0009223101264164266 0.095140411951944
frame0051.jpg 5.930484087374685e-06 1.4466384498418839e-05 0.04818257434370856
frame0052.jpg 0.00032330272895235863 -0.000747295153555245 0.0009325293515175428
frame0053.jpg 8.964552277889671e-05 -0.00019405804276142872 0.03315396216811757
frame0054.jpg 0.0007012240484627077 -0.0015706110325616554 0.030518354401992687
frame0055.jpg 0.0007012240484627077 -0.0015706110325616554 0.030518354401992687
frame0056.jpg 0.00022588151670982783 -0.00045262638313753567 0.04188123265859794
frame0057.jpg 0.0003943449001948892 -0.0008111533045905177 -0.01697644303981786
frame0058.jpg 0.0006610815585339113 -0.0014564380649636124 -0.003125677715406123
frame0059.jpg 0.0006435754071238908 -0.0014033753976898293 0.023984693113347583
frame0060.jpg 0.0003175484324540142 -0.0006131294689161947 -0.020106529476388482
frame0061.jpg 0.000319853827879563 -0.0006353364574287601 -0.12965475502240836
frame0062.jpg 0.00024009316417154765 -0.0004952564314459046 -0.042618424808998134
frame0063.jpg -4.291525378990634e-05 0.00016219374303506917 0.01794774477906317
frame0064.jpg 0.00013336431456515446 -0.0001985142433103656 0.05247354276842909
frame0065.jpg -3.434492348351777e-05 0.000217343708469388 -0.017338712745696094
frame0066.jpg 4.155042110997111e-05 2.4515120181782157e-06 -0.050333002721527485
frame0067.jpg 0.00015166322176188407 -0.0002075363885576567 -0.03774906745465662
frame0068.jpg 0.00017784156675660246 -0.00031138152615487613 -0.03471253397075999
frame0069.jpg 4.88555450941533e-05 1.7966833410227207e-05 -0.04977814957281977
frame0070.jpg -6.231353544278294e-05 0.0003121969914933744 -0.007763478328461925
frame0071.jpg -2.4965901372495146e-05 0.00023061768523208634 -0.044706473913339366
frame0072.jpg 0.00011176833864592607 -0.00010074954398281534 -0.042496844701350005
frame0073.jpg 2.3590329245218955e-05 9.679603310497926e-05 -0.04152977562539503
frame0074.jpg -1.4296489659875284e-05 0.00016917023965478233 -0.030654545907722583
frame0075.jpg -2.541074314155856e-05 0.0002043960730189962 -0.041162313037913484
frame0076.jpg 0.00041110365798288287 -0.0008532130768258938 0.01341151873172704
frame0077.jpg 0.0007816943944659975 -0.0017894236883596636 -0.005165349790371747
frame0078.jpg 0.0004424409947374659 -0.0009819699240698307 0.01901468248993043
frame0079.jpg 0.0004424409947374659 -0.0009819699240698307 0.01901468248993043
frame0080.jpg 0.0003959605513415906 -0.0008347352165992508 -0.021784399620314098
frame0081.jpg 0.0006905901930179331 -0.0015223892970681345 0.017171603091367466
frame0082.jpg 0.000581929940753392 -0.0013078813559689712 0.0511757768495769
frame0083.jpg 0.00068425875589405 -0.0015174949617552894 0.03576272552208716
frame0084.jpg 0.0007165487064681061 -0.0015763128133121404 -0.002527291925829541
frame0085.jpg 0.000820702331957618 -0.001789124307708252 0.034946901177893314
frame0086.jpg 0.0004664749213815917 -0.001025423790592771 0.1106625928903941
frame0087.jpg 0.0007145011239397813 -0.0016224558169524194 0.11345043295692073
frame0088.jpg 0.0005791775558792829 -0.0012877709237562238 0.11576795710309733
frame0089.jpg 0.00036767028230566464 -0.0007855394226057375 0.11324664582224225
frame0090.jpg -0.0002646173085193475 0.0006059004148872398 0.036495838400402984
frame0091.jpg 2.631294348781523e-05 -1.7637471547955127e-05 -0.007843911592944286
frame0092.jpg 7.674540817893545e-05 -0.00018329719905525214 0.0070194007032180344
frame0093.jpg 5.9571416931186085e-05 -7.244110553341674e-05 0.011381225296895607
frame0094.jpg -0.00017100815447082754 0.0004825451420975708 -0.033524207288008964
frame0095.jpg 0.0005380634030055739 -0.001170969895617308 0.020518923378595608
frame0096.jpg 0.0006068343779254723 -0.0013893575498439767 0.014337192706651382
frame0097.jpg 0.000359308253065097 -0.0008575035693115733 0.035573287117372
frame0098.jpg -9.747718416613704e-05 0.00033617240597295787 0.039707055085893415
frame0099.jpg 0.0002109426107300831 -0.00034199894590946213 -0.004793498286937935
frame0100.jpg 0.0004917521892509478 -0.0011392956809728118 0.0497802861191036
frame0101.jpg 0.00010279949873134517 -0.00025233688469202594 -0.0006508534131751203
frame0102.jpg 0.001041206086137356 -0.0022255464388769414 0.16350568978491548
frame0103.jpg 0.000938939037983898 -0.0019614466436525774 0.1264937627985029
frame0104.jpg 0.0007924815119187366 -0.0016529558944978226 0.04305973842065965
frame0105.jpg 0.0003039926728432917 -0.0006141187706735798 0.07215810190283918
frame0106.jpg 0.00013679939667101852 -0.00023867644287550288 -0.020216400701456808
frame0107.jpg 0.0005355258913039998 -0.001098652791531265 0.0035190800257797047
frame0108.jpg 0.00016262036948166652 -0.00024133250458531147 0.005262545487765836
frame0109.jpg 0.0003835999193002611 -0.0008458950733001157 0.07489386053601921
frame0110.jpg -9.273457688712312e-06 0.00011098879834307764 0.045598212817957215
frame0111.jpg 0.0003272110784696237 -0.0005900549042025358 0.018980961986916296
frame0112.jpg 0.0003533366206875504 -0.000691333670728654 -0.00800437459348657
frame0113.jpg 0.00030848491593966427 -0.0007436994842225821 0.09134067765898042
frame0114.jpg 0.00033034365042251904 -0.0008130431717715947 0.054012035421362514
frame0115.jpg 0.0007052028971444582 -0.0015200297783587694 -0.045709763125956634
frame0116.jpg 0.0005039051923163661 -0.001146946744815691 0.041290835876063685
frame0117.jpg 0.0006668983342231001 -0.0015666465080268652 0.10123931260375044
frame0118.jpg -2.3312301481998515e-05 0.00012277771445847938 -0.015302361136714706
frame0119.jpg 0.00034700701548981747 -0.0008558216665376082 0.10043786015718907
frame0120.jpg 0.0002985507258672375 -0.0006930454386532577 -0.021775298450981532
frame0121.jpg -2.4176320820820678e-05 0.00021133451690033127 -0.05998101350119765
frame0122.jpg 0.0006289113732061343 -0.001311645416969393 -0.012178111189963531
frame0123.jpg 0.0008582745176150977 -0.002015922980012407 0.07315164736881458
frame0124.jpg 0.0008390921623345236 -0.0019308583105963942 0.11494037658674255
frame0125.jpg 0.00046991245115614647 -0.0008908770615775393 0.06552648875516566
frame0126.jpg 0.0007105365946633486 -0.0013259916005997792 0.05587834915728046
frame0127.jpg 0.000501816262388076 -0.0008682477932864611 0.04837354773128697
frame0128.jpg 1.8068193060728734e-05 6.374566946451284e-05 -0.015329295855198738
frame0129.jpg 0.0006607260452841959 -0.0014772537257447893 0.0400876389038557
frame0130.jpg 0.0005257087252640589 -0.0010462242798010136 -0.01359568409358902
frame0131.jpg 0.00037290255643211836 -0.000719917809259526 -0.016616597564676736
frame0132.jpg 0.00018390423566450075 -0.0006839043612439532 -0.004730244497686692
frame0133.jpg -0.0003552260837960615 0.0005731630690851853 0.1284011668590027
frame0134.jpg -0.0004914030564235932 0.0013406122260109215 0.26020135693025825
frame0135.jpg -0.00047684906596909445 0.0025439751883469678 0.6835820597409431
frame0136.jpg -0.0017151298699449944 0.007171897953230248 0.6717009887915394
frame0137.jpg -0.003317503787703657 0.012897468053408537 0.8044544919483307
frame0138.jpg -0.0027504318591714053 0.013704011857756085 1.1429006824065524
frame0139.jpg -0.004721299831142025 0.0212995036452199 1.156020114748349
frame0140.jpg -0.004862019193002205 0.0241698255096528 1.3531951260938586
frame0141.jpg -0.005394253115654246 0.0286239249170252 1.5808470384228754
frame0142.jpg -0.005430012179804053 0.03167611937552669 1.6586958354843155
frame0143.jpg -0.00875621592312978 0.04539592913286153 1.7668570015406928
frame0144.jpg -0.010960295150585943 0.053440591160062036 1.9863138456200828
frame0145.jpg -0.010824529318513227 0.056887621606509176 2.156319298022877
frame0146.jpg -0.011593377155822496 0.06183734688906437 2.25848388118109
frame0147.jpg -0.012760285644811709 0.06777750734513659 2.308703551722495
frame0148.jpg -0.01264483628539113 0.07186118543980738 2.7768945474657616
frame0149.jpg -0.014140801294594038 0.07918283436955886 2.697053588060578
frame0150.jpg -0.01605333811025815 0.08658676990603192 2.5944982569619905
frame0151.jpg -0.01605333811025815 0.08658676990603192 2.5944982569619905
frame0152.jpg -0.017072265682209944 0.09269691000368756 2.9664024224917704
frame0153.jpg -0.01834891028801536 0.0997656042041005 2.9635795809276746
frame0154.jpg -0.019443931229540214 0.10547655919710053 3.3905236299556973
frame0155.jpg -0.01904978175917918 0.10796544706583394 3.8547885458851554
frame0156.jpg -0.02147998150380324 0.1165813331870402 3.684517926186351
frame0157.jpg -0.0226951461036554 0.1224191074632976 3.8661146293270847
frame0158.jpg -0.02423464318578229 0.128271396476599 4.096740055872228
frame0159.jpg -0.02543330251139555 0.13341118204237085 4.3745608846734445
frame0160.jpg -0.02642154498504353 0.1381139970064636 4.5824452352644265
frame0161.jpg -0.02800498522215604 0.14469463989869075 4.7056308658044985
frame0162.jpg -0.0301318292941343 0.1519686556665481 5.00712343018734
frame0163.jpg -0.031683585503784265 0.15802371881585398 5.402955562345882
frame0164.jpg -0.03310794224412693 0.1636939759530207 5.51421972694346
frame0165.jpg -0.03518796610470844 0.1726799881727577 5.573788129364102
frame0166.jpg -0.03632547496494723 0.1775596395906901 6.058011609538194
frame0167.jpg -0.0381938974891225 0.1839727081078512 6.201827314118162
frame0168.jpg -0.040797682270998295 0.1915108891555698 6.514783304881492
frame0169.jpg -0.04213332330611497 0.19687169188050366 6.544544629800848
frame0170.jpg -0.04327547364029041 0.20160305123051744 6.645162721484272
frame0171.jpg -0.04418102010640358 0.2058609151582733 7.022322697531892
frame0172.jpg -0.04606634378523584 0.21214226635491407 7.009703324570178
frame0173.jpg -0.04854267046711215 0.2197905300912555 7.287070868818224
frame0174.jpg -0.050628492908531365 0.2259238445874953 7.433937756737254
frame0175.jpg -0.0506314209843618 0.22592970111115124 7.4329477056893065
frame0176.jpg -0.05310164313233312 0.2335470890077461 7.74528218532855
frame0177.jpg -0.05338010240260492 0.2373358212759769 7.681129281009048
frame0178.jpg -0.05506821752762349 0.24357881855112096 7.990312527952229
frame0179.jpg -0.04132683624502735 0.2177954507444262 3.4393767565069817
frame0180.jpg -0.058979105282489175 0.25651735418552435 8.24571951927671
frame0181.jpg -0.06027883176785369 0.2609911286342672 8.438102359915169
frame0182.jpg -0.06236577455418495 0.267550738581864 8.540223972917168
frame0183.jpg -0.0641758374615439 0.2731163018132481 8.808530776471486
frame0184.jpg -0.06590469070442727 0.2785259736272827 9.031343066102732
frame0185.jpg -0.06753210361027852 0.2838622853071253 9.280983368837935
frame0186.jpg -0.07003609342988472 0.29081989580401657 9.30290805803332
frame0187.jpg -0.07221783471386567 0.2963461239381993 9.583155510162774
frame0188.jpg -0.07397851977325945 0.3018348432023249 9.724675831426733
frame0189.jpg -0.07540045437915963 0.307017345845939 10.070469337078043
frame0190.jpg -0.07910643950651887 0.31745416054260656 10.47603398982892
frame0191.jpg -0.08119678154943502 0.32319678684968745 10.657098047820275
frame0192.jpg -0.0837968234482819 0.32965143960969107 10.95673370256111
frame0193.jpg -0.08566958997079227 0.33460342869395066 11.206199842111237
frame0194.jpg -0.08776549316312399 0.34059545871336905 11.20266873305618
frame0195.jpg -0.08923020409939958 0.34529361540639025 11.49394730649996
frame0196.jpg -0.09138511688751548 0.35135296403100025 11.776705998336654
frame0197.jpg -0.09319165332454052 0.3565703703178113 12.038142317833815
frame0198.jpg -0.09534622096904398 0.362197160850635 12.23724702110118
frame0199.jpg -0.09522501103192392 0.3619260403286668 12.161930447769663
frame0200.jpg -0.09749087704702827 0.36810110057139467 12.379217254403207
frame0201.jpg -0.1001016017466145 0.37508984371908427 6.080534794537193
frame0202.jpg -0.10159591503473787 0.3796547764300929 12.80835692367003
frame0203.jpg -0.10364786169068374 0.3854337640522537 12.793396474426586
frame0204.jpg -0.10669384577349317 0.3930304044026911 12.917605531617813
frame0205.jpg -0.10848631625573317 0.397610702838557 13.171748229517592
frame0206.jpg -0.1106823227938782 0.40328001095154375 13.394382692271776
frame0207.jpg -0.11278434997397335 0.4087633578002569 13.538926180896336
frame0208.jpg -0.1154415060546787 0.4150280449203004 13.6013870355381
frame0209.jpg -0.11683457873640525 0.4186107772271975 13.741674185796088
frame0210.jpg -0.12007450122053308 0.4259055947357666 13.942128853795518
frame0211.jpg -0.12217265964160552 0.43130275766014936 14.078459819815096
frame0212.jpg -0.1244593841900779 0.4367194791803077 14.460796871668904
frame0213.jpg -0.12621740769058593 0.4410161752743263 14.555383921105301
frame0214.jpg -0.1163960517049199 0.4231137787174217 14.087899578464556
frame0215.jpg -0.13445032759990094 0.4585824826245928 15.040228372053797
frame0216.jpg -0.13673332876423205 0.463309093723255 15.292151793628769
frame0217.jpg -0.14024345327008747 0.4708353712399616 15.548155127767036
frame0218.jpg -0.13606573516712728 0.4639889555548416 16.00527978770913
frame0219.jpg -0.14380987606660206 0.4787691933008936 15.930893251415466
frame0220.jpg -0.14730770455453396 0.485409799112478 16.240178208673214
frame0221.jpg -0.14877955160911271 0.4890819751863851 16.436260773122605
frame0222.jpg -0.15157019719165266 0.4949747734208169 16.60256367750094
frame0223.jpg -0.15156843572700554 0.4949695634615604 16.599879298572322
frame0224.jpg -0.15490039821902565 0.50158999920447 16.772270240268536
frame0225.jpg -0.15718391321678987 0.5062155668990489 17.08125375978543
frame0226.jpg -0.16045159545256465 0.5124420541785127 17.31376830800314
frame0227.jpg -0.16263922559803565 0.5171309864695335 17.627246656206037
frame0228.jpg -0.16621280316690146 0.5240867859642353 17.79733807488781
frame0229.jpg -0.16856736370328293 0.5287149530218194 17.968592447489247
frame0230.jpg -0.17163944002788992 0.5344685032215712 18.22812523514701
frame0231.jpg -0.17335954462399195 0.5379158541582597 18.453037599572802
frame0232.jpg -0.17640770809776166 0.5430326607853015 18.462524848632647
frame0233.jpg -0.18057568520129308 0.5504170186422914 15.583790840676578
frame0234.jpg -0.18317921191578365 0.5550764046492005 18.855211807752077
frame0235.jpg -0.18574003534080727 0.5597172197151088 18.96976760799044
frame0236.jpg -0.1888492263502272 0.5652124972867336 15.632763023926705
frame0237.jpg -0.1919041134950904 0.5702396081759586 19.394431971142
frame0238.jpg -0.1948306954057091 0.5753122599918133 19.66967279839449
frame0239.jpg -0.20067380944164065 0.5860396500585852 19.886412506071107
frame0240.jpg -0.20348668950318616 0.5908949073999535 17.231265949719898
frame0241.jpg -0.20505581918741192 0.5936996363354303 20.50593911221304
frame0242.jpg -0.2092801579657685 0.6016327489845026 20.597161729303853
frame0243.jpg -0.21187013715069225 0.6056991106724233 21.014865555096574
frame0244.jpg -0.21517006918150874 0.611434012615542 20.922976909062378
frame0245.jpg -0.21697884230849215 0.6147200236748316 21.14371787609712
frame0246.jpg -0.22067992319656266 0.6211945013642224 21.36314216695869
frame0247.jpg -0.22101618783469965 0.621786998654859 18.811374158621764
frame0248.jpg -0.22359073684012729 0.6260899042419783 21.721264931901306
frame0249.jpg -0.2266693324934917 0.6314859961887045 21.736453817849707
frame0250.jpg -0.2294465882412915 0.6359065129832756 21.81227917623395
frame0251.jpg -0.23282025604698245 0.6412231560570045 22.148995737713012
frame0252.jpg -0.2362045560530505 0.6471572847194926 22.335552974171254
frame0253.jpg -0.2392447964693293 0.6519565435953261 22.431018218564418
frame0254.jpg -0.24199555414206295 0.6561245564575721 22.679936463397798
frame0255.jpg -0.2458345355854985 0.6622479400726452 22.809348428671647
frame0256.jpg -0.24868405069036306 0.6662626617396886 22.985280500059208
frame0257.jpg -0.2518473477111208 0.6709141877546747 23.114293590913128
frame0258.jpg -0.2527974322738794 0.6712201852235725 23.58405229080109
frame0259.jpg -0.2581376690905286 0.6801350463750901 23.606285147489878
frame0260.jpg -0.26231016423900155 0.6865620826676185 21.768498818138006
frame0261.jpg -0.26553000226692425 0.6913473182760898 23.673071931376267
frame0262.jpg -0.2683011075633485 0.6936671045309432 23.786975223274478
frame0263.jpg -0.2750877872751589 0.7056962340886886 24.283979220518365
frame0264.jpg -0.27859938139053364 0.7107779856689209 24.428667098253626
frame0265.jpg -0.2788301829162696 0.7092200695007943 25.436447660613464
frame0266.jpg -0.2854439776079178 0.7203787246102692 25.034094395606758
frame0267.jpg -0.2895735570252814 0.7265031217257095 23.781208645044604
frame0268.jpg -0.2925507901276556 0.7307803609984906 25.37720146680637
frame0269.jpg -0.2958744547697801 0.7353459681919711 25.596184646717077
frame0270.jpg -0.2994538876299905 0.7400059781971129 24.16492115214185
frame0271.jpg -0.2994538876299905 0.7400059781971129 24.16492115214185
frame0272.jpg -0.3020301872734561 0.7424215936581506 24.809909394986548
frame0273.jpg -0.3065666316605876 0.7493096016595732 26.052473711628874
frame0274.jpg -0.3102618433652829 0.7542656510509191 26.313186073999443
frame0275.jpg -0.3132417283987343 0.7583149603438651 26.717863507626163
frame0276.jpg -0.3170676282366863 0.7637448754937133 26.979242638832197
frame0277.jpg -0.32021689451430896 0.767717417546232 27.18842896097931
frame0278.jpg -0.3237204108637144 0.7726820022867844 27.38838726358128
frame0279.jpg -0.32777414564238805 0.7782195730983307 27.4485290227483
frame0280.jpg -0.33146409234992746 0.7827138329282337 27.62465579485496
frame0281.jpg -0.3349201069959943 0.7875703302587265 27.89228158611888
frame0282.jpg -0.33839892220044937 0.7920530513444338 28.18383343112675
frame0283.jpg -0.3420310704911068 0.7964539195298947 28.37214693752028
frame0284.jpg -0.3457307330291556 0.801341341227403 28.50610417653529
frame0285.jpg -0.348024692481994 0.8022361902129571 29.09440744693418
frame0286.jpg -0.3555075998458095 0.811733219308922 29.261193821951657
frame0287.jpg -0.3595220116575576 0.8171906889880474 29.164152333960505
frame0288.jpg -0.3645892418664945 0.8252662411431638 28.51268290135592
frame0289.jpg -0.3681572812478353 0.8295566363943004 29.39074090744895
frame0290.jpg -0.37210436195097496 0.8354034884471362 28.938303768144497
frame0291.jpg -0.37585076325693934 0.8401967536109713 29.214883656816692
frame0292.jpg -0.3795079955803033 0.8450583699546029 29.076132827145763
frame0293.jpg -0.38339295396776496 0.8498587554745769 29.514150280802365
frame0294.jpg -0.38693070472480257 0.8538115315074762 30.195878978423373
frame0295.jpg -0.3869301591638469 0.8537997939402894 30.19297643336909
frame0296.jpg -0.3903277203717472 0.8566886917715204 30.68555800854495
frame0297.jpg -0.3946209612490334 0.8634305911041668 30.58236235866584
frame0298.jpg -0.3982841610227365 0.8681343844655902 30.828473082622036
frame0299.jpg -0.4020742535568608 0.8724347151032213 31.07486206488226
frame0300.jpg -0.4060562859991523 0.8775116475709289 31.451107308759926
frame0301.jpg -0.4101151648044963 0.8818618284573466 31.552113322006868
frame0302.jpg -0.41416694209653104 0.8863135847732667 31.32980811095903
frame0303.jpg -0.41766591323177626 0.8902113130236678 31.76900179535045
frame0304.jpg -0.42142892360586426 0.8948610349033419 32.21900740010388
frame0305.jpg -0.4253634757938445 0.8990068375484468 32.484773153320454
frame0306.jpg -0.4295475766437887 0.9029584855390216 32.45159743319605
frame0307.jpg -0.43338842732895 0.90723861037416 32.9439189024867
frame0308.jpg -0.4373365665006462 0.911129499304676 33.475087682287224
frame0309.jpg -0.4417984240140045 0.9147264346416848 33.761440598569514
frame0310.jpg -0.4494135668938531 0.9244463926957038 33.780831750921195
frame0311.jpg -0.4534046192855993 0.92820136485418 34.27210962791845
frame0312.jpg -0.4575029320695694 0.9327973273002568 34.54011556182828
frame0313.jpg -0.4619295272590145 0.9369931616532508 34.590805661404765
frame0314.jpg -0.4665955105175717 0.941346781186534 34.71687542012693
frame0315.jpg -0.4706326990116673 0.9451941068841191 35.098605111666764
frame0316.jpg -0.4748513709643026 0.949636841371904 35.22889269666617
frame0317.jpg -0.4791251141902315 0.9538832051272098 35.27443747662865
frame0318.jpg -0.4835729095981702 0.9576886102296264 35.4645101790992
frame0319.jpg -0.4835390518590456 0.9577133957202936 35.46057522313919
frame0320.jpg -0.4875156758263174 0.9620159743864188 35.62642636746924
frame0321.jpg -0.4922428864157939 0.9663957606827879 35.83103278160279
frame0322.jpg -0.4966816261073879 0.97086368459425 36.092198619572784
frame0323.jpg -0.5005365271874832 0.974763899718058 35.95563081821061
frame0324.jpg -0.504652389551566 0.9789326654279459 36.20733838105256
frame0325.jpg -0.5093763980481498 0.9832326690709624 36.67448585639471
frame0326.jpg -0.5134759940712277 0.9870526666141358 37.17846281040007
frame0327.jpg -0.5176630946317181 0.9909349535164628 37.49078814514998
frame0328.jpg -0.5216849378073254 0.994711137803964 37.222029492251
frame0329.jpg -0.5257627604985005 0.998864972706282 37.592340714472705
frame0330.jpg -0.5308373406031014 1.0030858144240486 37.95548188218722
frame0331.jpg -0.5348328903474505 1.0068057857407116 38.312916413388145
frame0332.jpg -0.538828146104787 1.0106138618396758 38.31034269565251
frame0333.jpg -0.5427204925594609 1.0145848844433194 38.79589724521985
frame0334.jpg -0.5519785053328631 1.022594343671624 38.950267935671214
frame0335.jpg -0.5554629804093235 1.0257595069122092 39.578990745651055
frame0336.jpg -0.560781034546625 1.0295895222299276 39.450104549225934
frame0337.jpg -0.5662454746842644 1.0338057351192325 39.20229457544416
frame0338.jpg -0.5700939317337037 1.0380368273203926 40.0011557634381
frame0339.jpg -0.5721064160681346 1.0408983498603357 40.31294765017493
frame0340.jpg -0.5801660097389859 1.0458469473934695 40.27025227380382
frame0341.jpg -0.5853611083420125 1.0496949886584923 40.681115237678256
frame0342.jpg -0.5864087324060271 1.0526525850462425 40.0540720250036
frame0343.jpg -0.5864087324060271 1.0526525850462425 40.0540720250036
frame0344.jpg -0.5900409710556451 1.056596253499005 41.092895250746366
frame0345.jpg -0.5972687965726428 1.061216943835548 41.130227640374926
frame0346.jpg -0.6011014880292787 1.0646019113540826 41.29815498060687
frame0347.jpg -0.6032613077230818 1.0680179518995685 42.07831325467483
frame0348.jpg -0.6103121848914852 1.0725767551181935 41.791480639899284
frame0349.jpg -0.6152204977117215 1.0761904474450823 41.85697199112768
frame0350.jpg -0.6184598612329736 1.079277667453458 42.17359042597906
frame0351.jpg -0.6255972328440575 1.0837302145753185 42.02494458993973
frame0352.jpg -0.6282670230974693 1.0864830049519618 42.126527683047655
frame0353.jpg -0.6325247366967464 1.0900321210220285 42.469328293342116
frame0354.jpg -0.6402911485153246 1.0952216353716324 42.906080623158466
frame0355.jpg -0.6419927299836136 1.0972070890320873 42.61055184862317
frame0356.jpg -0.6476278564519669 1.1015453507341575 43.318855043225014
frame0357.jpg -0.652174390909917 1.1048656556590457 43.55049471498929
frame0358.jpg -0.6576010136647134 1.10869442130898 44.11533206647064
frame0359.jpg -0.667204329563355 1.1156889544389634 43.385956035814324
frame0360.jpg -0.671329160096688 1.1187912061434009 44.3123471061967
frame0361.jpg -0.6763681631709171 1.122373024681946 45.148503487071636
frame0362.jpg -0.684491287385633 1.127371574172655 44.41079652196882
frame0363.jpg -0.6863148183958746 1.129229239851818 45.03321840824808
frame0364.jpg -0.6920175992588267 1.1332412507091405 45.2470844159828
frame0365.jpg -0.6958948321283619 1.1360764547054385 45.94149225347145
frame0366.jpg -0.7019805846403094 1.1402598860859392 45.485563530539295
frame0367.jpg -0.7018646381178623 1.140188292813313 45.48063849624493
frame0368.jpg -0.7058412413020285 1.1434108883913991 45.954957448498256
frame0369.jpg -0.7147275978974232 1.1487806509364211 46.491519879237224
frame0370.jpg -0.7169441418756418 1.1506800994335813 46.35519167733701
frame0371.jpg -0.7202585441164864 1.1533756321171769 46.52432939030172
frame0372.jpg -0.7255482479205666 1.1567478341924864 46.18646132819846
frame0373.jpg -0.7312402282130281 1.160401140028482 46.77995995560207
frame0374.jpg -0.7349910413139297 1.163128756018278 47.146293863068465
frame0375.jpg -0.7408314741932264 1.166875090964948 48.35481904958186
frame0376.jpg -0.7488359595272155 1.1714839564717554 48.349953261357285
frame0377.jpg -0.7548965377683872 1.175515547170647 47.5154773752354
frame0378.jpg -0.7595246890455086 1.1786286162815895 48.807062875563936
frame0379.jpg -0.764328215198925 1.1817585311831664 47.2415864327082
frame0380.jpg -0.7671628081576795 1.1840564299847518 48.22959755781483
frame0381.jpg -0.7717482005791435 1.1867021750261082 48.606812091176955
frame0382.jpg -0.775867681498739 1.1892306269636177 48.40031538751707
frame0383.jpg -0.784879513038048 1.1955329924045643 50.823485742292696
frame0384.jpg -0.7922379181065404 1.1998032105695793 50.34977298048502
frame0385.jpg -0.7991495752388971 1.2041173393230404 49.265386643511846
frame0386.jpg -0.8045218727380171 1.2073407137650267 50.77536823063788
frame0387.jpg -0.8066127473673641 1.208749662047499 49.46495528227456
frame0388.jpg -0.8116013844855925 1.2118753398464264 49.69884663979763
frame0389.jpg -0.8156759952528108 1.2142882831042028 51.53890573900514
frame0390.jpg -0.8225133752070701 1.2183082971998216 50.25146268484063
frame0391.jpg -0.8225133752070701 1.2183082971998216 50.25146268484063
frame0392.jpg -0.8256436106189347 1.2203591710108863 51.948407353445965
frame0393.jpg -0.8312388899016803 1.2236243979081105 52.02677734316134
frame0394.jpg -0.8359111435054567 1.2261679724214285 52.68550179306108
frame0395.jpg -0.8414103698443295 1.2295793670325939 53.046378493080084
frame0396.jpg -0.8521894063257135 1.2355810842235342 51.08093495420211
frame0397.jpg -0.8513126559524015 1.235195658013569 53.7275072008311
frame0398.jpg -0.8632027516936408 1.2418254464910077 51.55215480605585
frame0399.jpg -0.8622747721441941 1.241239916655257 53.93484262452592
frame0400.jpg -0.8672969861987972 1.2438818977769746 51.40706982135863
frame0401.jpg -0.878805380417476 1.25012125310704 51.555577886346065
frame0402.jpg -0.8779963682738041 1.2496987065562075 54.392426353553134
frame0403.jpg -0.8819960276411791 1.251853067834 51.83010917368994
frame0404.jpg -0.8895547035518294 1.2559259040467936 54.67396213583047
frame0405.jpg -0.8987578204705012 1.2606726197022948 52.503348705433524
frame0406.jpg -0.8989759420268761 1.2606707968065238 55.7223881147284
frame0407.jpg -0.9150155198709028 1.2689275166710117 53.11317918243225
frame0408.jpg -0.9157489840450551 1.2690074763622972 52.982415896319225
frame0409.jpg -0.920303655356872 1.2714581669375185 56.92529783387818
frame0410.jpg -0.9272190415938512 1.2750429674797956 53.67121133303493
frame0411.jpg -0.9314664378229638 1.2774255557883718 53.54018805075991
frame0412.jpg -0.9440669465171364 1.284429267169211 54.52515611537269
frame0413.jpg -0.949426981187186 1.287205858021252 54.282369997719634
frame0414.jpg -0.9457996034489812 1.2848641316252891 58.68752783077361
frame0415.jpg -0.9457921449608522 1.2848607685377054 58.68565477580426
frame0416.jpg -0.9531442638483162 1.2885153853308449 54.284053253865736
frame0417.jpg -0.9659253787559756 1.29517815418074 57.106546712909854
frame0418.jpg -0.9620320127523374 1.2930145928802943 59.11769074435752
frame0419.jpg -0.9673189150601972 1.2956719472019942 55.04859796298288
frame0420.jpg -0.973472020004688 1.298862265484224 60.00385618097991
frame0421.jpg -0.9792147882526666 1.3019076449830294 55.46452449221635
frame0422.jpg -0.994040668873406 1.3096729537591087 58.20889505413235
frame0423.jpg -0.9896975549819128 1.3069667709330814 55.85433552712776
frame0424.jpg -0.9936034166696376 1.3087084034121026 55.92188134086868
frame0425.jpg -0.9998262741732596 1.3118654465752158 61.49494516573946
frame0426.jpg -1.0059029092991532 1.3147173640499283 56.47543457012703
frame0427.jpg -1.011814069551436 1.317530672783696 56.67682450058544
frame0428.jpg -1.0163973343696342 1.3195696292793484 62.5531550547726
frame0429.jpg -1.0223023245052094 1.3222190372341789 62.659907063394215
frame0430.jpg -1.0433263155044676 1.3326555722497573 59.991490903181656
frame0431.jpg -1.0403118201593338 1.3303997199784798 56.88419115651409
frame0432.jpg -1.0427858828277077 1.3313905896109153 57.27997250687922
frame0433.jpg -1.0496368811382255 1.334654705811392 57.53806028000099
frame0434.jpg -1.0548274288723751 1.3370283975035655 64.37860665946546
frame0435.jpg -1.063126453499234 1.3408236190507494 57.881754227826136
frame0436.jpg -1.0675601280153528 1.3425745636281254 57.74114400638716
frame0437.jpg -1.0738881979416732 1.3452402988400682 58.00088808938054
frame0438.jpg -1.077935030841266 1.3469565610351355 65.43874504915699
frame0439.jpg -1.091793886327183 1.3542149755285786 59.153641675775596
frame0440.jpg -1.0855016980831 1.350571805741845 58.50201990954156
frame0441.jpg -1.0899791581655731 1.3525981407393632 58.73090704345511
frame0442.jpg -1.0945117957962258 1.3544210430479255 58.81231033279274
frame0443.jpg -1.0974037811377757 1.3552435588980702 67.28090547982546
frame0444.jpg -1.1043038732638102 1.3582545333472036 67.25700148175551
frame0445.jpg -1.1268464799074096 1.3693471706694662 59.85870277370913
frame0446.jpg -1.1148203746092604 1.3626086972153912 67.59704021123666
frame0447.jpg -1.119900861660237 1.364569635568973 68.2355677758859
frame0448.jpg -1.125004462264486 1.366478694410212 59.952379042530964
frame0449.jpg -1.1325365363005937 1.3696624070947112 60.40863889826424
frame0450.jpg -1.1398678529974986 1.3725213120992668 60.409722385972636
frame0451.jpg -1.1425551347681602 1.3732655560270273 60.453272449014776
frame0452.jpg -1.1500747727158362 1.376522326511998 60.53664815969799
frame0453.jpg -1.1585791873221198 1.3801295619913507 61.05273081538079
frame0454.jpg -1.1651308920233223 1.3821864450637689 71.76267762186384
frame0455.jpg -1.1707168763813858 1.3843354913505572 72.18374707551415
frame0456.jpg -1.179139684549588 1.387724393786606 61.3769978091309
frame0457.jpg -1.1822983546899295 1.3887078631361855 61.600206340269445
frame0458.jpg -1.1908450896776244 1.3921502301019748 62.1770600208556
frame0459.jpg -1.1952759497757286 1.393599843736844 62.04214993457491
frame0460.jpg -1.200775022709259 1.3956426172092322 62.106383687078704
frame0461.jpg -1.2062456818165022 1.397383637474961 62.400972604156934
frame0462.jpg -1.2138106079918711 1.4002856214139854 62.65900540796096
frame0463.jpg -1.2142879599251657 1.4005111415051237 62.815148522945
frame0464.jpg -1.2180614431558463 1.4015219056896966 62.8618791474579
frame0465.jpg -1.2242854687355558 1.4035601581863313 63.08164221576832
frame0466.jpg -1.2310603707129777 1.4057535310055524 63.00304722977933
frame0467.jpg -1.2382826212475089 1.4084335085097486 63.0921012615189
frame0468.jpg -1.2413271886926958 1.4092339482792842 63.475802791142456
frame0469.jpg -1.2479760558476387 1.4114662686821813 63.46170074885743
frame0470.jpg -1.2538886172087922 1.4130962734070482 77.11812983044712
frame0471.jpg -1.2584107114888912 1.41398150564316 63.870538824256016
frame0472.jpg -1.264317277594803 1.4157032187495018 64.09260948401068
frame0473.jpg -1.2702094045108243 1.4172337280582572 64.3532266831248
frame0474.jpg -1.2769107802777162 1.4192574144912695 64.59422689403657
frame0475.jpg -1.2815647161978894 1.4203675116021033 64.84535310584727
frame0476.jpg -1.2880148844374697 1.4224840653469497 65.00032152923659
frame0477.jpg -1.29250801814268 1.4233970353043095 65.43098475936486
frame0478.jpg -1.2996597361788695 1.4254636053432417 65.51595641233571
frame0479.jpg -1.308862752648052 1.4275443241835608 65.77382516359353
frame0480.jpg -1.314342353090456 1.428959712292035 65.96467601836642
frame0481.jpg -1.3191824857856065 1.4297778919337387 66.13325135335009
frame0482.jpg -1.325006386451821 1.4310548224510564 66.35662093546031
frame0483.jpg -1.3312591448353075 1.4327376319717646 66.45625043553497
frame0484.jpg -1.3381894965549141 1.434614980513964 66.79479861905261
frame0485.jpg -1.3431083600006086 1.4353133049233509 66.82137458263121
frame0486.jpg -1.3478117446138194 1.436101307225948 66.99893748795472
frame0487.jpg -1.3477493997507262 1.4360335568953304 66.99384250997524
frame0488.jpg -1.355331364274741 1.4380581804834118 67.18945414184546
frame0489.jpg -1.3604381111879589 1.4386870700959935 67.32884563365143
frame0490.jpg -1.3671736805901014 1.4403875108729896 67.48437380561096
frame0491.jpg -1.3716564382774388 1.4412648069431129 67.6549007955973
frame0492.jpg -1.3797821807304684 1.4434173902355494 67.93641738636826
frame0493.jpg -1.3839267435467864 1.4439292580015832 67.91100406996541
frame0494.jpg -1.386846418000021 1.4442633641936269 68.14745163900385
frame0495.jpg -1.3899446178615236 1.4449020546465696 68.67200736295747
frame0496.jpg -1.391178564898481 1.4448799272203234 68.88515708561634
frame0497.jpg -1.391423911264018 1.4446436209526694 69.2401470790353
frame0498.jpg -1.3920118146308376 1.4448725893828596 69.26288299591603
frame0499.jpg -1.3921877742508966 1.4449808662021162 69.35778147357543
frame0500.jpg -1.3919809251509705 1.4448938836183491 69.29975475278088
frame0501.jpg -1.3921957400378422 1.4449422687589049 69.41632632490911
frame0502.jpg -1.3919436167708832 1.4448620766525735 69.47627585333079
frame0503.jpg -1.3914923483128046 1.444633908807899 69.26578819160356
frame0504.jpg -1.3919949777099234 1.4448231905605402 69.50353710142049
frame0505.jpg -1.3918254239226542 1.4447398274425405 69.38084376140951
frame0506.jpg -1.3914547623473774 1.4446377478009065 69.33274518455123
frame0507.jpg -1.3918387250056676 1.4448170922731507 69.33808650429557
frame0508.jpg -1.392188855519112 1.4449595733588585 69.34937824950848
frame0509.jpg -1.3914027822456283 1.4445948921467933 69.26531579051756
frame0510.jpg -1.3922252380780005 1.4449881007346548 69.4897745050212
frame0511.jpg -1.3922252380780005 1.4449881007346548 69.4897745050212
frame0512.jpg -1.3921222384587646 1.4449105424047648 69.45042676699394
frame0513.jpg -1.3921472228703249 1.4449156227061106 69.44106577206213
frame0514.jpg -1.3924089319109698 1.4450373296275063 69.48177114721622
frame0515.jpg -1.392153441614723 1.4449019834424623 69.40960809945932
frame0516.jpg -1.3931369128660471 1.4453555120405 69.43562802399323
frame0517.jpg -1.3924674541539752 1.445035769335897 69.43137862098939
frame0518.jpg -1.3928429441158157 1.4451975150443774 69.45296575187344
frame0519.jpg -1.3925849842151086 1.4451182948382817 69.31668833403067
frame0520.jpg -1.3930464402867535 1.4453194766746271 69.33803943354572
frame0521.jpg -1.392297209098075 1.4449701423146226 69.28919881482582
frame0522.jpg -1.3927343423010694 1.4451916221248868 69.41532317529278
frame0523.jpg -1.3927230713034962 1.4451977803339175 69.39262902406482
frame0524.jpg -1.3921186851722325 1.4449078780707023 69.3326292711731
frame0525.jpg -1.3918793830393257 1.444808271729827 69.31961343014912
frame0526.jpg -1.3928447394462216 1.4452285240434704 69.3875232399022
frame0527.jpg -1.39233274995484 1.444996352005404 69.4149463162279
frame0528.jpg -1.3926134900261973 1.4451253170027514 69.35049590449523
frame0529.jpg -1.3925034615105891 1.4450576442972871 69.33821181436312
frame0530.jpg -1.3931453099338087 1.445360929549059 69.41790785321237
frame0531.jpg -1.3928461093807427 1.4452145459019898 69.39907260725433
frame0532.jpg -1.3925978660035958 1.4451186412642127 69.29789100554295
frame0533.jpg -1.3921350238763368 1.4448795924331672 69.31920829371975
frame0534.jpg -1.3923297959162733 1.4449769741272815 69.33541942142907
frame0535.jpg -1.392318564298205 1.4449723394397709 69.3375569186796
frame0536.jpg -1.3929416438526587 1.4452774722532251 69.33455597810585
frame0537.jpg -1.3926950429365188 1.4451606293344847 69.35489041410318
frame0538.jpg -1.392883449718242 1.4452570437957986 69.37973519884811
frame0539.jpg -1.3923647107079629 1.4450189544229328 69.41337875150452
frame0540.jpg -1.3932330871395615 1.4453473901489415 69.49904314466866
frame0541.jpg -1.392594482324527 1.4450500481250772 69.44778563129229
frame0542.jpg -1.3916415095119867 1.4446952019616277 69.27744832500315
frame0543.jpg -1.3924025138592202 1.4450027711492088 69.25885420231315
frame0544.jpg -1.392392222510882 1.4450341614114517 69.3058820070337
frame0545.jpg -1.3922594835765834 1.44495011190164 69.30972460050879
frame0546.jpg -1.3928432018558334 1.4452367978514309 69.28767545723795
frame0547.jpg -1.3925082674504778 1.4450733546803465 69.29531818981881
frame0548.jpg -1.3925502879541238 1.4450922717991013 69.3360720390947
frame0549.jpg -1.3925071955629371 1.4450693798242467 69.31846836632447
frame0550.jpg -1.3931014137708475 1.4453297556979452 69.40806734769154
frame0551.jpg -1.3930780109029044 1.4453178649746872 69.41278475264748
frame0552.jpg -1.39306095922601 1.4453213842381183 69.38908254732132
frame0553.jpg -1.3931162671844368 1.4453367282357237 69.39562762764054
frame0554.jpg -1.3934170523626932 1.4454809777217812 69.44885527255211
