frame0000.jpg 0.0 -0.0 -0.0
frame0001.jpg -0.00034355376250960485 0.0009685287117409512 -0.037394182944231434
frame0002.jpg 5.566219218951403e-05 -0.00014870065997339593 -8.209043890464352
frame0003.jpg 0.0010845413828503162 -0.0029108479633758928 0.037566209899272784
frame0004.jpg 0.0006681137015944777 -0.0017627500431394046 0.034473521967495716
frame0005.jpg 2.952108339258843e-05 -8.705988266515044e-06 0.08326946807500114
frame0006.jpg 5.9718237967072595e-05 -9.446832710338437e-05 0.05635331372297046
frame0007.jpg 5.9718237967072595e-05 -9.446832710338437e-05 0.05635331372297046
frame0008.jpg -5.628553537378293e-05 0.00029989689099591395 -0.009349259951436545
frame0009.jpg -2.2160431284526417e-05 0.00021805141485051852 -0.005903939965490164
frame0010.jpg 0.0007580045794893721 -0.002063839266646309 0.0566796653837636
frame0011.jpg 0.001025831286438907 -0.002790998262681308 0.046596876661220636
frame0012.jpg 0.001644627059025691 -0.004460748484426111 0.06230800894948321
frame0013.jpg 0.0001186853451455001 -0.00022255154711126954 0.08696737433007704
frame0014.jpg 0.001092834281810799 -0.0029965828503809395 0.11848420295076482
frame0015.jpg 4.4495424429681234e-05 -2.778370812413269e-05 -0.04344082193915562
frame0016.jpg -7.110232261557093e-05 0.00022174133033770596 -0.043796601300777775
frame0017.jpg 0.0004375751994674989 -0.0011581746246974011 0.01530174865915714
frame0018.jpg 0.0004375751994674989 -0.0011581746246974011 0.01530174865915714
frame0019.jpg 0.00013324573268531654 -0.00033144765182913305 -0.11594589350642205
frame0020.jpg 0.0006818302258614044 -0.0017687860777465504 -0.044502742226034016
frame0021.jpg 0.0006499255112086759 -0.001768845156770482 0.057818824634569
frame0022.jpg 0.0011154011366415108 -0.002975778156429936 -0.004161002596391344
frame0023.jpg 0.00024013050129707933 -0.0006042556210551896 -0.06087767448316156
frame0024.jpg 0.00018686976141246196 -0.0004131759413914876 0.01794829268029237
frame0025.jpg 0.00014073300394746007 -0.00030956795137085635 -0.005275470426497756
frame0026.jpg 0.0006041444579787603 -0.001594639137839901 0.03910929478521826
frame0027.jpg 0.0012957605619801854 -0.003481886373875738 0.04262896608300869
frame0028.jpg 0.0008917056588394859 -0.002307040976958773 -0.03147240053920157
frame0029.jpg 0.0008981151959867172 -0.002321819640343536 -0.1239894380183469
frame0030.jpg 0.0006293843391665872 -0.0016224853891589578 -0.035059580507870794
frame0031.jpg -0.00015108554795166052 0.0005036862521909135 -0.07072020423127118
frame0032.jpg -3.767534611543088e-05 0.00017310301048055986 -0.04750940854995296
frame0033.jpg 0.0005831056000027488 -0.001465281977891519 -0.032134289617760936
frame0034.jpg 0.00047951626997546845 -0.0012581764914885813 0.12316672320128395
frame0035.jpg 0.00022371931008294634 -0.0005545527328636494 0.08814751690557446
frame0036.jpg 0.0004104826838171126 -0.0010083721181501854 0.08152317584046354
frame0037.jpg 0.0004621815296153524 -0.001140335358472209 0.08997875095515181
frame0038.jpg 0.0004530011339598823 -0.0011402651845562127 0.07311849298771497
frame0039.jpg 0.0004020754680205951 -0.0010395696722706675 0.04448221754084113
frame0040.jpg 0.0006179334676988674 -0.0016439862255270454 -0.032687234213896174
frame0041.jpg 0.0003904263573037173 -0.0010073024541154157 -0.03155400665128828
frame0042.jpg 0.0003038173726869455 -0.0007001122684692504 0.04000962670474609
frame0043.jpg 0.0005153770993064814 -0.0012811439762900221 0.032634395456842415
frame0044.jpg -0.00016814014274769984 0.0005531829667649132 -0.037763328299660184
frame0045.jpg 0.00016724863869734162 -0.000350103551644624 0.032369768356900336
frame0046.jpg 0.0002271256173932871 -0.0005110243403462706 0.00609661340987492
frame0047.jpg -0.000298253024685788 0.0009141793001322453 0.009621493411026987
frame0048.jpg -0.00019762523947219356 0.0006573100955053192 0.12128463952558585
frame0049.jpg 6.73582911242617e-05 -9.867123101289252e-05 0.06324172674266114
frame0050.jpg 0.00017033577657394602 -0.00042995787033078196 0.08445079132170764
frame0051.jpg 0.00023043027019936 -0.0005577791104676981 0.10080388007773776
frame0052.jpg 0.00020518933139935836 -0.000496104930088977 0.17966998291658634
frame0053.jpg -6.669213886783111e-05 0.0002704809515409798 0.20045536663862454
frame0054.jpg 9.72458397213132e-06 6.602042954390684e-05 0.13157175005005375
frame0055.jpg 1.7596287750163628e-05 4.5056196224837015e-05 0.15002015427742912
frame0056.jpg -1.4837845448704501e-05 0.00017297784497714706 0.16278526725041714
frame0057.jpg -1.8244186593301125e-06 8.094293519240095e-05 0.1230364477623936
frame0058.jpg 4.3223502984533556e-05 -3.3827084787346143e-05 0.1306398992064954
frame0059.jpg -4.390671068779248e-05 0.0001783616645630587 0.1213577549828083
frame0060.jpg -0.00010370463489147176 0.00028420358123204016 -0.06185726927681307
frame0061.jpg 0.00011207088278305678 -0.00014735606548523246 0.043880114195674565
frame0062.jpg 6.075523853551573e-05 -0.00014008127168632393 0.047118577085210736
frame0063.jpg 7.84431815544909e-05 -0.0002343619705392003 0.014259057248936306
frame0064.jpg 0.0003626861011318462 -0.000912695897407658 0.011293269702790563
frame0065.jpg 0.0004207129735983458 -0.0011104927629483484 0.0955775970198947
frame0066.jpg 0.00038563968081007673 -0.0010245401506586724 0.05551577488339427
frame0067.jpg 0.00036768801780579137 -0.0009957044392035696 0.033471314468395616
frame0068.jpg -5.465113327377904e-05 0.00016590706784681372 -0.008972409294646622
frame0069.jpg 0.00029164596569000777 -0.0008219248234313091 -0.008320609782480401
frame0070.jpg 0.0002721944837286071 -0.000733297248014079 -0.01634872263722513
frame0071.jpg -0.0005091064438512908 0.0014696859959653099 -0.020911486421120395
frame0072.jpg -0.0004186017544507933 0.001143552953373658 -0.10767743888491206
frame0073.jpg -0.0003999832697908558 0.0011324907137193845 -0.041288637803527095
frame0074.jpg -0.0004963163761268477 0.001417333891291392 -0.04475240857614977
frame0075.jpg -0.0005528675523704526 0.0015514068058548776 -0.06844691368092902
frame0076.jpg -0.0005581646271028028 0.0015685925041083026 -0.06742000076699466
frame0077.jpg -0.0001327293113743951 0.0004405567989733593 -0.05060598987377669
frame0078.jpg 0.0005361997251874093 -0.0013976456240000074 0.01428552859673435
frame0079.jpg 0.0009253241597169846 -0.0023753086717870717 -0.16027354603673802
frame0080.jpg 0.00018769117790752902 -0.0003810212697419461 -0.10076542704187223
frame0081.jpg 0.0001319122452452619 -0.00022886732548381595 -0.09716101914794632
frame0082.jpg -0.000210942934190248 0.0005490025389620922 -0.02872148770781137
frame0083.jpg 0.00022872223001924434 -0.0006034766958596957 -0.03751729701040065
frame0084.jpg 0.0002014239339102757 -0.00043141015173626376 -0.08990436848300644
frame0085.jpg 0.00017874896404946494 -0.00038241514041381517 -0.1048733394304497
frame0086.jpg 0.00013404000882749224 -0.00027454434183443635 -0.08416294910890441
frame0087.jpg -0.0005483554022170456 0.0015518298903709955 -0.10871599674265912
frame0088.jpg -0.0005818451441752557 0.0016337066562812205 -0.12608006194553953
frame0089.jpg 0.00015003229263168015 -0.00033272513463992385 -0.12316837634969227
frame0090.jpg -0.0003928446939010099 0.0010538034650365952 -8.194286229546993
frame0091.jpg 0.0007656638308226831 -0.0020112968537355407 -0.12621395906354752
frame0092.jpg 0.0004337852840357189 -0.0011050163852845422 -0.12604259759262829
frame0093.jpg 0.00029150306855131304 -0.0007770158914146478 -0.1099368385755002
frame0094.jpg 0.0005276354184285558 -0.0014032306341932698 -0.05625908733229412
frame0095.jpg 0.0008574047969093778 -0.002287589710052797 0.010753297058310992
frame0096.jpg 0.0005734593821176974 -0.0015311459806103345 -0.036323029916920865
frame0097.jpg 0.0009155803172948023 -0.002464056297684284 -1.4065430019152114e-05
frame0098.jpg 9.015677943460516e-05 -0.00019280718347497328 -0.04814405316636732
frame0099.jpg 0.0001670677175337998 -0.00041937499947848736 -0.004325508778475246
frame0100.jpg 0.0002556828001018255 -0.0005816029754807938 -0.05792499978396155
frame0101.jpg 0.0005461552972782968 -0.001388889027726927 -0.01945052292991789
frame0102.jpg 0.0002784801718742376 -0.000658725126702013 -0.06746215621249611
frame0103.jpg 0.0005061306109100485 -0.0012325036656029929 0.02449590214475496
frame0104.jpg -0.00022931375871312212 0.0006098273743452578 -0.07808323474292235
frame0105.jpg 0.00023607129507401304 -0.0005745272157387897 -0.02301908445780002
frame0106.jpg 0.0002222573546913396 -0.0005536012041753248 0.04280566206059321
frame0107.jpg 0.00061942468642212 -0.0015956252200605852 0.035711994145325464
frame0108.jpg 0.0002208795427300709 -0.0005643315354638406 0.05894512112646106
frame0109.jpg -2.8355618359662257e-05 0.00020736641365758836 0.017665472071820974
frame0110.jpg -9.795966678938864e-05 0.00029381990258006056 0.007081699117632172
frame0111.jpg 0.0003207946620262007 -0.0008534975369503443 0.04827429274964338
frame0112.jpg 0.00019477626990456568 -0.0005420009327011934 0.09433889115381218
frame0113.jpg 0.00019477626990456568 -0.0005420009327011934 0.09433889115381218
frame0114.jpg 0.00034722032308811017 -0.0009221200922108168 0.0982504054774106
frame0115.jpg 0.0003294686310785689 -0.0008624747115706873 0.05516152251625246
frame0116.jpg 0.000328335963133905 -0.0007380951676467482 0.10570577987718073
frame0117.jpg 1.0198939686236908e-05 3.427652277348834e-05 0.13074380011074607
frame0118.jpg 0.0004895729714747321 -0.0012951535079492042 0.10504985263926599
frame0119.jpg 0.000212469826371418 -0.0005426856996767631 0.08873086431902784
frame0120.jpg -0.00021156460378131924 0.0007363147155975559 -0.0838500464958186
frame0121.jpg -0.00045966400618833417 0.0014326814374960846 -0.027690808914923853
frame0122.jpg 0.00012863375308783814 -7.517224974738773e-05 -0.1089647891247946
frame0123.jpg -0.0003567232198908441 0.0011346624170023164 -0.06844514382183764
frame0124.jpg -0.0009297831548599662 0.0027039526470976944 -0.07534244248171787
frame0125.jpg -0.0007468316592502024 0.0025019364794972372 0.0999548762715824
frame0126.jpg -0.0006325085911522209 0.003387819738750997 0.14476167018278113
frame0127.jpg -0.0004393334283088999 0.004469869932515289 0.3932652037534426
frame0128.jpg -0.00020127902289555043 0.00603206418043388 0.440858647817216
frame0129.jpg -0.00026775501612707423 0.008607993076754495 0.5507875641996115
frame0130.jpg -0.0006565547575732102 0.012186238267839494 0.7184141257792022
frame0131.jpg -0.0009907981471572354 0.01541393275077742 0.7244358892560778
frame0132.jpg -0.000676423646743007 0.01684037384530857 1.1847077315061159
frame0133.jpg -0.000859401159577949 0.019853201887559745 1.2200260571111101
frame0134.jpg -0.0012622976736022444 0.023508984498122006 1.2943035768625084
frame0135.jpg -0.001891232522268697 0.02810935219244475 1.4250441792888688
frame0136.jpg -0.0017383020252405307 0.030749893038100405 1.5242404076778038
frame0137.jpg -0.002608379667280659 0.036116384388073366 1.5123646627587854
frame0138.jpg -0.0010941995618115217 0.03539387035383476 1.672778031993546
frame0139.jpg -0.0020657320606986174 0.0417507483970513 2.0212215230110173
frame0140.jpg -0.0022156121314343587 0.04553624100964332 2.1939274590782065
frame0141.jpg -0.0021615472449420907 0.047909975646460726 2.1140727877868724
frame0142.jpg -0.0016835986893467929 0.04977357164500852 2.228144930070881
frame0143.jpg -0.0030606701732993212 0.056806192442218885 2.2118736744271965
frame0144.jpg -0.003767381028111593 0.06161374443243384 2.7078962528155093
frame0145.jpg -0.003266695791715912 0.06403252113512259 2.8395703809309945
frame0146.jpg -0.0034289368347755755 0.06778561198875252 2.998448300360528
frame0147.jpg -0.004273670854587637 0.07250452475183378 3.097488621247697
frame0148.jpg -0.004611581602306882 0.07616508662940581 3.1147563495616986
frame0149.jpg -0.004006254180457164 0.0773805072644061 3.4865391648722865
frame0150.jpg -0.005440192814289355 0.08400511359635457 3.65882346633171
frame0151.jpg -0.005360754106766946 0.08714223902059365 3.7150057064858406
frame0152.jpg -0.005958036881900815 0.0925250981892614 3.8350198773041164
frame0153.jpg -0.005520324505549554 0.09475874851378116 4.1122764058667824
frame0154.jpg -0.006832788081476422 0.10092640186529712 -2.2108779087687918
frame0155.jpg -0.006397620458411178 0.10329992823537497 4.369814187787694
frame0156.jpg -0.006339293333652886 0.1067946099216564 4.455963226706547
frame0157.jpg -0.005495843445940389 0.10812388358319787 4.872183208903777
frame0158.jpg -0.007005621652644442 0.11499921092728832 4.8330451394045095
frame0159.jpg -0.007326330519302163 0.11869306005693325 5.230929410986253
frame0160.jpg -0.006908764766613632 0.12034429667828955 5.333406155303998
frame0161.jpg -0.008105869795396917 0.1259302509302575 5.600197168573035
frame0162.jpg -0.00885144828939114 0.1304673711692747 5.78061650014122
frame0163.jpg -0.009059853343896834 0.13339569887151526 6.015125104917713
frame0164.jpg -0.009260649244229806 0.13650027724140978 6.288887392329527
frame0165.jpg -0.00987881278781625 0.14111287452742155 6.301158101157607
frame0166.jpg -0.011122218240843848 0.14654422556769292 1.3498718362084772
frame0167.jpg -0.011823666898738622 0.15087104710340518 6.472649888462324
frame0168.jpg -0.01222771065688269 0.15431724893215848 7.1010109111695945
frame0169.jpg -0.01314088180022166 0.15883205332975847 7.193791554505856
frame0170.jpg -0.0139804728362065 0.1632563589799434 7.4128250715312065
frame0171.jpg -0.014373297145446315 0.1669264434057466 7.548756053462433
frame0172.jpg -0.015232344240575247 0.17113519449996015 7.761092723502878
frame0173.jpg -0.016137119534098687 0.17536711808705016 7.771529818120813
frame0174.jpg -0.0161053833764742 0.17805923212982527 7.616782758918598
frame0175.jpg -0.016771701699639055 0.18224282317053486 8.209209548663926
frame0176.jpg -0.017351154360876364 0.18581262498520548 3.6910006579579977
frame0177.jpg -0.018785386824812816 0.19185959264631464 8.260695555898335
frame0178.jpg -0.018565785966715542 0.19387212046457294 4.367015599250991
frame0179.jpg -0.018195746327036258 0.19580157543948876 8.891787223404679
frame0180.jpg -0.012437710460670034 0.18561450294729046 7.624116150086661
frame0181.jpg -0.020218175580500014 0.20560852756023615 9.165199665610363
frame0182.jpg -0.014516740863004262 0.1945754308072187 8.608645343000237
frame0183.jpg -0.02297049824765658 0.21536133031856455 5.632395010148422
frame0184.jpg -0.022156574780568386 0.2160592616471021 9.633717945113682
frame0185.jpg -0.02497471461938124 0.2243984601328487 9.753767231449972
frame0186.jpg -0.025560340978178442 0.2278791726902901 9.771109614405672
frame0187.jpg -0.026495232014740147 0.23200813838591364 6.1827573465359436
frame0188.jpg -0.02721897092224529 0.2356473554111693 9.752382574793488
frame0189.jpg -0.028184760483944207 0.2402456880475247 6.903341910009424
frame0190.jpg -0.02824417908269665 0.2430848113258959 6.970525420828898
frame0191.jpg -0.02895986833316505 0.246932756142283 10.68685199206484
frame0192.jpg -0.028440732450834005 0.24776645895423835 10.720551368725275
frame0193.jpg -0.03049058521376013 0.2545233655348989 11.028586454084463
frame0194.jpg -0.03159640335543292 0.2594972326549713 11.115074997634368
frame0195.jpg -0.028110113635847974 0.2545290056558018 11.343097349570453
frame0196.jpg -0.03372939586247435 0.268689729898417 7.8458031423056145
frame0197.jpg -0.03390444846677804 0.2708421154010513 11.453255701837197
frame0198.jpg -0.030520453373802686 0.2654158324374624 11.774349707869444
frame0199.jpg -0.035676369404957387 0.27848360112653936 12.178562432465739
frame0200.jpg -0.037248993538656114 0.2841897641266236 11.949941598820269
frame0201.jpg -0.0385202466163035 0.2889854520515582 9.662526227680386
frame0202.jpg -0.03890559595188876 0.2917598658895526 10.056775050898066
frame0203.jpg -0.040023609131197235 0.2964229683386689 12.618154781725922
frame0204.jpg -0.04022331760222991 0.2989573953169992 12.895978165486634
frame0205.jpg -0.041800337184151486 0.3041737533834852 13.247156092011302
frame0206.jpg -0.042744728445301 0.3081902239953301 13.125286528655725
frame0207.jpg -0.04009183591862106 0.3049326461248177 12.553439819009874
frame0208.jpg -0.04032347553132655 0.3075446516977465 12.581274372591885
frame0209.jpg -0.04526656806579527 0.31964811547836897 13.335784169337494
frame0210.jpg -0.04511470850067728 0.3193866167846324 11.321666597208711
frame0211.jpg -0.045860341609246486 0.32283040446219 13.870480839547689
frame0212.jpg -0.04829084611195048 0.3313092981160729 13.928784259782159
frame0213.jpg -0.04914726727995075 0.33524290091524506 11.99044441713101
frame0214.jpg -0.04992340209810822 0.33921128007677803 14.68111487956902
frame0215.jpg -0.04749965105458745 0.3363129499937747 13.408720624555135
frame0216.jpg -0.05180414277794723 0.346854629356827 12.612568669685515
frame0217.jpg -0.052862843345827526 0.3505552665237409 15.320509633577386
frame0218.jpg -0.05415059778363679 0.3550233022072692 14.901342644792352
frame0219.jpg -0.05611883048103111 0.36107914045263395 15.0699467169711
frame0220.jpg -0.05747135153947086 0.3655469973515201 15.761253311216619
frame0221.jpg -0.05686256858271519 0.3659571668590039 15.426718066512528
frame0222.jpg -0.05926294805778656 0.3718542178238505 13.90804340124291
frame0223.jpg -0.05943193964979629 0.3740059485642865 13.854128802509393
frame0224.jpg -0.05787077990918112 0.3725370349982477 15.305856365918356
frame0225.jpg -0.06363009014374113 0.3853455846214914 16.318029826937366
frame0226.jpg -0.06369468110794793 0.387582819841901 13.958885899565342
frame0227.jpg -0.0652434372572877 0.3923481475058867 14.744702750614548
frame0228.jpg -0.06404446687336715 0.39183094542253305 15.721064369509678
frame0229.jpg -0.06583220116501902 0.3971507024308553 16.41113409417395
frame0230.jpg -0.06787898119519697 0.4025457431290945 16.917622892744795
frame0231.jpg -0.07019061049330623 0.40857241595102667 17.70781650524216
frame0232.jpg -0.06911905681625577 0.4082286392985932 15.416609703936262
frame0233.jpg -0.07009834162033013 0.41121375640015945 17.215570937297404
frame0234.jpg -0.07228565424163297 0.41654999113880176 16.64664604111698
frame0235.jpg -0.07297526312153085 0.4194268989726072 16.88155553343123
frame0236.jpg -0.07405756151839657 0.42294534045233534 16.923235907365342
frame0237.jpg -0.07767789414339141 0.43113714399766695 16.152544033830335
frame0238.jpg -0.07925108348002027 0.4359821196650929 17.495429425877948
frame0239.jpg -0.08000261437362394 0.4393199299471591 16.336578610478636
frame0240.jpg -0.08227238005165817 0.4449041345895922 17.97721544939144
frame0241.jpg -0.08181605126026531 0.44517443752106217 17.86803274018982
frame0242.jpg -0.08440599161647003 0.451193438407914 18.47367695512511
frame0243.jpg -0.08418859735039066 0.4524078496462681 16.884177846310347
frame0244.jpg -0.08687274698047218 0.4586669001929163 18.28991464216157
frame0245.jpg -0.08719004132879501 0.4604887667451514 19.639505982118823
frame0246.jpg -0.08967764393266743 0.466712399914529 17.606005963997532
frame0247.jpg -0.08914770510625561 0.4668056257935499 18.46148068433454
frame0248.jpg -0.0925521106255652 0.4742545021370645 17.86416179766533
frame0249.jpg -0.09434296710717828 0.4787784810970669 19.60216259708562
frame0250.jpg -0.09434826949590827 0.4800875600294193 20.522970644884683
frame0251.jpg -0.09493879696106187 0.4825343495099307 19.32403266482639
frame0252.jpg -0.09779333331587894 0.4893655828056442 18.94143139956674
frame0253.jpg -0.097639711009766 0.4905633674829506 20.35165117139756
frame0254.jpg -0.0990939293183072 0.4945724521632773 19.175040969922016
frame0255.jpg -0.100031497862319 0.4974286672244352 20.465437092119192
frame0256.jpg -0.10193500288774526 0.5018761079449021 20.55805794348013
frame0257.jpg -0.1037224136397775 0.5062291383212415 19.737760884536762
frame0258.jpg -0.10513328805290592 0.5099065068632056 19.946528609679564
frame0259.jpg -0.10831204684596228 0.5164615848183624 21.514875936355704
frame0260.jpg -0.1091967253025691 0.5189821519819734 21.304087022408574
frame0261.jpg -0.10987860020252097 0.5212963475417602 19.971911276514653
frame0262.jpg -0.11214587522962843 0.5267100821838377 21.433755485651915
frame0263.jpg -0.11326392457923712 0.5300576522319194 20.329626681286268
frame0264.jpg -0.11388017301496857 0.5324569128596602 21.26178869463795
frame0265.jpg -0.11562357883288728 0.5367344732207476 21.28081542345093
frame0266.jpg -0.1182077448698212 0.5422164340815581 21.81826464467412
frame0267.jpg -0.11979239796699262 0.5461953687375918 21.29770860684264
frame0268.jpg -0.12186668107434308 0.5508084314214692 22.392991297365707
frame0269.jpg -0.12226418412655428 0.5522875630460851 22.89338055944416
frame0270.jpg -0.12384771410431007 0.5563244504617167 22.837960484070567
frame0271.jpg -0.1262217467004251 0.561298098003361 21.790279988381005
frame0272.jpg -0.1281513422760093 0.565450326231893 23.493945039345213
frame0273.jpg -0.1305814963244876 0.5706227036277135 23.32842781800079
frame0274.jpg -0.13219981392859098 0.5740426967738905 23.56278560098855
frame0275.jpg -0.13302107674238106 0.5762178485287879 22.73424969216341
frame0276.jpg -0.1350081028790936 0.5801268315879841 23.61009499678577
frame0277.jpg -0.13738029113407432 0.5849090649610877 23.69178094080534
frame0278.jpg -0.13838681433563166 0.5873989975056226 24.805365540951946
frame0279.jpg -0.13985633478637424 0.5909071701028104 23.812164877575512
frame0280.jpg -0.14290195565755606 0.5968050656816436 23.81988951165385
frame0281.jpg -0.14374324471051994 0.5986782123749681 23.886148288168712
frame0282.jpg -0.1468941065781152 0.6044704743173648 23.478264009233406
frame0283.jpg -0.14829343332239178 0.6072317548173621 24.005495832382394
frame0284.jpg -0.1493861491222677 0.6095385289855896 24.639213170189517
frame0285.jpg -0.15114875572405034 0.6132571340437736 24.434236900290102
frame0286.jpg -0.15316211523581655 0.6177792323994895 23.938653182589224
frame0287.jpg -0.15467984045410255 0.6208656010371832 26.16810213161059
frame0288.jpg -0.15749905331478545 0.6262093505998347 25.456268331370282
frame0289.jpg -0.15896707858175402 0.6289122786830528 26.508531663433512
frame0290.jpg -0.1609497921664556 0.6327718623755941 25.395342927791482
frame0291.jpg -0.1624482485850427 0.6357809055591009 26.895117619140887
frame0292.jpg -0.16428996728565118 0.6396947673290811 26.053963807030787
frame0293.jpg -0.16683160756117044 0.6441983206766843 26.29115644922201
frame0294.jpg -0.16913736142924848 0.6481260680765797 26.723866024608466
frame0295.jpg -0.17039141157237678 0.6504618780580177 26.74369848922999
frame0296.jpg -0.1733484835904934 0.6559492399808802 25.249870272833746
frame0297.jpg -0.17432610481002267 0.6580892456524852 26.98070086176491
frame0298.jpg -0.17635738310109875 0.6621629170661703 27.153457060744053
frame0299.jpg -0.1788732105953894 0.6667872217599286 27.210769457168325
frame0300.jpg -0.18010830557468102 0.6693939088934464 27.250158619426518
frame0301.jpg -0.1818102463033508 0.6726373322352691 26.699732445561303
frame0302.jpg -0.18326565249421928 0.6754565329430944 27.00138413846093
frame0303.jpg -0.1859101040625332 0.679982106055353 27.802689186008237
frame0304.jpg -0.1881319522721196 0.6840898448721204 28.304435375497075
frame0305.jpg -0.1893980751260442 0.6868317353126614 27.85495766534104
frame0306.jpg -0.19118567658104055 0.6902307760621068 28.49649735946191
frame0307.jpg -0.1939684222325781 0.694955768858156 27.72371040122633
frame0308.jpg -0.19641770992266813 0.6987658188896224 28.705626842784284
frame0309.jpg -0.1975401272492205 0.7010478954034001 29.084297504281782
frame0310.jpg -0.19951240432366213 0.7049176680810094 29.227064774264136
frame0311.jpg -0.20111858280297015 0.7082245062017414 29.244197941322888
frame0312.jpg -0.2044262089897824 0.7137529349765505 29.20544080377105
frame0313.jpg -0.20646216234772607 0.7175493808056345 29.101492696868053
frame0314.jpg -0.2078720841820607 0.7198754810457919 30.02615112225198
frame0315.jpg -0.21029541567046786 0.7241052621341704 29.933798750112963
frame0316.jpg -0.21196788489462204 0.7271920329925632 29.825441189363165
frame0317.jpg -0.2137987494285964 0.7302184857926481 29.920026865249017
frame0318.jpg -0.21581029034944926 0.7336880424664275 30.2894407125668
frame0319.jpg -0.21800857039041388 0.7371207995799975 30.73092630538332
frame0320.jpg -0.22031562686085712 0.7411085655247125 29.656625780133812
frame0321.jpg -0.22273955959483646 0.7450025919392456 30.739677766255326
frame0322.jpg -0.2242691192909967 0.7475208411742307 30.51499418487535
frame0323.jpg -0.22738106892572696 0.7522178135461142 31.094820574135614
frame0324.jpg -0.2296794032441556 0.7560677825092761 30.10617430458845
frame0325.jpg -0.2310006747258756 0.7583641657185891 30.921174156964533
frame0326.jpg -0.23344817483461885 0.7619796517485874 31.683801416540106
frame0327.jpg -0.2358346628095844 0.7654905811073953 31.23294582090928
frame0328.jpg -0.23875059418649905 0.7697417353466256 31.59945744846476
frame0329.jpg -0.2416342714623132 0.7739922235750746 32.039030605917475
frame0330.jpg -0.2407771487538333 0.7727726203911163 31.612314419109875
frame0331.jpg -0.2440181527083873 0.7778328165388411 31.22709686360457
frame0332.jpg -0.24839127006631914 0.7842249012477783 31.2490999152776
frame0333.jpg -0.25058195258282145 0.7875177704258631 31.46925747970036
frame0334.jpg -0.25239697196532584 0.7903605589369068 32.48458926688741
frame0335.jpg -0.2552404993481595 0.7949713537372826 32.530927315095674
frame0336.jpg -0.2576863910553028 0.7984493980521485 32.51351679356931
frame0337.jpg -0.2599300214210676 0.8015164135040881 32.44884686812681
frame0338.jpg -0.26180206240122383 0.8040565489038749 33.11589439343391
frame0339.jpg -0.2648143841579329 0.8090424736438172 32.039993837206
frame0340.jpg -0.2671467150355329 0.8125249980804667 32.480870487953574
frame0341.jpg -0.2692515676001018 0.8155857541178013 32.718077834834965
frame0342.jpg -0.2714064931802949 0.8185052998157757 32.89858024722043
frame0343.jpg -0.2736136924188565 0.8218044870648497 33.06564294739242
frame0344.jpg -0.2757100287229051 0.8251235286137568 34.044104621697194
frame0345.jpg -0.2783016316449015 0.8291070349965352 33.77903267391185
frame0346.jpg -0.2809774664519048 0.8328232892474874 33.61629930134878
frame0347.jpg -0.2834119222132453 0.8361499040875504 33.654050745896
frame0348.jpg -0.2857641713125298 0.8395691345509384 33.93748580473474
frame0349.jpg -0.2881172585652877 0.8429550255020432 34.071018673401035
frame0350.jpg -0.2895460748219713 0.8453810965993455 34.762624524731415
frame0351.jpg -0.2928717473971356 0.8501084645175219 34.88526876934771
frame0352.jpg -0.2954340880924538 0.8533946401904575 34.96752164920882
frame0353.jpg -0.29797173632920404 0.8567041120475369 35.096702043730374
frame0354.jpg -0.3004772212822072 0.8600475283634609 35.11427877671948
frame0355.jpg -0.3030261110587236 0.8633513818829668 35.169425256990564
frame0356.jpg -0.30563752739344696 0.8669770670121812 35.3173187077902
frame0357.jpg -0.30809870117715565 0.8704525812842236 35.6402853754656
frame0358.jpg -0.31036019424135186 0.8736336816152197 35.90450968363098
frame0359.jpg -0.3127164586940949 0.8769712576696653 36.11858634876658
frame0360.jpg -0.31531589907910906 0.8803585298245309 36.18494351443643
frame0361.jpg -0.3176714417997704 0.883593817105417 36.361689910637146
frame0362.jpg -0.3203167578400365 0.8870216259994509 36.45555388765208
frame0363.jpg -0.32275796347302776 0.8904253471475665 36.41385159959685
frame0364.jpg -0.3249239806618036 0.8930816322004637 36.56022682139814
frame0365.jpg -0.3279079528807125 0.8970921861303183 36.68598437219422
frame0366.jpg -0.3304014818841626 0.9002940759312684 36.799460560719695
frame0367.jpg -0.3328874967376798 0.9033768305050748 37.06404844963551
frame0368.jpg -0.3355661182654611 0.9070417269877744 37.249515835279276
frame0369.jpg -0.3382807626721728 0.910779022794641 37.25287506649337
frame0370.jpg -0.34019988192850537 0.9134824347595726 37.66723952568577
frame0371.jpg -0.34288595458999355 0.9165277749410036 37.97316825643642
frame0372.jpg -0.34586038906611793 0.9198226128605012 38.21204748614336
frame0373.jpg -0.3482657224692815 0.9228487752071304 37.72508312373081
frame0374.jpg -0.3509691512917411 0.9257938491695378 38.311988542408756
frame0375.jpg -0.3537930270108657 0.9288646583353732 37.89626238235174
frame0376.jpg -0.3566045405217311 0.932284071575492 38.19304269356528
frame0377.jpg -0.35923613245117125 0.9353771883075512 37.92487517152485
frame0378.jpg -0.3618682122143313 0.9386245415471156 38.1339027260746
frame0379.jpg -0.3646719565101472 0.9419520955019354 38.093695965946395
frame0380.jpg -0.3675966987562261 0.9452293574088226 38.66415707400476
frame0381.jpg -0.37039433892535856 0.9486403132710872 38.36306801501135
frame0382.jpg -0.3727359295188109 0.9516929406894208 38.7305180831826
frame0383.jpg -0.3754690946054575 0.9550502910124185 38.83150224729229
frame0384.jpg -0.3779473002282849 0.9580661978714428 39.34995065669082
frame0385.jpg -0.38084424756351215 0.9612239344301198 39.11384415259274
frame0386.jpg -0.3834527175325271 0.9640588845515274 39.47945311093913
frame0387.jpg -0.3862651878950711 0.9671385085444684 39.571575967403
frame0388.jpg -0.3890847608314972 0.970767115393666 40.024639791709795
frame0389.jpg -0.39189736349498094 0.9741039046396538 40.172800884738
frame0390.jpg -0.3946174145473208 0.9770924482516876 40.05882612991221
frame0391.jpg -0.3973881199099303 0.9800519599091354 40.40247425252351
frame0392.jpg -0.4000762311887306 0.9830717948355024 40.46767763947575
frame0393.jpg -0.4028284488045786 0.9861793425093588 40.64404790993628
frame0394.jpg -0.4055347225448482 0.9894442036536388 40.646260426709155
frame0395.jpg -0.4080425886488629 0.9923774862968984 40.84714619771438
frame0396.jpg -0.4109333646956386 0.9952116385202612 41.269446235671026
frame0397.jpg -0.4140293625521317 0.9984853605177202 41.27297519338697
frame0398.jpg -0.4167894382997724 1.0016802158855258 41.70366962833052
frame0399.jpg -0.4197481731967753 1.0045894540276945 41.81489629077951
frame0400.jpg -0.42229584401842185 1.0075536920862207 41.659512831664884
frame0401.jpg -0.4254628001939576 1.0106832729410806 42.02130852143455
frame0402.jpg -0.4279609065741019 1.013529438046453 42.02966632109828
frame0403.jpg -0.4309713205024107 1.016677127353891 42.20637874152746
frame0404.jpg -0.4340335558927075 1.0199372953565216 42.74105782429246
frame0405.jpg -0.4365144409012138 1.022413037356372 42.74506444978249
frame0406.jpg -0.4397208421940346 1.0257563095387727 42.86029973843199
frame0407.jpg -0.4435136348607 1.0297328057135335 43.034793877722244
frame0408.jpg -0.4456142212368851 1.0320467744990385 42.63913921383449
frame0409.jpg -0.4481934799690867 1.034762158946187 43.79306344769249
frame0410.jpg -0.4513637715822476 1.0379809006179297 43.50885057899389
frame0411.jpg -0.45434927147749393 1.0407001274495908 43.40983336233529
frame0412.jpg -0.4573592572467294 1.043952456214105 43.78885799251504
frame0413.jpg -0.4601536678489575 1.0467275351342176 43.94837816390722
frame0414.jpg -0.4630477821860534 1.0495647587564725 43.87892882985487
frame0415.jpg -0.4659542977985897 1.052353609377355 43.96137298038021
frame0416.jpg -0.4691237010361242 1.0555179326764268 44.110271545105284
frame0417.jpg -0.4715655449528535 1.0580371515482605 44.205894281432265
frame0418.jpg -0.4746447272083826 1.0612542550682584 44.377801449633886
frame0419.jpg -0.4794866982103907 1.065978935107019 44.793062365868394
frame0420.jpg -0.4808033643233493 1.0672105729215515 44.58963191822195
frame0421.jpg -0.4838582503763301 1.0702036903022405 44.27387145333583
frame0422.jpg -0.4865827978118018 1.0729283903944815 44.793683619377155
frame0423.jpg -0.4897531189169913 1.0755533880667094 44.216953838970944
frame0424.jpg -0.4936361998688935 1.0791538177966786 45.01913275976122
frame0425.jpg -0.4956669404072238 1.0809643728850409 45.20865591539153
frame0426.jpg -0.4993937220332762 1.0845698995080504 45.501747729388754
frame0427.jpg -0.5030262234013053 1.0881951619835002 45.4101988002956
frame0428.jpg -0.5058189578547222 1.09086961904323 45.56270644460395
frame0429.jpg -0.5081127022726076 1.093194826407579 45.8130983449417
frame0430.jpg -0.5113213388609688 1.096113671935464 45.923846063132025
frame0431.jpg -0.5142836685241314 1.0988527475643033 46.15400976836988
frame0432.jpg -0.5176370834714721 1.1018998321779852 45.658627454330045
frame0433.jpg -0.5213767908056662 1.105550501710201 46.32540590334313
frame0434.jpg -0.5241338558201372 1.1080689117320466 46.44888271707971
frame0435.jpg -0.5275108747316376 1.1110186110282882 46.873091296791706
frame0436.jpg -0.5308146244979755 1.1139877344347715 46.85176639846386
frame0437.jpg -0.5334661745744342 1.1160957268377258 46.027732934465334
frame0438.jpg -0.5369793707148336 1.1190993336792332 46.016818973214576
frame0439.jpg -0.5399523305087246 1.1220293274739843 47.27133924648879
frame0440.jpg -0.5425230686716767 1.1243820912213458 47.49852308125069
frame0441.jpg -0.5456565049261963 1.1271446866828054 47.22639759619404
frame0442.jpg -0.5492164941518095 1.1301802626687314 47.31548354739116
frame0443.jpg -0.5529520031175504 1.1333703228572278 47.39086500792396
frame0444.jpg -0.5557898715592829 1.1359548028837738 48.28598986144914
frame0445.jpg -0.5590002450690742 1.1387336921221631 48.381988795490095
frame0446.jpg -0.5614189806765407 1.1409982888022638 48.61933158959989
frame0447.jpg -0.5653149179240121 1.1442859339371851 48.78424799396151
frame0448.jpg -0.5686219414354744 1.14693904116096 48.81059963876052
frame0449.jpg -0.5708544195342261 1.1485908443580342 49.07814429819689
frame0450.jpg -0.5707428348660585 1.1484346032659076 48.92062755831336
frame0451.jpg -0.5782991241545125 1.1550949282540548 49.22879764080336
frame0452.jpg -0.5806199282481315 1.1569925349753205 49.42815377952291
frame0453.jpg -0.5835588431770038 1.159421408556103 49.6266892647367
frame0454.jpg -0.5878197108839814 1.1629502435206125 49.84311153470994
frame0455.jpg -0.5910260593051222 1.1655752062725004 49.83536693355039
frame0456.jpg -0.5935989596826818 1.1675860274274503 49.864375500071276
frame0457.jpg -0.5966382773705508 1.169961662728184 49.96283153676039
frame0458.jpg -0.6005242409989766 1.1729004056421146 49.23919849471181
frame0459.jpg -0.6039529444149352 1.175750706213217 50.312870756753576
frame0460.jpg -0.6067427594617437 1.177844338370713 50.40600974460217
frame0461.jpg -0.6114322732321562 1.18165068652356 50.49292491063333
frame0462.jpg -0.6140919730949121 1.183645957849563 50.454971955228594
frame0463.jpg -0.6162730855833526 1.1853590260627789 50.697230457893426
frame0464.jpg -0.6200060064686442 1.1884462112636658 50.888654786323436
frame0465.jpg -0.6241388117676888 1.1919685114710827 51.04093746573607
frame0466.jpg -0.6277411464467243 1.1948882812051382 51.27001697597082
frame0467.jpg -0.6301275820954214 1.196545543471303 50.369097758624534
frame0468.jpg -0.6331310897651765 1.1989577606677135 51.38705326298894
frame0469.jpg -0.6371816146386821 1.2020436046883756 51.645416909011075
frame0470.jpg -0.6401853747331878 1.2039637928117837 50.65595599625125
frame0471.jpg -0.6432803388231052 1.2063779962656267 51.72900840503474
frame0472.jpg -0.6463965282458206 1.2087671922851972 51.899333631035134
frame0473.jpg -0.6504960486013853 1.211749986140678 52.15610298607418
frame0474.jpg -0.6533389455084035 1.2137681221598389 52.241325172180126
frame0475.jpg -0.6569604661166069 1.2165614305878367 52.57667068471977
frame0476.jpg -0.6604791957843058 1.219317471011952 52.54460093967493
frame0477.jpg -0.663336504031265 1.221414422542158 52.6503973142765
frame0478.jpg -0.6679550054633576 1.2250513719424083 52.976013636033834
frame0479.jpg -0.6695278039877404 1.2256689720000642 53.0586120368635
frame0480.jpg -0.6736842871114793 1.2287994448383337 52.9725759060921
frame0481.jpg -0.6758912311401102 1.2303523372413665 53.386851180722324
frame0482.jpg -0.6814716729293526 1.2344478434391222 53.36719746951075
frame0483.jpg -0.6839557931099808 1.2360430278604295 53.66977484372357
frame0484.jpg -0.6872095068829667 1.2382352830207195 54.066138904463635
frame0485.jpg -0.6895046348052478 1.239922051441423 52.8613741007833
frame0486.jpg -0.6908611440021366 1.24109042811474 54.417793193861314
frame0487.jpg -0.6915676540088584 1.241718350531063 52.858438326043064
frame0488.jpg -0.6926010941299758 1.2427308189248365 53.858985548394976
frame0489.jpg -0.6925338610094329 1.2425604482546244 53.95994241028162
frame0490.jpg -0.6975583883976246 1.2468687818310422 54.74459009502641
frame0491.jpg -0.691684600269088 1.241473708176973 53.599048220110284
frame0492.jpg -0.6920665089336503 1.2418004697998484 53.739622505276365
frame0493.jpg -0.6922443522309526 1.2418915004161626 53.33030790796651
frame0494.jpg -0.6913361534238494 1.241090921881016 53.27918821390403
frame0495.jpg -0.6913255157034436 1.2412680180016564 55.16193472320281
frame0496.jpg -0.6923904191604985 1.2422329048147205 55.20286866221622
frame0497.jpg -0.6915360595535092 1.2414437678177477 55.197814035646246
frame0498.jpg -0.691638455944099 1.2415326257836532 55.033802842152795
frame0499.jpg -0.6918357226443674 1.241540300546242 53.1818958949581
frame0500.jpg -0.6928652948051989 1.2425857869917614 55.208146533180035
frame0501.jpg -0.693093534949494 1.2428039017193666 55.26114655534247
frame0502.jpg -0.6923184291399669 1.2421346415276822 55.22893501521454
frame0503.jpg -0.6923313113657881 1.2421472798376452 55.19213353060663
frame0504.jpg -0.6935214228883511 1.2431451827281514 55.14609440303115
frame0505.jpg -0.6934521457887899 1.243084906074701 55.155195619537274
frame0506.jpg -0.6921437557133903 1.2419828447516787 55.20827951371688
frame0507.jpg -0.6920859851604776 1.2419252503142508 55.19498455230797
frame0508.jpg -0.6933392331512741 1.2429839356349195 55.14706845770607
frame0509.jpg -0.6919970005795077 1.2416977180667153 53.30981496645978
frame0510.jpg -0.6927706228050583 1.242319550649892 53.88512115773633
frame0511.jpg -0.6924386829322703 1.2420099649873466 53.586842686084154
frame0512.jpg -0.6927767906411174 1.2425273800148329 55.32497404663517
frame0513.jpg -0.6920788349622784 1.2418558426783848 55.29124293911932
frame0514.jpg -0.6964894488012107 1.2456882038246686 54.73972976415611
frame0515.jpg -0.6925209084383147 1.2421032161725505 53.23705557395872
frame0516.jpg -0.6926789200832743 1.2422349770295251 53.33083072592914
frame0517.jpg -0.6968035059965771 1.2460067328609754 54.76563179734161
frame0518.jpg -0.6974723783525294 1.246492669681215 54.29897914817353
frame0519.jpg -0.6973337179362513 1.2464024049784377 54.65240439712625
frame0520.jpg -0.6973778834100609 1.2464357995532982 54.59788340768259
frame0521.jpg -0.6975395351529432 1.2465650603946934 54.15635592192954
frame0522.jpg -0.6975395351529432 1.2465650603946934 54.15635592192954
frame0523.jpg -0.6975053643413849 1.2465924474060737 54.869688340146226
frame0524.jpg -0.6930318867044193 1.2427227676667787 55.230050463376045
frame0525.jpg -0.6923070034195329 1.241927624411345 53.255851378684646
