frame0000.jpg -0.0 0.0 -0.0
frame0001.jpg -5.372061967357138e-05 -2.9004594800898787e-05 -0.03072377785154855
frame0002.jpg -0.0007149690150315221 -0.0003912846944093359 -0.08335547819752008
frame0003.jpg -0.0013805699633587796 -0.0007469182718781919 -0.024369771269215173
frame0004.jpg -0.00141328938865131 -0.0007586588086379214 -0.032275392052814635
frame0005.jpg -0.00141328938865131 -0.0007586588086379214 -0.032275392052814635
frame0006.jpg -0.0020293624346898447 -0.0010601877541771224 0.0314136791024304
frame0007.jpg -0.002016636838706913 -0.001052827158682755 0.02998945816193528
frame0008.jpg -0.002016636838706913 -0.001052827158682755 0.02998945816193528
frame0009.jpg -0.002083429501963118 -0.00109519131368385 0.04827227920660464
frame0010.jpg -0.0005083101510852152 -0.0002630962610608561 0.07959146086657795
frame0011.jpg -0.0002690188124941348 -0.00015890014444553953 0.08051674657030244
frame0012.jpg -0.0004338715041386495 -0.00021764964672446566 0.07068949505310458
frame0013.jpg -0.0002089602246242658 -7.242849799245365e-05 0.05912228068846485
frame0014.jpg -0.0007420134329087839 -0.0003736482309891172 0.08491423281778401
frame0015.jpg -0.0010497659310500828 -0.0005681820139469589 -0.016715258279473868
frame0016.jpg -0.0006976230043986207 -0.0003222553996168644 -0.0035550358358805256
frame0017.jpg -0.0008350554519248433 -0.0004011032471744145 -0.023104110692165343
frame0018.jpg -0.0008274903173144463 -0.00043776593518066463 -0.016798943939734617
frame0019.jpg -0.0009559517337062777 -0.0005068746408315082 -0.040863296990705636
frame0020.jpg -0.0009515822768834492 -0.0005030221880850834 -0.024541201666723692
frame0021.jpg -0.00016003177051749642 -7.855949041165846e-05 -0.09607874499715677
frame0022.jpg -0.00016003177051749642 -7.855949041165846e-05 -0.09607874499715677
frame0023.jpg -0.0011558164059198833 -0.0005755042323129173 -0.006667727449088761
frame0024.jpg -0.0022128460603899605 -0.0011453895121118188 -0.039675440237326026
frame0025.jpg -0.0016048930356423918 -0.0008449969310472496 -0.06106126902428476
frame0026.jpg -0.0021395440648904447 -0.0011162716493769405 -0.07886375938766117
frame0027.jpg -0.0015543548828035724 -0.0008013735438414582 -0.0736597785296975
frame0028.jpg -0.0015359854614565955 -0.0007938599413089161 -0.06910808433124238
frame0029.jpg -0.001164284409771936 -0.0005926094843525857 -0.034340465618481995
frame0030.jpg -0.0010702095153813924 -0.0005459891865726307 -0.0039441659644700935
frame0031.jpg -0.0007229174739912317 -0.0003738149341150729 -0.04425219925377785
frame0032.jpg -0.001972644752448443 -0.0009557008959790967 0.005969728325230625
frame0033.jpg -0.001061150329390754 -0.0005053049202270043 -0.07291182068649342
frame0034.jpg -0.0009963112052058488 -0.0005565378288526343 -0.09413173832400804
frame0035.jpg -0.001187339512895858 -0.0005718935352040444 -0.03957939341648442
frame0036.jpg -0.0016709996270291745 -0.0008131487500352996 0.00126375716333771
frame0037.jpg -0.0018450441556263487 -0.0009847089692508657 -0.047352626429642976
frame0038.jpg -0.0008654821950847132 -0.00048285578796453116 -0.0016549945922220302
frame0039.jpg -0.00019929570473359648 -6.839457043822386e-05 -0.06933314971349695
frame0040.jpg 0.0005675790842905754 0.0002803140326875068 -0.07773805568164754
frame0041.jpg -2.523911900971273e-05 -1.0600312378077663e-06 -0.06810618966671719
frame0042.jpg 0.00014850162577131592 9.423525780819846e-05 -0.07257625584514507
frame0043.jpg -0.00013544565155886116 -3.5776826952856186e-05 -0.04169420821817104
frame0044.jpg -1.2567165606791306e-05 2.9566108292301204e-05 -0.0008884066789525022
frame0045.jpg 0.0003262229414661825 0.0002110377781772139 -0.025615964216079614
frame0046.jpg 0.0002893775558730582 0.0001905144251370988 -0.022333867294273096
frame0047.jpg -0.0006498560054881572 -0.0003155935357186102 0.012051370915312326
frame0048.jpg 0.0001010752996571184 0.00010240114376664449 0.03967697422699112
frame0049.jpg 0.0008135122936377376 0.0004495264993825224 -0.0011682740913860614
frame0050.jpg 0.0006893640963575954 0.0003708970595612326 -0.015814144008504942
frame0051.jpg -0.00046917265989001184 -0.00019582709050713565 0.0382088290219191
frame0052.jpg -0.0006475799699757473 -0.00028387433775611386 0.04557021757875519
frame0053.jpg -0.0002879900169200569 -0.0001970205332914358 0.005173597933895518
frame0054.jpg -0.0009955791135052533 -0.0005190365683321313 0.0407043245087704
frame0055.jpg -0.00013264852010868368 -2.837364564465213e-05 0.04086424185080708
frame0056.jpg -0.0011352777526701268 -0.0005793736554824334 0.02610932846853483
frame0057.jpg -0.000939549983466832 -0.0005010058039813844 -0.02380684047743649
frame0058.jpg -0.001412019667012568 -0.0007170447647404345 0.02456313232942096
frame0059.jpg -0.0008780052677379854 -0.00042780953284900187 0.023251683800685857
frame0060.jpg 4.606955783193603e-05 5.56192771305754e-05 0.08599322998542817
frame0061.jpg -0.0004149415483351264 -0.00017938546135953958 0.10657601531621932
frame0062.jpg 5.441179922307604e-05 3.3383168369959836e-05 0.03959104254448219
frame0063.jpg -0.002515973393378995 -0.0013303150227465064 0.04445667462914182
frame0064.jpg -0.0025014779401597567 -0.0013487687029977188 0.04923726173731794
frame0065.jpg -0.0019527088822906711 -0.0010533618502421966 0.09105504229862224
frame0066.jpg -0.0007134114184184689 -0.00033343496771240226 0.02047954649777476
frame0067.jpg -0.0014512313396584824 -0.0007375409662412606 0.02369504756145862
frame0068.jpg -0.001269044432967199 -0.0006959967328866469 -0.02105205456891481
frame0069.jpg -0.001994972385871103 -0.0010400035960905047 0.01690475331508469
frame0070.jpg -0.001994972385871103 -0.0010400035960905047 0.01690475331508469
frame0071.jpg -6.776489379093833e-05 8.593116356083597e-06 -0.027391618967962696
frame0072.jpg -0.00016547286885455233 -8.783624735975962e-05 -0.0113405414748856
frame0073.jpg -7.128027321327811e-05 -5.278631477620458e-05 -0.055743137510704734
frame0074.jpg -0.0011804199614948848 -0.0005890034354576429 0.058356742525868165
frame0075.jpg -0.001632261284746533 -0.0008228203310364313 0.051087057883469206
frame0076.jpg -0.0014980348601451293 -0.0007707594120255046 -0.004228229639330865
frame0077.jpg -0.0018401592279977106 -0.000917836577007562 0.02091858682024193
frame0078.jpg -0.0014040494972764235 -0.0007078617056963367 0.019509400116161826
frame0079.jpg -0.0008219247814144802 -0.00042649296126444917 -0.02340081099191116
frame0080.jpg -0.0003013982312585238 -0.0001453447021662396 -0.05822748335078631
frame0081.jpg -0.0003687749251639758 -0.0001824011936953764 -0.05742433066541455
frame0082.jpg -0.0010001963522796038 -0.0005112885016408879 -0.02164079564958966
frame0083.jpg -0.0016428851242311108 -0.0007993374470896307 0.002848686334046606
frame0084.jpg -0.0010527918125906952 -0.0005257030326722822 -0.019464926048638462
frame0085.jpg -0.0017932249878280387 -0.0009407175051333153 -0.0027217565515915945
frame0086.jpg -0.0016600878906954078 -0.0008286263638304572 -0.020589773195832283
frame0087.jpg -0.0014355031820890525 -0.000690712884488157 0.022005834491610414
frame0088.jpg 2.7918518997429247e-05 -2.2933941258249178e-05 -0.11405590983033395
frame0089.jpg -0.0013586921691946402 -0.0037390559328071243 -0.6274633837137759
frame0090.jpg 0.006423998287962272 -0.0027995221880838805 -0.975578259348572
frame0091.jpg 0.0058432261214425435 -0.006904476866465197 -1.1921151462040622
frame0092.jpg 0.010243407184939879 -0.008607138562094174 -1.4275458820029774
frame0093.jpg 0.006039696486342212 -0.014880535186608491 -1.8186654703349328
frame0094.jpg 0.004957892680474707 -0.015392976165513488 -1.9155404711646542
frame0095.jpg 0.009649431107811256 -0.017691823069708755 -2.2470585657095445
frame0096.jpg 0.010770820169032502 -0.02226239386369368 -2.85154116337526
frame0097.jpg 0.01937183427372967 -0.02307084707352733 -3.0489961833907717
frame0098.jpg 0.017940798880529615 -0.029439720354802888 -3.4185832665954017
frame0099.jpg 0.012766865592325462 -0.03737811655599945 -3.8937716091195913
frame0100.jpg 0.013347560384540559 -0.04257777227444448 -4.194623357696074
frame0101.jpg 0.013051064857516744 -0.04849995046105127 -4.534563008678182
frame0102.jpg 0.009688188686338466 -0.055550225767929375 -5.029204712362547
frame0103.jpg 0.012749009044714866 -0.05993138342745781 -5.490303748924414
frame0104.jpg 0.012582920698447077 -0.06592117278726224 -5.94499619966845
frame0105.jpg 0.011536785590949237 -0.07226699506961777 -6.361683108640472
frame0106.jpg 0.009480195010367941 -0.07899096101179798 -6.742875319004043
frame0107.jpg 0.010885191153100562 -0.08452516942862832 -7.35109040551666
frame0108.jpg 0.007197714991029716 -0.09196149367472227 -7.670554754560372
frame0109.jpg 0.008913005221203734 -0.09681892041561932 -8.416259338184311
frame0110.jpg 0.00934088205583093 -0.10278461890366264 -8.923710727423485
frame0111.jpg 0.0029037508447854205 -0.1118061000208889 -9.127414336784604
frame0112.jpg 0.0009748282835141737 -0.11815058224489786 -9.536878347781835
frame0113.jpg -0.0039019487584367775 -0.13204118731827522 -10.792209726880557
frame0114.jpg -0.0015979761063578922 -0.13694640343997808 -10.934194188306419
frame0115.jpg -0.004102959630510775 -0.1437382272030831 -11.286038304885828
frame0116.jpg -0.007512194056912507 -0.15098108970685886 -11.830214135403422
frame0117.jpg -0.007559028986320248 -0.1565088517163128 -12.316948051331472
frame0118.jpg -0.009424873418477362 -0.15725584763804007 -12.286345254340127
frame0119.jpg -0.00815236358913023 -0.16277535155283498 -13.049520560187524
frame0120.jpg -0.01617706421843608 -0.17138637759731926 -13.457595705720436
frame0121.jpg -0.013502297247719624 -0.17588047470965726 -14.050356117366436
frame0122.jpg -0.017359994602086946 -0.18311426084120608 -14.39646489709482
frame0123.jpg -0.021152184553846896 -0.19018896823808107 -14.654353685368482
frame0124.jpg -0.0182236886132723 -0.19445796559750345 -15.127268863232045
frame0125.jpg -0.02236774913078417 -0.20158620016634893 -15.533469430838986
frame0126.jpg -0.024632698919302767 -0.20816074305438054 -15.944978930122597
frame0127.jpg -0.028042791069670336 -0.21490353565332587 -16.4880950153395
frame0128.jpg -0.030666908780956993 -0.22109598774005496 -17.129267960162597
frame0129.jpg -0.03309726399705828 -0.2273401148864354 -17.493869288667792
frame0130.jpg -0.03381632627823582 -0.2333507150658476 -17.935507079487888
frame0131.jpg -0.03610986799096956 -0.2396761849463119 -18.543310347298586
frame0132.jpg -0.0396620698006642 -0.2463759812436481 -18.803982615346182
frame0133.jpg -0.043350226544502365 -0.25288509920041263 -19.299459805559767
frame0134.jpg -0.04230585822736667 -0.2580585524921199 -20.024016301526533
frame0135.jpg -0.04709485614905872 -0.26515432050743115 -20.514510572923946
frame0136.jpg -0.04984394585120388 -0.2713033199283739 -20.817192765709454
frame0137.jpg -0.05164264959330947 -0.2770393147865999 -21.28275840886729
frame0138.jpg -0.05556924166394615 -0.2837727007091536 -21.706698898785053
frame0139.jpg -0.06201111399350456 -0.2959928416027115 -22.639955830557398
frame0140.jpg -0.0652122930174944 -0.30208481588536235 -23.20933502615731
frame0141.jpg -0.07036688454609194 -0.30854148560094713 -23.48554071744674
frame0142.jpg -0.06966503763977303 -0.3083616524747461 -23.503461257513237
frame0143.jpg -0.07222917279411199 -0.314173336366411 -23.978371663657427
frame0144.jpg -0.07705184362862767 -0.32048555112351257 -24.39906216797144
frame0145.jpg -0.08147183769680444 -0.32642550169768964 -24.872178566585426
frame0146.jpg -0.07863340462751554 -0.33107592939094904 -25.296619818304173
frame0147.jpg -0.08550507728658921 -0.3378735471517664 -25.676668641452984
frame0148.jpg -0.08689325033149588 -0.3432205178709839 -26.190417308759212
frame0149.jpg -0.09001561633169204 -0.3492344819794002 -26.739883739274678
frame0150.jpg -0.0966824017732923 -0.3557974440631507 -27.13136921696068
frame0151.jpg -0.1017252760083818 -0.3615213642148304 -27.49366640026081
frame0152.jpg -0.09954937636089596 -0.36626164486191387 -28.060795522870663
frame0153.jpg -0.10436378573777737 -0.3725345770622536 -28.42583850718122
frame0154.jpg -0.10830233039793452 -0.3785637057900568 -28.822013645800013
frame0155.jpg -0.1133422872910473 -0.3844298419748235 -29.324019378952755
frame0156.jpg -0.1184274573422805 -0.3901581169530012 -30.064367609820827
frame0157.jpg -0.1188894409402205 -0.39499293981180345 -30.54772368441803
frame0158.jpg -0.12063961343493995 -0.4003121059648565 -31.073261823587586
frame0159.jpg -0.12658803720658926 -0.4063092361292905 -31.599927101070172
frame0160.jpg -0.13486230596571375 -0.4172568008409581 -32.70276689001184
frame0161.jpg -0.13849256542860494 -0.42275110614886224 -33.17447159499107
frame0162.jpg -0.14638110954503455 -0.4286009525238606 -33.74384059768457
frame0163.jpg -0.14481610612768234 -0.4330291418329899 -34.12211571466886
frame0164.jpg -0.15101061166043012 -0.43879168012315994 -34.495849102774805
frame0165.jpg -0.15527191534049575 -0.4435313763660774 -34.99153800490414
frame0166.jpg -0.1554307532538843 -0.4435624156039764 -35.00730161895393
frame0167.jpg -0.1594574144394577 -0.4485471516612315 -35.527038157760465
frame0168.jpg -0.1645703247193624 -0.4540451072706214 -36.04556743173215
frame0169.jpg -0.16980137536874254 -0.4593522816353012 -36.538897372619246
frame0170.jpg -0.1738457026601361 -0.4642677674542213 -36.98434571520127
frame0171.jpg -0.17884140181673502 -0.4694882300748106 -37.431784966679054
frame0172.jpg -0.1821849929692972 -0.4742759031236716 -38.02467588236222
frame0173.jpg -0.1862129857587677 -0.479185820829925 -38.4029023325951
frame0174.jpg -0.1894883608009488 -0.4838778101506808 -38.79368434394783
frame0175.jpg -0.1938300648512696 -0.4887619501175613 -39.3429448533
frame0176.jpg -0.19676133998228 -0.493802835490148 -39.94458909705258
frame0177.jpg -0.20501282511713048 -0.4990880418800152 -40.57361495364745
frame0178.jpg -0.2111491836421229 -0.5036103511521419 -41.098356627983016
frame0179.jpg -0.21115545713085768 -0.5079909066450244 -41.53592103534806
frame0180.jpg -0.221686611276548 -0.5133452173177641 -42.22418704736694
frame0181.jpg -0.22410097985738425 -0.5176923291517874 -42.55655616481565
frame0182.jpg -0.22860708862606424 -0.5223935377354575 -43.229537708096466
frame0183.jpg -0.2362187637230631 -0.5273171806690042 -43.67806542400635
frame0184.jpg -0.24111151521454735 -0.5317563232300964 -44.10765986358409
frame0185.jpg -0.2514796559735906 -0.5406053363281755 -45.02476512425759
frame0186.jpg -0.2567689175006149 -0.5448889359988942 -45.5322722626844
frame0187.jpg -0.2618922014887033 -0.54928930337629 -46.11513180426222
frame0188.jpg -0.26780170633847217 -0.5534886442079257 -46.39862970926436
frame0189.jpg -0.2701411543184684 -0.5576340635887977 -46.91631672373057
frame0190.jpg -0.270099743312522 -0.5576452128806141 -46.91294390611865
frame0191.jpg -0.2701937328639026 -0.5621164015964797 -47.421806169320135
frame0192.jpg -0.2784648376224314 -0.5665907497829127 -47.872408124528725
frame0193.jpg -0.2834852558914711 -0.5709004840378641 -48.4392626778749
frame0194.jpg -0.2903825082101168 -0.5751596146341366 -48.67651424212057
frame0195.jpg -0.29193983836942394 -0.5792708176005619 -49.208323604822596
frame0196.jpg -0.3035052268591716 -0.5833573766984105 -49.494437991711294
frame0197.jpg -0.30783320993012003 -0.5871940236961529 -50.04224882871697
frame0198.jpg -0.3084653009748303 -0.5912913187085067 -50.461029067876304
frame0199.jpg -0.31820260642695525 -0.5951570907100555 -51.01921779253518
frame0200.jpg -0.32230328321924895 -0.5990152459042155 -51.58889930652758
frame0201.jpg -0.3282145010493705 -0.6029526737256029 -52.11212683659996
frame0202.jpg -0.33251241755136723 -0.606828416505609 -52.417360497764285
frame0203.jpg -0.33937964478639504 -0.6105714499492314 -52.96242360032907
frame0204.jpg -0.3450361001271114 -0.6141320573255491 -53.60709345564082
frame0205.jpg -0.35060714163722445 -0.6176243049416743 -54.02678881572133
frame0206.jpg -0.3559012402143163 -0.621312862562935 -54.49917192366542
frame0207.jpg -0.3634216216796875 -0.6249696205556892 -54.9267071512523
frame0208.jpg -0.3689934443621068 -0.6283193071687709 -55.4847178818544
frame0209.jpg -0.3801985708042193 -0.6349303940303449 -56.53936535375641
frame0210.jpg -0.3861886439638593 -0.6383561455993715 -56.90821908242098
frame0211.jpg -0.39323008103184176 -0.6416201900033603 -57.40034632376575
frame0212.jpg -0.3975741592704512 -0.6448584924005833 -57.73285755502938
frame0213.jpg -0.4032801366491078 -0.6479613481243114 -58.36880417788279
frame0214.jpg -0.4028594236407308 -0.6479852184436494 -58.355201896136066
frame0215.jpg -0.40802097367810897 -0.6516350835754259 -58.92254138083813
frame0216.jpg -0.4169568663972023 -0.6542707900154743 -59.30608195385725
frame0217.jpg -0.4240818642789831 -0.6569259156804498 -59.72756502659847
frame0218.jpg -0.4265746599400341 -0.6603831252269193 -60.1281909508341
frame0219.jpg -0.4347706907140753 -0.6631720164126715 -60.76154607841655
frame0220.jpg -0.4415529350828536 -0.6657556570664093 -61.05761448368802
frame0221.jpg -0.446611626730076 -0.6688562339463353 -61.54802914243339
frame0222.jpg -0.4539910945893919 -0.6714227773394604 -62.09155017881112
frame0223.jpg -0.4584810064670796 -0.6746853469329135 -62.679883170156174
frame0224.jpg -0.4650052779497343 -0.6774003159350981 -63.10912627251486
frame0225.jpg -0.471707925390066 -0.6798119774715765 -63.70643780792018
frame0226.jpg -0.4764544249944311 -0.6828507076886802 -64.04453171116656
frame0227.jpg -0.4846129513530083 -0.6853551434141222 -64.67591798973746
frame0228.jpg -0.4918626095941713 -0.6876170354557617 -65.05609458074724
frame0229.jpg -0.4962896954975377 -0.6904064467969877 -65.4606415800063
frame0230.jpg -0.5039658307222022 -0.6926332659665095 -65.97421773732127
frame0231.jpg -0.5113073755376139 -0.694653678585551 -66.41754918944035
frame0232.jpg -0.5163716753729151 -0.6970938962973173 -66.82679166552792
frame0233.jpg -0.5283752670562291 -0.7016391920656629 -67.67695810796172
frame0234.jpg -0.5354998153096112 -0.7036558334387935 -68.02322454364959
frame0235.jpg -0.5405059883800161 -0.7058371422455533 -68.65188379497638
frame0236.jpg -0.5488017784566647 -0.7075624467118576 -69.04688001533063
frame0237.jpg -0.554332768162749 -0.7099947353381758 -69.41017358929987
frame0238.jpg -0.5543714922773937 -0.7099853271363149 -69.4156722674778
frame0239.jpg -0.5611812344093138 -0.7118912362483669 -70.09728049909684
frame0240.jpg -0.5680538513867863 -0.7135067050079054 -70.6389503991797
frame0241.jpg -0.5731800486783809 -0.7156405691953767 -70.94060674466822
frame0242.jpg -0.5802742497296313 -0.7174089372445819 -71.39010108190263
frame0243.jpg -0.5863308044116855 -0.7191945872513059 -71.67410618994326
frame0244.jpg -0.5917942714257329 -0.7211356099169743 -72.36003973284055
frame0245.jpg -0.5982232616993067 -0.7228553565583687 -72.69109421061215
frame0246.jpg -0.6054829672820162 -0.7239749420653586 -73.39305416706199
frame0247.jpg -0.6135735734019835 -0.7250353265652734 -73.98395263309145
frame0248.jpg -0.6195325226334794 -0.7264078688496085 -74.38629201340603
frame0249.jpg -0.6243014130863388 -0.7283274255171137 -74.7297692852373
frame0250.jpg -0.6333523058457113 -0.7291838684621077 -75.3521067998056
frame0251.jpg -0.6394456327310939 -0.7307363136938734 -75.95369578289478
frame0252.jpg -0.6460590379108183 -0.7318055461551404 -76.43112436788819
frame0253.jpg -0.6527126820339639 -0.7328968153196482 -76.79752089114525
frame0254.jpg -0.6517062120972522 -0.7367100841839954 -77.20434349873626
frame0255.jpg -0.6667960668025686 -0.7347669474450289 -80.05092975542837
frame0256.jpg -0.6795551083118739 -0.7369575903315835 -78.508083162185
frame0257.jpg -0.6861196260204943 -0.7377861916821192 -79.12505258513146
frame0258.jpg -0.692498261567851 -0.7386887700568209 -81.33204133778213
frame0259.jpg -0.6998741290101196 -0.7391228401408506 -79.92456160709389
frame0260.jpg -0.7060140637152104 -0.7396884121444103 -80.17330579198494
frame0261.jpg -0.7121416282508941 -0.7406558401276679 -80.6426826042444
frame0262.jpg -0.7122526396710881 -0.740616549220158 -80.66281907896854
frame0263.jpg -0.7191696503095232 -0.7411859965851447 -81.18098339153988
frame0264.jpg -0.7252124454171366 -0.7417747337638826 -81.66093723615616
frame0265.jpg -0.7317194067177528 -0.7423826799304638 -82.03480613276659
frame0266.jpg -0.7380897362396026 -0.7430749040824045 -82.49462554769168
frame0267.jpg -0.7442262078135873 -0.7434971643158363 -83.18069581371032
frame0268.jpg -0.7496495079932095 -0.7442034203806256 -83.66555153285384
frame0269.jpg -0.7572197672310945 -0.7440970587691901 -84.3868769079304
frame0270.jpg -0.7646033538444627 -0.7440348215991344 -84.8541541116222
frame0271.jpg -0.7718204610810192 -0.7441542450608261 -85.26711860259053
frame0272.jpg -0.7769351424259907 -0.7451365542813015 -85.78377770797073
frame0273.jpg -0.7843702432351642 -0.7452308459172795 -86.10749698113086
frame0274.jpg -0.7915709133083706 -0.7453840014721711 -88.2614933168269
frame0275.jpg -0.7990970510888742 -0.7445763847781722 -87.2233899664287
frame0276.jpg -0.8031265429449472 -0.7457909719210689 -87.8228691865488
frame0277.jpg -0.810994753042067 -0.7448163209560109 -87.99599149488665
frame0278.jpg -0.8206110546433804 -0.7431052341509384 -88.23172201397688
frame0279.jpg -0.8275365874124021 -0.7427486386685267 -90.69138224992638
frame0280.jpg -0.8377394095503613 -0.7441916578622109 -90.52918903436786
frame0281.jpg -0.843225392667412 -0.744369894622366 -90.20759823944452
frame0282.jpg -0.8499889302962588 -0.7436367366333004 -90.37567440606934
frame0283.jpg -0.8566569883057578 -0.7430467140659422 -91.01916283100384
frame0284.jpg -0.8641315222419391 -0.7421147386060898 -91.42734183230287
frame0285.jpg -0.8712347431319318 -0.7413755312053142 -91.75826678279236
frame0286.jpg -0.8712921255381681 -0.7413332694028408 -91.75825016629221
frame0287.jpg -0.8772279366671248 -0.7413331517032048 -93.64949930636169
frame0288.jpg -0.8827715534678959 -0.7412032833737144 -92.8209596856667
frame0289.jpg -0.8912887414430365 -0.7393091657396443 -94.94704982942079
frame0290.jpg -0.8973560390543573 -0.7384626632344452 -93.9323927441972
frame0291.jpg -0.903859327170062 -0.737451653404332 -94.06249471130421
frame0292.jpg -0.9099181130051444 -0.7369790331390436 -94.6513120056027
frame0293.jpg -0.9139923920465792 -0.7377304844801675 -95.0135612758952
frame0294.jpg -0.9242117336206532 -0.7338129987272751 -96.8886583713034
frame0295.jpg -0.9305016862392926 -0.7329423004861649 -97.24791837722526
frame0296.jpg -0.9362773347807004 -0.7323466057066529 -96.80681335533743
frame0297.jpg -0.9435659898583164 -0.7306365116716622 -98.03432366204215
frame0298.jpg -0.950222874257692 -0.7292463045577857 -98.66076428788021
frame0299.jpg -0.9558799646798022 -0.7280010788206327 -98.21000380772301
frame0300.jpg -0.9622802322201192 -0.7264215257843859 -98.72800969124238
frame0301.jpg -0.9692256689525041 -0.7249855150045491 -99.29901082504324
frame0302.jpg -0.975286482939158 -0.7236860731091791 -99.66822276488459
frame0303.jpg -0.9816534222188971 -0.7220089153091999 -100.0245010505652
frame0304.jpg -0.9945053913372912 -0.7185138080081466 -100.94849520797227
frame0305.jpg -1.000410804720704 -0.7168789113334842 -101.72265535715694
frame0306.jpg -1.0053918183984059 -0.7175168259585201 -101.45044711744691
frame0307.jpg -1.0133442430935862 -0.7136744467757191 -102.24846800728815
frame0308.jpg -1.019972367036183 -0.7111373230801681 -102.96558581181515
frame0309.jpg -1.026026807498691 -0.7095561574635108 -103.36023030689906
frame0310.jpg -1.0260079757949023 -0.7095896048435412 -103.36211077992263
frame0311.jpg -1.030836852819378 -0.7101782652696451 -103.26848198779415
frame0312.jpg -1.0389180258503972 -0.7056409048677273 -104.96073341627813
frame0313.jpg -1.0446636896207435 -0.7040053940945034 -104.87466490531892
frame0314.jpg -1.050807444880841 -0.7019955992707869 -105.37941182729128
frame0315.jpg -1.0574653466016135 -0.6995287147884134 -106.15547815517448
frame0316.jpg -1.0634326227075106 -0.6977934070683177 -105.95600542586682
frame0317.jpg -1.0698767854329103 -0.6953523075332823 -106.8940317437652
frame0318.jpg -1.076111328099221 -0.6928589303685846 -107.39162920353122
frame0319.jpg -1.0821080862014658 -0.6908481295274801 -107.67290130755272
frame0320.jpg -1.0885807617241787 -0.6883382548949211 -108.20849461931792
frame0321.jpg -1.0946723753122811 -0.6857998402336055 -108.56537438639151
frame0322.jpg -1.100188016929984 -0.6849016112901174 -108.04612188275951
frame0323.jpg -1.1065723419355336 -0.6807649356002736 -109.63978151051049
frame0324.jpg -1.1126733552944952 -0.6786959149315827 -109.9101473949815
frame0325.jpg -1.1183390930099262 -0.6759036881000982 -110.46605943068943
frame0326.jpg -1.1243185294451643 -0.6735844807232891 -110.86343366471421
frame0327.jpg -1.1307064105286198 -0.6718677725471581 -110.81839281282856
frame0328.jpg -1.136238003082251 -0.6677471473773113 -111.87039983670573
frame0329.jpg -1.1481486847454276 -0.6620227214102538 -112.94364263907791
frame0330.jpg -1.1543852130831582 -0.6587825849487992 -112.99807009248859
frame0331.jpg -1.1597105765568876 -0.6557372634158616 -114.03809829472901
frame0332.jpg -1.1658115360600476 -0.6527178029169458 -114.60289729889256
frame0333.jpg -1.1725511678317069 -0.6498996164433785 -114.04316275519147
frame0334.jpg -1.172494990875779 -0.6498304268986999 -114.08703476974442
frame0335.jpg -1.1781356620192471 -0.6464592380565766 -114.7109309202578
frame0336.jpg -1.1846538247101053 -0.6440926580744829 -114.70922549403038
frame0337.jpg -1.1894670528386355 -0.6405393077900906 -116.16454665262657
frame0338.jpg -1.1960730874418064 -0.6379335037113008 -115.35228188121052
frame0339.jpg -1.2022796540765412 -0.6346660238210621 -116.00482348390871
frame0340.jpg -1.2066333028605292 -0.6302636238770006 -116.7732709485372
frame0341.jpg -1.211761545178552 -0.6268540964760068 -117.16702570379519
frame0342.jpg -1.2176364850428951 -0.623503538133652 -117.91412256205182
frame0343.jpg -1.2235864474444291 -0.6201322435435042 -117.99833597738709
frame0344.jpg -1.2279867980447128 -0.6168097054119346 -119.55771887053312
frame0345.jpg -1.2335593782468834 -0.613209137141415 -120.22732191637209
frame0346.jpg -1.2400514110143317 -0.609474096293169 -119.39043998336214
frame0347.jpg -1.2453151126752382 -0.6059053267138231 -120.97614414140571
frame0348.jpg -1.250771398481727 -0.6020605396109073 -121.26217372177805
frame0349.jpg -1.2571672301587409 -0.5982521376700707 -120.33100265619619
frame0350.jpg -1.2617842839866495 -0.5944791999138579 -121.0672012940402
frame0351.jpg -1.2673947376979569 -0.5905559601675641 -121.42068796272021
frame0352.jpg -1.2791968036533372 -0.5832174826868441 -122.59120079520665
frame0353.jpg -1.2825643113275242 -0.5790823007481901 -124.30502269767405
frame0354.jpg -1.2883966924132413 -0.5750765538419732 -123.28354387539831
frame0355.jpg -1.2954032074394417 -0.5712895690336381 -124.1276929803566
frame0356.jpg -1.3008693531743405 -0.5669623812151672 -124.49802059353142
frame0357.jpg -1.3054531030982242 -0.562922703144537 -125.16176660334729
frame0358.jpg -1.305505127817488 -0.5629108823341394 -125.08458019086868
frame0359.jpg -1.3080864139335602 -0.5591118831895125 -126.64056549062445
frame0360.jpg -1.3132553012635293 -0.5547150453587684 -125.54162670976564
frame0361.jpg -1.3213150612622968 -0.5504741494856936 -126.21044214651941
frame0362.jpg -1.326554643724691 -0.5461517748446221 -126.92060958280143
frame0363.jpg -1.3295087396196044 -0.5419466175904409 -126.75636442082838
frame0364.jpg -1.3336889910405714 -0.5379839115400374 -128.91387697228407
frame0365.jpg -1.3384056400338522 -0.5338028907734355 -129.63225151283692
frame0366.jpg -1.3433450316173772 -0.5294967019098136 -130.0674043391669
frame0367.jpg -1.3512494492334353 -0.5241317738813893 -129.0958499147494
frame0368.jpg -1.3557127343702162 -0.5198725116858804 -129.48340008827057
frame0369.jpg -1.3605408070750191 -0.5152491718664987 -130.46873718690347
frame0370.jpg -1.3624590969644754 -0.5113446880800075 -131.95820885751462
frame0371.jpg -1.3676612147926412 -0.5064292443958295 -130.16286654377646
frame0372.jpg -1.3717210093571104 -0.5019312994957243 -133.22189710816247
frame0373.jpg -1.3767673959878182 -0.4970118228489726 -133.4656088433043
frame0374.jpg -1.3835463238158685 -0.491518618358619 -133.15312736845863
frame0375.jpg -1.3893170319878236 -0.4864538891736036 -132.69180065616314
frame0376.jpg -1.3900847669875285 -0.4831142677527522 -134.6745464668854
frame0377.jpg -1.3997983886377547 -0.4730142803378801 -135.94603010818534
frame0378.jpg -1.4069831972031752 -0.4669371615091266 -134.74353399776393
frame0379.jpg -1.408785956795915 -0.4628701221696389 -134.03498482632628
frame0380.jpg -1.4125217184147565 -0.4581823139769319 -137.4883178372539
frame0381.jpg -1.4167027182361869 -0.453233410033718 -137.9992757139719
frame0382.jpg -1.4166896609998254 -0.4532388696309657 -137.99812529706506
frame0383.jpg -1.4239388286707078 -0.4467398149152343 -137.0829627824505
frame0384.jpg -1.4288686092878249 -0.4414633233637528 -136.18378273340736
frame0385.jpg -1.4294258839894527 -0.4379343652233832 -136.24773268243788
frame0386.jpg -1.4354655204435804 -0.4319500785715405 -137.1692269700661
frame0387.jpg -1.4402001758143554 -0.4266342145123684 -137.49708816197523
frame0388.jpg -1.4403630587346858 -0.4234528801856395 -141.2318156821944
frame0389.jpg -1.4488834182168795 -0.4156851761608376 -138.60598313450595
frame0390.jpg -1.4528971893727611 -0.4101229091901954 -138.98455643199893
frame0391.jpg -1.452990583841003 -0.4067461238268071 -142.60368120913944
frame0392.jpg -1.457165074008982 -0.4009805156133832 -142.93493335839906
frame0393.jpg -1.4606395280436828 -0.3955479557116803 -139.91883601409626
frame0394.jpg -1.4686371200621915 -0.38813901194835104 -141.5485933632954
frame0395.jpg -1.4678307009195806 -0.385279905871009 -144.63352123779882
frame0396.jpg -1.472393221311732 -0.3795715041976218 -144.7021652403351
frame0397.jpg -1.4754840313348512 -0.37482386711182414 -145.7292152322718
frame0398.jpg -1.4833990108337507 -0.366759798504915 -143.18795866678033
frame0399.jpg -1.4866892085941308 -0.3614950619851355 -144.26144242583882
frame0400.jpg -1.4870325643647069 -0.3578399640097135 -146.8182341511058
frame0401.jpg -1.4917002299953337 -0.351303965117857 -143.3318885342715
frame0402.jpg -1.501347591753666 -0.33816243315807937 -146.36813334513025
frame0403.jpg -1.5046130819402157 -0.3323050791688893 -145.93160215519924
frame0404.jpg -1.5072422809049533 -0.3269444148623962 -147.10706236288115
frame0405.jpg -1.5074737621315215 -0.32353736795219257 -150.144600623896
frame0406.jpg -1.5075370133333508 -0.32350004501516083 -150.14255128322498
frame0407.jpg -1.5090724277334355 -0.3192152550894077 -145.9262381532347
frame0408.jpg -1.512871274504355 -0.31333130454706515 -151.36995652651092
frame0409.jpg -1.5173180639571089 -0.3066930147253246 -151.36353599844318
frame0410.jpg -1.5218231440005945 -0.29984095226742435 -151.45788973548105
frame0411.jpg -1.5223263369759603 -0.2957999005025725 -148.07556862810094
frame0412.jpg -1.5254929614564503 -0.2900631380941817 -153.2188409798431
frame0413.jpg -1.5282717531710797 -0.2842479611032728 -154.1470251695688
frame0414.jpg -1.5315726936256475 -0.27767351100820226 -154.44912521301515
frame0415.jpg -1.533974088273834 -0.27178099344625595 -154.8259955165414
frame0416.jpg -1.5419781462755546 -0.2617076170705497 -151.20530507606838
frame0417.jpg -1.539401012699415 -0.25965718913835023 -155.90593614814873
frame0418.jpg -1.548187488054317 -0.2488394363078465 -152.70966541945003
frame0419.jpg -1.5441891827696623 -0.2477996579748762 -157.063620563199
frame0420.jpg -1.5475588908124571 -0.24088522357704234 -157.55707987037934
frame0421.jpg -1.5499002139936369 -0.23489372010370946 -158.00603267260004
frame0422.jpg -1.5529014750868049 -0.22817747074251046 -153.17037490561097
frame0423.jpg -1.555658667551164 -0.2219979046060528 -153.51826953354987
frame0424.jpg -1.5567226898496282 -0.2170578924718191 -153.77115232051491
frame0425.jpg -1.5622556928589588 -0.204039472563385 -160.53903973120612
frame0426.jpg -1.5642680791303119 -0.1981787560024285 -161.1737372858064
frame0427.jpg -1.5734198102165604 -0.18593833123421705 -159.6817293085939
frame0428.jpg -1.5765146921355044 -0.17907142394224307 -158.89046744923738
frame0429.jpg -1.5712030872710188 -0.1794377893014053 -162.89257113015154
frame0430.jpg -1.572229440998108 -0.1783988855816247 -156.9111801605197
frame0431.jpg -1.5747377692289684 -0.1716933140399707 -157.48831541130977
frame0432.jpg -1.5816611888508358 -0.16125967497411936 -158.42348519894634
frame0433.jpg -1.5793671084993084 -0.1587799002189731 -157.87093610256295
frame0434.jpg -1.5801281863052168 -0.15360419398380815 -164.56723304873762
frame0435.jpg -1.5827455807155808 -0.1470747859250034 -159.2152570923094
frame0436.jpg -1.5842312298820287 -0.14075907743840935 -158.97638171420212
frame0437.jpg -1.5856745760419972 -0.13479264693687165 -166.3813010392626
frame0438.jpg -1.587633505003859 -0.1286783793537577 -167.09869581746491
frame0439.jpg -1.5889680210213617 -0.1228069982547241 -167.38023933965027
frame0440.jpg -1.5897749313724494 -0.11720230442731196 -168.32822548339274
frame0441.jpg -1.5934799920609408 -0.1084604925063764 -161.53764993968997
frame0442.jpg -1.5946270255795958 -0.10242192172437553 -162.01481117632838
frame0443.jpg -1.594070578683005 -0.09759127240626722 -162.44199446640854
frame0444.jpg -1.5969125949531224 -0.08973665855434178 -170.36853709252628
frame0445.jpg -1.5983225947031434 -0.08308308564695692 -170.97186663595053
frame0446.jpg -1.6014706868615525 -0.07451217306691799 -170.95559904624812
frame0447.jpg -1.6017601017789689 -0.06900538729274486 -164.31166737951892
frame0448.jpg -1.6025217515406531 -0.06361341381254942 -165.08627462119316
frame0449.jpg -1.603142766986894 -0.058635471301616185 -165.81845500418996
frame0450.jpg -1.6083265302819294 -0.047167839506866316 -167.0250387577837
frame0451.jpg -1.606758746554943 -0.046734845864641765 -172.39958905764126
frame0452.jpg -1.60378345038055 -0.04826105965265425 -166.79749364684562
frame0453.jpg -1.6114774365716582 -0.03940869868154313 -169.58703929894287
frame0454.jpg -1.6114763720663519 -0.039409731001897534 -169.58781265337646
frame0455.jpg -1.6056128497973858 -0.045383727426583656 -167.86750734729466
frame0456.jpg -1.605089657930181 -0.04595229369218151 -167.78392460015687
frame0457.jpg -1.6063186090921355 -0.04472491230034098 -173.04401657146477
frame0458.jpg -1.60512560275828 -0.04599692201585913 -173.2903457538464
frame0459.jpg -1.6124495131561856 -0.03791188435825237 -169.59039874144247
frame0460.jpg -1.6063657444084949 -0.04466659395895699 -172.6399922228421
frame0461.jpg -1.604459929949032 -0.04676107436535766 -173.19669923360885
frame0462.jpg -1.6109364351987456 -0.03965982579310266 -169.59344386515244
frame0463.jpg -1.6106479082511984 -0.03998283858737493 -169.31839574897145
frame0464.jpg -1.61080587277249 -0.03977818736176426 -168.34802157623938
frame0465.jpg -1.61120026940856 -0.03929391752698128 -169.79114503639914
frame0466.jpg -1.6060641313572053 -0.04488962447249778 -167.55948724143613
frame0467.jpg -1.6060836686579294 -0.04491231111002622 -167.5008537038409
frame0468.jpg -1.609088946079587 -0.04172898687388503 -171.79871667414486
frame0469.jpg -1.6115051252499266 -0.03893307296140722 -170.42146441679068
frame0470.jpg -1.6116346616471118 -0.03884288214038136 -170.31971868102482
frame0471.jpg -1.6121355094230447 -0.038304703497447364 -169.47337415274902
frame0472.jpg -1.6121272056441152 -0.03826065640558445 -169.5634208359403
frame0473.jpg -1.6104441162445509 -0.04012539548859978 -168.1826581952544
frame0474.jpg -1.6104345691186006 -0.04013551093813465 -168.18245002105968
frame0475.jpg -1.6047878504206006 -0.04641969001433946 -173.16289444878205
frame0476.jpg -1.604613454498356 -0.046617455960076576 -173.21354242188224
frame0477.jpg -1.6044194556495848 -0.04675013603784652 -173.17574620759393
frame0478.jpg -1.6044194556495848 -0.04675013603784652 -173.17574620759393
frame0479.jpg -1.6042803262116636 -0.0469410941127428 -173.2077893799115
frame0480.jpg -1.6043273015801145 -0.04700047409939659 -173.27309831538156
frame0481.jpg -1.6067192025065595 -0.04417985423411425 -167.8010369459342
frame0482.jpg -1.6060564512155742 -0.04490039510284373 -167.68450342299084
frame0483.jpg -1.6066920446341535 -0.0442562349939217 -167.79049117451314
frame0484.jpg -1.605969441870812 -0.04499785797144519 -167.66828356038602
frame0485.jpg -1.60590766999006 -0.04501275967426588 -167.77760075166913
frame0486.jpg -1.605051024917571 -0.04612114916513145 -173.07211258274688
frame0487.jpg -1.6096691286952642 -0.04098283532961768 -168.16949867795202
frame0488.jpg -1.6052696119910288 -0.04581422764628544 -173.03507064685883
frame0489.jpg -1.605086555422695 -0.04607358412909575 -173.03007482726775
frame0490.jpg -1.6052437850719692 -0.04587984063330357 -173.00224856811118
frame0491.jpg -1.607134107890401 -0.04380809662727092 -172.37387921427322
frame0492.jpg -1.6064324538964954 -0.044586080139678484 -172.72327119872688
frame0493.jpg -1.6113891460306218 -0.03924039126070333 -170.1603113479487
frame0494.jpg -1.611193491724935 -0.039441127035327456 -170.4991863782078
frame0495.jpg -1.6111500538886763 -0.039448273689065165 -169.37038010641578
frame0496.jpg -1.6057137048274617 -0.045348342608472605 -173.00274285298238
frame0497.jpg -1.6054026783142208 -0.0456008068669444 -167.40575868483484
frame0498.jpg -1.6110561456844477 -0.03944053091814165 -168.41672568122272
frame0499.jpg -1.6116771309338231 -0.0387372810910758 -168.7216645377001
frame0500.jpg -1.6114279648918894 -0.039176683427526005 -170.46133252074708
frame0501.jpg -1.6056616644468409 -0.04544486779799525 -172.98688199021942
frame0502.jpg -1.6055453533165451 -0.04560843970204098 -173.02721468745017
frame0503.jpg -1.60572872405166 -0.045263120784791167 -167.33349034984718
frame0504.jpg -1.609001110010713 -0.041777930379464506 -171.8917475082951
frame0505.jpg -1.6055308693479469 -0.045593548760218185 -173.0810348035022
frame0506.jpg -1.6051717125745082 -0.04599015701797636 -173.102868261291
frame0507.jpg -1.6105865127314594 -0.04010392881683388 -169.29844720999208
frame0508.jpg -1.6047521884791562 -0.046506589594974314 -173.24073411867084
frame0509.jpg -1.6043512239391446 -0.046964557415234406 -173.34609615892342
frame0510.jpg -1.6046996307487864 -0.04642185905014098 -173.11249815393825
frame0511.jpg -1.6058429908389207 -0.045188298037564766 -172.7715029349333
frame0512.jpg -1.6118306170123071 -0.03865905604521763 -169.43254310486768
frame0513.jpg -1.6122028621579705 -0.03834822206408349 -170.24143812701163
frame0514.jpg -1.6120548134597656 -0.038505686250425185 -170.42012975128648
frame0515.jpg -1.6125987267344768 -0.03795696244658898 -170.13000628976312
frame0516.jpg -1.6112767653585929 -0.03935248131782641 -170.97864277398926
