frame0000.jpg 0.0 0.0 -0.0
frame0001.jpg 0.0002292871167759085 0.0005107886657717732 0.10486912022871712
frame0002.jpg 0.0002244978832458664 0.0004858180856838847 0.09190237012143697
frame0003.jpg 0.0002244978832458664 0.0004858180856838847 0.09190237012143697
frame0004.jpg 0.0002244978832458664 0.0004858180856838847 0.09190237012143697
frame0005.jpg 0.0002244978832458664 0.0004858180856838847 0.09190237012143697
frame0006.jpg 8.809450024032493e-05 0.00023325840408697007 0.06588113429117988
frame0007.jpg 0.0001174305197951048 0.00031558705158848634 0.05680952756911305
frame0008.jpg 0.0001174305197951048 0.00031558705158848634 0.05680952756911305
frame0009.jpg 3.0043917191855285e-05 -9.50197703930146e-07 0.06426965745790958
frame0010.jpg 2.1751231525173147e-05 -3.8686266958476235e-05 0.07517803072936104
frame0011.jpg 8.091235630653907e-05 7.927535958315331e-05 0.0388184145747235
frame0012.jpg 4.79728730793668e-05 1.1333611564945622e-05 0.008176244783084223
frame0013.jpg -5.5093083405824615e-06 -9.133287751366484e-05 0.05184073765036865
frame0014.jpg 3.1030864782161516e-05 1.4853865600236496e-05 0.046654042287635165
frame0015.jpg -1.9544297067725035e-05 -0.00016457892227880142 0.04773578578465657
frame0016.jpg -0.0001553036133251664 -0.0004250644913666255 -0.04936883340506025
frame0017.jpg 0.00025255459524120224 0.0006245627803666621 0.017112261730825886
frame0018.jpg 0.00013886774532268414 0.0003283645874885417 -0.016486953927274662
frame0019.jpg 0.0002844781533006388 0.0007007511119293198 -0.02066205068554393
frame0020.jpg 0.0002458510712009785 0.0006092450011721066 -0.0002034355010004213
frame0021.jpg 0.0002458510712009785 0.0006092450011721066 -0.0002034355010004213
frame0022.jpg 0.0004060986340249441 0.0010313915424525698 -0.017814892485583142
frame0023.jpg 0.00015562319390278448 0.00036133940194533023 -0.00031404285583177963
frame0024.jpg 0.00010268408640879892 0.0001948645965930403 -0.015144944526711644
frame0025.jpg 0.0001288991487542518 0.00030129587299877807 -0.003803076243136681
frame0026.jpg 0.0004374932421956811 0.0011212866475846825 -0.013901898474464028
frame0027.jpg 0.00026555248799949 0.0006249887880923033 0.02114654921655489
frame0028.jpg 0.0002994337076751003 0.0007122160233855156 0.016309574688150256
frame0029.jpg 0.00042797523177286477 0.0010792616175345248 0.012042748166643396
frame0030.jpg -0.00015019659464407122 -0.000506168618605735 0.0026276517226057274
frame0031.jpg -0.00018199132932869731 -0.0005533768855987363 0.037275270672771685
frame0032.jpg 0.00012359979954132654 0.0002858050275640662 -0.0526182955793968
frame0033.jpg 0.0001841090326887327 0.0004811732778609113 0.03357927701112483
frame0034.jpg 0.00046626764762168406 0.0011407755035353002 -0.09778157688829386
frame0035.jpg 0.00032660208575243597 0.0008267469260930387 -0.0010048849080710712
frame0036.jpg 0.0002737092705855518 0.0006130235616287978 -0.014167156962015131
frame0037.jpg -9.419096333271056e-05 -0.0004074655054219713 -0.0009487787485677107
frame0038.jpg -8.278639885096139e-05 -0.00037246238945349896 0.0014573746007792575
frame0039.jpg 0.00016745833845996518 0.00029050779561417525 -0.049088583455712494
frame0040.jpg 0.000306753230921138 0.0006950060675053722 0.042584007843386514
frame0041.jpg 0.0005353028960890483 0.001385435944036383 -0.005955688005945127
frame0042.jpg 7.914407417349345e-05 6.117513512532056e-05 -0.024258642321710603
frame0043.jpg -7.9869852856526e-06 -0.00017565888264211579 -0.008020697313619478
frame0044.jpg 0.00044917386689768274 0.0011660297308350436 0.00023089812354859526
frame0045.jpg 0.0004926580857933309 0.0012567211143395243 -0.0564544145978421
frame0046.jpg 0.00046565593734217966 0.0011748576989310195 0.0450981248961107
frame0047.jpg 0.00040820950231959 0.00103827581733934 0.019526526874920427
frame0048.jpg 0.0003836799987029759 0.0009672025292875741 0.0266987010173758
frame0049.jpg 0.00019240449404960648 0.0004924526239640739 0.02246555986433874
frame0050.jpg 0.0001444737639552002 0.0003757341250208255 0.007466856554372085
frame0051.jpg -0.00017569236326003433 -0.0006149972195393733 0.051362529878158834
frame0052.jpg -0.00021293587562293384 -0.000699041294307609 0.09795034313633487
frame0053.jpg -0.00026677936901809714 -0.0008214077866668298 0.09906078124625388
frame0054.jpg -7.77809011319284e-05 -0.00023853016016795172 0.0990749660635582
frame0055.jpg 5.510641499732071e-06 -0.00010029549642295556 0.07240989998001139
frame0056.jpg -0.00015119321309333265 -0.00048809164045111474 0.10593517721732733
frame0057.jpg -0.0003176083250278 -0.0009443245536724656 0.11890101861535207
frame0058.jpg -0.0003592248568349978 -0.0010534173718295937 0.13171259451777245
frame0059.jpg -0.0002987010092409439 -0.000907139968423082 0.08899385900869408
frame0060.jpg 0.0001287366341944782 0.00025118399320104364 -0.054195514431534
frame0061.jpg 0.00026265271568087604 0.0006051689623814622 -0.02122403922570857
frame0062.jpg 0.0003578025042025447 0.0008654232363859116 -0.0482072882438047
frame0063.jpg 0.0003145315620371416 0.000781684175719839 -0.07454056086459336
frame0064.jpg 0.0002262375062609813 0.0005309466596938033 -0.020496819616041804
frame0065.jpg 0.0004763344492842788 0.0011892858572308356 -0.029537930562540688
frame0066.jpg 0.0004357946940136424 0.00113667421810335 -0.039912009990051706
frame0067.jpg 0.00018688807299904818 0.0003785623201119029 0.02454862316568942
frame0068.jpg -0.0004003594864368863 -0.003105126967495921 0.07663662151125006
frame0069.jpg 4.036812683910112e-05 -0.004520626049527695 -0.1424779492686957
frame0070.jpg 0.00016044425062173908 -0.006766663225978086 -0.1355290252389959
frame0071.jpg 0.00016322020301995626 -0.009411962462413893 -0.2988917508450937
frame0072.jpg 3.07525373303575e-05 -0.012813343404609963 -0.3859739561251748
frame0073.jpg 8.463493491615067e-05 -0.015675114019572143 -0.6398885215034149
frame0074.jpg -0.00017848336462002352 -0.019757259561189226 -0.6977585415970616
frame0075.jpg -6.789622505724152e-06 -0.022770411235539276 -0.7512479364508916
frame0076.jpg -0.0003712735429500964 -0.02707697621567148 -0.9685600849315948
frame0077.jpg -0.00017093361531705237 -0.030605708842181424 -1.2866523216634025
frame0078.jpg -0.0001580189938575026 -0.03471826815424545 -1.4585687101006608
frame0079.jpg -0.00011796314387788748 -0.03850296910969215 -1.5460188591489723
frame0080.jpg -0.0005053741760967165 -0.04326347205499498 -1.9102728891362644
frame0081.jpg 0.0002832424792025764 -0.045382030848733775 -1.9424746574883784
frame0082.jpg -9.371420068408217e-06 -0.05041308772047773 -1.9439245909205225
frame0083.jpg 8.968001324668323e-05 -0.054660255603626764 -2.082580144661139
frame0084.jpg 0.00016372756284139048 -0.057959635114134524 -2.254032470650265
frame0085.jpg -0.00013913968850611316 -0.0619121762777379 -2.4483305197187284
frame0086.jpg -0.00015776469869398582 -0.06199212176072344 -2.455652094770004
frame0087.jpg 0.0005280713993328981 -0.0632954970745245 -2.92245174224464
frame0088.jpg -0.0005048636146476397 -0.06978875034377352 -2.9519144006220626
frame0089.jpg -0.000632638504571334 -0.07428848960838004 -3.1115682967299265
frame0090.jpg -0.0009902165057354972 -0.07864669077277259 -3.4683916382925553
frame0091.jpg -0.001210966334593562 -0.08257864697930775 -3.8638837608511447
frame0092.jpg -0.0020452988872210823 -0.09201931523904047 -3.894831301566257
frame0093.jpg -0.0018312382631867907 -0.09523007456183408 -4.175808924786994
frame0094.jpg -0.0022022938638710447 -0.09995115673025604 -4.400714886619316
frame0095.jpg -0.002725049661130484 -0.10510422439910327 -4.642721458574067
frame0096.jpg -0.002679939145935055 -0.1087050053364596 -4.803539328793815
frame0097.jpg -0.003234660627512431 -0.1134864779916672 -4.830192302770182
frame0098.jpg -0.002948625776443302 -0.11599380687600927 -5.002864946422055
frame0099.jpg -0.0033855829439392512 -0.12045772457976105 -5.459413606566648
frame0100.jpg -0.0049376611416909535 -0.12782012317418687 -5.493608799833506
frame0101.jpg -0.003907874541694063 -0.12924702445681174 -5.9513877125596135
frame0102.jpg -0.004432627417712616 -0.13405116029984512 -5.9154117658088
frame0103.jpg -0.005257717688482898 -0.13970706616522707 -6.021733044037035
frame0104.jpg -0.005724161038799885 -0.14418846220343107 -6.079987522220925
frame0105.jpg -0.005626585872994971 -0.14739699691092276 -6.285490510878091
frame0106.jpg -0.0055489791833138605 -0.15102807164605153 -6.540872789196161
frame0107.jpg -0.006043576508072746 -0.1561454845425284 -6.53485669693527
frame0108.jpg -0.006051908366650261 -0.15977904876045002 -6.612302314643358
frame0109.jpg -0.006633556991523472 -0.16447997938113135 -6.701219072835468
frame0110.jpg -0.006573054634867362 -0.1643440784404612 -6.827558397012199
frame0111.jpg -0.007246501501422739 -0.16926177760184102 -6.806845508398436
frame0112.jpg -0.00791486370220884 -0.17423480856926202 -6.998391094424252
frame0113.jpg -0.008545120994589428 -0.17889700931069066 -7.0679975930670516
frame0114.jpg -0.008156048397311197 -0.1814393163420128 -7.066839979560628
frame0115.jpg -0.008913458780637304 -0.18628371626973267 -7.591606048219117
frame0116.jpg -0.009946033404463164 -0.1952438320354252 -7.887437326084293
frame0117.jpg -0.010399499216783278 -0.19957784469167852 -8.133125543630756
frame0118.jpg -0.011030098060517884 -0.2041357200572546 -8.444658436340786
frame0119.jpg -0.011509684638971064 -0.2083022049151436 -8.445425120185819
frame0120.jpg -0.011830362468650518 -0.2122385753330387 -8.5241866003103
frame0121.jpg -0.012185509287919285 -0.21609366019073967 -8.524802315752781
frame0122.jpg -0.013336401158391407 -0.221687396563716 -8.528868772926623
frame0123.jpg -0.01391693615487101 -0.2260212180238497 -8.702291032251276
frame0124.jpg -0.014578109117973428 -0.23029356988677555 -9.104825351944674
frame0125.jpg -0.015047747223712368 -0.23465036433146716 -9.195852220837995
frame0126.jpg -0.015090424156514529 -0.2381101505300697 -9.369977039343373
frame0127.jpg -0.01615268397621683 -0.2428570782877277 -9.564985255098458
frame0128.jpg -0.017038974019617778 -0.2473310147112285 -9.755679725304013
frame0129.jpg -0.017367071767898284 -0.2505424937942573 -9.742501473978466
frame0130.jpg -0.018074194389228682 -0.25484507153445 -9.956720170010724
frame0131.jpg -0.018618933555579947 -0.25903192618292803 -10.2063032405632
frame0132.jpg -0.01891322987582869 -0.26265617147782616 -10.135075021237883
frame0133.jpg -0.020163174680679463 -0.26787486079495715 -10.571640126178432
frame0134.jpg -0.0200972377764856 -0.2677458915052517 -10.578114593912128
frame0135.jpg -0.020992454198359448 -0.2721133847198872 -10.869373602981028
frame0136.jpg -0.022662810516467586 -0.2779655502705254 -11.081725890382797
frame0137.jpg -0.02324852521694612 -0.28150066297160403 -11.107534276970988
frame0138.jpg -0.02439701565394485 -0.28655834838799665 -5.014096173678596
frame0139.jpg -0.025130840633012092 -0.2903015229537073 -11.403693754047866
frame0140.jpg -0.027342390104709142 -0.29979229868281 -11.691876945466822
frame0141.jpg -0.02567001774425361 -0.2987542406816389 -11.479853823982332
frame0142.jpg -0.028667169341386606 -0.3071938985765489 -11.645095544162025
frame0143.jpg -0.029815454557305218 -0.3118212611066056 -12.103552923186744
frame0144.jpg -0.02998994952387526 -0.3147594160960775 -12.330209829889345
frame0145.jpg -0.030825659246181025 -0.3191074214284471 -12.638493707599778
frame0146.jpg -0.03232614290214303 -0.32394260948215514 -12.549926817659385
frame0147.jpg -0.034823503245821674 -0.33061761209038665 -13.126101131701148
frame0148.jpg -0.034256995751600045 -0.3315745749200334 -7.775660498930369
frame0149.jpg -0.03613291687177755 -0.3376173444247704 -13.116420932699738
frame0150.jpg -0.0361524794000149 -0.34056712803319744 -8.270939934372278
frame0151.jpg -0.035849998734098526 -0.34203785969124706 -13.655285008541211
frame0152.jpg -0.031560724708306065 -0.3361646579634991 -12.774464871166508
frame0153.jpg -0.03931363247924522 -0.35358119637891017 -13.886225239347384
frame0154.jpg -0.03968277104910858 -0.35730070183127793 -9.724743833201318
frame0155.jpg -0.03956820303300526 -0.35956023283132044 -13.890863673451033
frame0156.jpg -0.04029777080374428 -0.3634820384205307 -13.975760675467242
frame0157.jpg -0.041804206620350386 -0.3689702007804524 -14.694040901198258
frame0158.jpg -0.041718544232961896 -0.3688155601923361 -14.686049081094758
frame0159.jpg -0.03740701659415319 -0.3629479282513448 -13.670761204516635
frame0160.jpg -0.0438671539997387 -0.3773525911856319 -14.846479475448437
frame0161.jpg -0.04494827477976834 -0.3814886412994462 -10.437137094215018
frame0162.jpg -0.04607286560540544 -0.3857820740763891 -10.631450642005072
frame0163.jpg -0.04624137554504401 -0.3886511851978775 -11.280080336323426
frame0164.jpg -0.04940516140679235 -0.39897048391396667 -15.01161893469008
frame0165.jpg -0.0510693177120308 -0.4040037673615175 -15.41908904632149
frame0166.jpg -0.051920514280958896 -0.40754049268975545 -15.496382080758707
frame0167.jpg -0.052956991083152986 -0.4119314761484601 -11.713608124586857
frame0168.jpg -0.05337741558586631 -0.41491535665512397 -12.80178900394744
frame0169.jpg -0.055471065691939915 -0.420839300269904 -16.35289743294828
frame0170.jpg -0.05755918546784836 -0.4265566230531888 -16.251813673692038
frame0171.jpg -0.058876569372694726 -0.4308385103651844 -16.887659771844184
frame0172.jpg -0.0597415895827397 -0.4344720656758791 -16.538815661829574
frame0173.jpg -0.05959386101624151 -0.4362863813393681 -16.30353900134212
frame0174.jpg -0.06100897976376848 -0.44093854589464704 -16.49705030167432
frame0175.jpg -0.059418474499911826 -0.44000632061956896 -16.911374565213375
frame0176.jpg -0.0639340132677288 -0.449972804378446 -14.210089139770016
frame0177.jpg -0.06469902442230853 -0.4531894804320029 -14.955071277589564
frame0178.jpg -0.06669513598695165 -0.4584761781445448 -17.810793329386453
frame0179.jpg -0.06805465088966747 -0.4627023824228734 -17.500679985797188
frame0180.jpg -0.06912602489790162 -0.466725426539921 -17.513928526391712
frame0181.jpg -0.06934761826398023 -0.46927663873201797 -18.077012210937887
frame0182.jpg -0.06936149478603004 -0.4692995221899522 -18.09651481737233
frame0183.jpg -0.06969087294719856 -0.4714985747670414 -18.74286774709277
frame0184.jpg -0.06941284272254239 -0.4727668248508568 -16.748352505497234
frame0185.jpg -0.07383619857602758 -0.4820942318097233 -15.660243683903134
frame0186.jpg -0.07242300557230666 -0.4812429607747505 -18.52337100886595
frame0187.jpg -0.0753524276718344 -0.4883210607822047 -16.956024541099538
frame0188.jpg -0.07991195125682474 -0.4993943394637298 -19.12083917611669
frame0189.jpg -0.08038277936848395 -0.5015181753183245 -19.37118474820601
frame0190.jpg -0.0829399969267621 -0.5076650662095037 -19.844082103925157
frame0191.jpg -0.08293782517579529 -0.5096300633349479 -19.372586982711564
frame0192.jpg -0.0837658690586651 -0.5128652379058738 -18.894440001434397
frame0193.jpg -0.08474100822782638 -0.5159140875404039 -20.922283482272665
frame0194.jpg -0.08636640087652761 -0.5203444439207294 -20.797025371018826
frame0195.jpg -0.08855322040226657 -0.5258511215998066 -20.92345632170878
frame0196.jpg -0.09073763629957317 -0.5313166521272016 -20.54413380379459
frame0197.jpg -0.08885608247014345 -0.5297742482872203 -20.24351710386165
frame0198.jpg -0.09009920258023196 -0.5333657842922916 -20.46633699293947
frame0199.jpg -0.09501664892635736 -0.5433771707269728 -21.42834751459293
frame0200.jpg -0.09505742638521336 -0.5454886054618115 -20.37581449219368
frame0201.jpg -0.09772031387061643 -0.5513568990045858 -21.182923647811037
frame0202.jpg -0.09798812560386122 -0.5532782244470138 -20.420441504435708
frame0203.jpg -0.09993547458666918 -0.5577955013206198 -22.477372314553765
frame0204.jpg -0.10127320973004217 -0.5618339029449432 -22.792516208249214
frame0205.jpg -0.10295935141763153 -0.5665714479238887 -21.984922894437148
frame0206.jpg -0.10338851493327976 -0.5672845788019332 -22.02752867285952
frame0207.jpg -0.10392400332440148 -0.5698271510657491 -21.298872305322227
frame0208.jpg -0.10670874806297673 -0.5756400309327588 -22.462475914918734
frame0209.jpg -0.1082209475435332 -0.5794980422288573 -22.371210936166843
frame0210.jpg -0.10888761764208592 -0.582199059427592 -21.239798749179975
frame0211.jpg -0.108230003018198 -0.5827329057964027 -22.320279729943962
frame0212.jpg -0.11143779340064468 -0.5890589389994121 -22.703019860072843
frame0213.jpg -0.11312378107933205 -0.5943664247985979 -23.17108045796957
frame0214.jpg -0.1169044695706801 -0.6017591865334935 -23.553599326156892
frame0215.jpg -0.11890691560300833 -0.6064437039377765 -23.60959940464612
frame0216.jpg -0.11999160208282605 -0.6095230618046392 -23.55303131457855
frame0217.jpg -0.12225981884618732 -0.6145667240792116 -21.93376651515123
frame0218.jpg -0.12299093746699705 -0.6173139530162484 -23.721886423942014
frame0219.jpg -0.1255217722759911 -0.6227293590170961 -23.060954046424595
frame0220.jpg -0.1271838359328729 -0.6264797381924548 -24.185141786424786
frame0221.jpg -0.12801957976077868 -0.6289847507858066 -24.049873288578
frame0222.jpg -0.13073795925372525 -0.6341805983263217 -25.08227224646505
frame0223.jpg -0.13226337821324755 -0.6379888560643684 -23.032111134196683
frame0224.jpg -0.13272046292572687 -0.6396645690872682 -25.271128564870416
frame0225.jpg -0.13473895313647127 -0.6438645298186438 -24.22737102347593
frame0226.jpg -0.13803971677225582 -0.6497093484867507 -25.600202726761392
frame0227.jpg -0.13978112554229347 -0.6536249600131584 -23.92043590825573
frame0228.jpg -0.1405412677365813 -0.6559715518040568 -25.60700218937871
frame0229.jpg -0.14306768649617446 -0.6609144649013781 -24.714715306792822
frame0230.jpg -0.1427647481357842 -0.6603541945803352 -26.001564314547487
frame0231.jpg -0.14426295975355194 -0.6636748894501849 -25.93043663748571
frame0232.jpg -0.1461866725925947 -0.6676195670941332 -26.559437052407922
frame0233.jpg -0.1484993961614337 -0.6723568907612861 -26.300651430757227
frame0234.jpg -0.15103256827973874 -0.6773803257999742 -26.68402194914053
frame0235.jpg -0.15217725965868226 -0.6803249675080549 -26.53719559295341
frame0236.jpg -0.15496128921914426 -0.6853622709920386 -25.54417570083745
frame0237.jpg -0.15692695411717686 -0.6902791779749314 -27.235905187159005
frame0238.jpg -0.15810077568124628 -0.6932119311415934 -27.98216386759193
frame0239.jpg -0.15956230425114004 -0.6957737535590444 -27.32146539301163
frame0240.jpg -0.16424285937781805 -0.7035045894851849 -27.2281405687984
frame0241.jpg -0.16401770412615785 -0.7038725013947709 -27.645933452480808
frame0242.jpg -0.1673279809036361 -0.709424966511925 -28.420202054472114
frame0243.jpg -0.1680665312927329 -0.7115947988409472 -27.863510767102646
frame0244.jpg -0.17080120737172594 -0.7163376060655585 -28.552620185771453
frame0245.jpg -0.17323774092764924 -0.7206657684955117 -28.581995775100136
frame0246.jpg -0.17567800598246633 -0.7252444576021339 -28.67114012993464
frame0247.jpg -0.17675353122904064 -0.7277621266150247 -29.400869821931767
frame0248.jpg -0.17908407752544336 -0.7320295485696696 -29.161326960117012
frame0249.jpg -0.18006247796515432 -0.7344622353985064 -29.728328333865157
frame0250.jpg -0.1840427108016415 -0.7410730329359039 -28.482228690382765
frame0251.jpg -0.1845848387842972 -0.7430925135244271 -29.554696677055755
frame0252.jpg -0.18760274098348434 -0.7488255485714509 -29.795817376950893
frame0253.jpg -0.1883725954704953 -0.7514236852301437 -29.317480126786393
frame0254.jpg -0.1883230480054982 -0.7513636315187534 -29.32928328610748
frame0255.jpg -0.18987790410971145 -0.7545168601868228 -30.25070628411268
frame0256.jpg -0.1928212009543783 -0.7596480725681597 -29.59327607161283
frame0257.jpg -0.1938855215105688 -0.7621228908955148 -30.387605600722672
frame0258.jpg -0.19601605058028415 -0.7660973745286483 -30.48713744478936
frame0259.jpg -0.19897614030032387 -0.7711367724018767 -30.661489501447054
frame0260.jpg -0.20046827482515192 -0.7737120111972934 -31.004184997137536
frame0261.jpg -0.20408991832263132 -0.7798853073021506 -30.809600156078385
frame0262.jpg -0.2072158409351811 -0.7849841297119576 -31.412005629081047
frame0263.jpg -0.2094188534230496 -0.7887890193378376 -30.79238140598258
frame0264.jpg -0.21156668086211974 -0.7921597823749132 -31.79202626688185
frame0265.jpg -0.21332926556652365 -0.7953151002700196 -31.92503823591652
frame0266.jpg -0.21652969397594435 -0.8005587019870385 -31.77627920792357
frame0267.jpg -0.2193109018213108 -0.8050479321962707 -32.1273431500294
frame0268.jpg -0.2215178251914352 -0.8088540714196906 -31.835610380912538
frame0269.jpg -0.2232592308206109 -0.8119145947805715 -32.138718374623394
frame0270.jpg -0.22451133190932251 -0.8146773058436843 -32.41145871408453
frame0271.jpg -0.22788601785295906 -0.8197261859236212 -32.597825219150124
frame0272.jpg -0.2302750349532554 -0.8235167700249817 -32.6640167543663
frame0273.jpg -0.2326692969295819 -0.8272425874151813 -32.82022722164741
frame0274.jpg -0.2350013032738197 -0.8309936779599972 -33.072326193965246
frame0275.jpg -0.23751913253441925 -0.8350358139283193 -33.551097869309444
frame0276.jpg -0.2399969785537995 -0.8387831303130825 -33.53189042520341
frame0277.jpg -0.2424196214365269 -0.8422185949290301 -33.66058332695729
frame0278.jpg -0.2424101585438302 -0.8422105212475473 -33.66110006677141
frame0279.jpg -0.2451399627189925 -0.8457871043538164 -33.87202953351086
frame0280.jpg -0.2472142713960732 -0.8486655413336432 -34.119653828289145
frame0281.jpg -0.2496832572044753 -0.8522374358528287 -34.18701171784699
frame0282.jpg -0.2523114931409066 -0.8562651961260103 -34.23565035985951
frame0283.jpg -0.25471521977232703 -0.8597839118396777 -34.451099309947736
frame0284.jpg -0.2577604160234225 -0.8644085978180236 -34.719237436387864
frame0285.jpg -0.2620170524616856 -0.8699895554197706 -34.90587590368603
frame0286.jpg -0.2631687401370719 -0.8717784767630994 -34.71548823279447
frame0287.jpg -0.2660917517055237 -0.8759473634844963 -35.13341433691164
frame0288.jpg -0.2694788913160151 -0.8804300581296118 -34.80840796429783
frame0289.jpg -0.2717042699363604 -0.8835608980374171 -35.797594065063585
frame0290.jpg -0.2739597402180588 -0.8867017914976741 -35.798255417224205
frame0291.jpg -0.27635911799158625 -0.8900136926401441 -36.38887600598464
frame0292.jpg -0.2787583030214185 -0.8934213618970291 -36.56232684000236
frame0293.jpg -0.2811589451630308 -0.8967920125718509 -36.80814868401173
frame0294.jpg -0.2838046994889951 -0.9005722208853347 -36.79912777970512
frame0295.jpg -0.2862923152643099 -0.9040411710211884 -36.76618988879921
frame0296.jpg -0.28867777963535995 -0.9071864709768176 -37.16716468420567
frame0297.jpg -0.29110797556712364 -0.9105146484504656 -37.18373597913942
frame0298.jpg -0.2935102382860136 -0.9137423736436268 -37.36301133888356
frame0299.jpg -0.29604189193612684 -0.9173949640564149 -37.36883194273686
frame0300.jpg -0.2985210121522828 -0.920980943143994 -37.594330294461635
frame0301.jpg -0.30085837512573266 -0.9242953765333736 -38.18897691315612
frame0302.jpg -0.3008541766182575 -0.9242909962629624 -38.17358958409292
frame0303.jpg -0.3032900365783918 -0.9277771104108534 -37.911211940526215
frame0304.jpg -0.30581143698457114 -0.9311734009730348 -38.044926228367295
frame0305.jpg -0.3082826077537223 -0.9347358038814608 -38.00165267883581
frame0306.jpg -0.31071014502903904 -0.9381878382920608 -38.316102330553946
frame0307.jpg -0.31311913452755635 -0.9416577570087998 -38.48976144100431
frame0308.jpg -0.3158085855625097 -0.945020789539356 -38.597157207663976
frame0309.jpg -0.3211039231211256 -0.9515751360170828 -38.87967115965282
frame0310.jpg -0.3234477217660491 -0.9548012313140416 -38.84217579996991
frame0311.jpg -0.3262677340773936 -0.9584962712800418 -39.0807051641024
frame0312.jpg -0.32873905118666746 -0.9618785679482408 -39.04959946763928
frame0313.jpg -0.3309770646986582 -0.9649737917244524 -39.29909834862619
frame0314.jpg -0.3334994477303645 -0.9683809948149484 -39.40843676669847
frame0315.jpg -0.336212247383714 -0.9715662532142384 -39.606682376184594
frame0316.jpg -0.3388288165352228 -0.9748322955502752 -39.70558796165211
frame0317.jpg -0.3419224950252531 -0.9786917277825 -40.04610603865069
frame0318.jpg -0.34423635236258865 -0.9818789452715904 -40.01107286968351
frame0319.jpg -0.3472374135788704 -0.9855814039278056 -40.216681027431065
frame0320.jpg -0.3500315642998224 -0.9890148489033204 -40.43178251242679
frame0321.jpg -0.35267337122328385 -0.9921649482688712 -40.90404061319038
frame0322.jpg -0.35592878127944305 -0.9959008730894988 -41.18641699664417
frame0323.jpg -0.3587197478956368 -0.9993023543939944 -41.08588469884287
frame0324.jpg -0.3613475388197696 -1.0025018184217225 -41.03259639575578
frame0325.jpg -0.36423762437981655 -1.0055576562841215 -41.39944626442232
frame0326.jpg -0.3642372975192147 -1.0055580879151542 -41.39818508721625
frame0327.jpg -0.3670876570747351 -1.0085148740019658 -41.70514905317111
frame0328.jpg -0.3701303986140312 -1.0118384195722177 -41.61237662494754
frame0329.jpg -0.3728990631284757 -1.0150006348141059 -41.84547219340261
frame0330.jpg -0.3756792873442945 -1.0182442686718602 -41.990972866809
frame0331.jpg -0.3785143281541165 -1.021542885476032 -42.31590262545246
frame0332.jpg -0.3844226613246291 -1.0277491034069033 -42.85169343088271
frame0333.jpg -0.3874546180402905 -1.030921567276078 -43.20076627905813
frame0334.jpg -0.3901265085251111 -1.0338754176518208 -43.0960799015231
frame0335.jpg -0.3934493089057425 -1.0371079647744958 -42.917444090108276
frame0336.jpg -0.3961654232089539 -1.0400284918297218 -43.30525968230929
frame0337.jpg -0.3992313879105664 -1.0430861619976914 -43.601154338439635
frame0338.jpg -0.4022449104504579 -1.046210817090751 -43.882524464091
frame0339.jpg -0.4056737445473695 -1.0497599033815344 -43.62763626157767
frame0340.jpg -0.4080457085894221 -1.0520468132228626 -44.22308472660549
frame0341.jpg -0.4109532041054325 -1.055235545934362 -44.55955031794217
frame0342.jpg -0.4141864082853005 -1.0592154480735296 -44.20506099950778
frame0343.jpg -0.4162908270022585 -1.0614960742738004 -44.57021767210224
frame0344.jpg -0.41910533130100397 -1.0644936839208194 -44.88455669461045
frame0345.jpg -0.4223400941314031 -1.0678886965715535 -45.00472542427666
frame0346.jpg -0.4252521158382489 -1.0710956199784902 -45.16422703422353
frame0347.jpg -0.4279748014048837 -1.0740850685815322 -45.1678014901353
frame0348.jpg -0.4311120129452295 -1.0778041804794205 -45.2545037073799
frame0349.jpg -0.4341632098604649 -1.0812823639865865 -45.556142408800646
frame0350.jpg -0.4345948296598232 -1.081735359871186 -45.11373933088602
frame0351.jpg -0.4367046971378388 -1.0837365630999982 -45.78390914623022
frame0352.jpg -0.4396228087191789 -1.0867108622805493 -46.259081060931884
frame0353.jpg -0.4428224298458229 -1.0900558671570395 -45.73961135171222
frame0354.jpg -0.4460275300097677 -1.0937031562825594 -45.58456644439723
frame0355.jpg -0.4483015628903234 -1.096015803229376 -46.437335088025065
frame0356.jpg -0.4553996087567791 -1.1028500693283971 -46.47040842643619
frame0357.jpg -0.4577200696505601 -1.104865255829714 -47.222472940230354
frame0358.jpg -0.460861421904336 -1.107963600861777 -46.99478865540828
frame0359.jpg -0.4642910832604378 -1.1111821278748275 -47.32468995559898
frame0360.jpg -0.4672347055641983 -1.1140618598508545 -47.24925645273952
frame0361.jpg -0.4702767795536963 -1.117270082272284 -47.353141470400566
frame0362.jpg -0.4734944789526919 -1.120419531863279 -46.90816957096893
frame0363.jpg -0.4764035649882118 -1.1231138500271092 -47.767977118184064
frame0364.jpg -0.4796090465012057 -1.1260014610494309 -47.39768387471175
frame0365.jpg -0.4833601926080232 -1.1297150644485434 -47.43744914207137
frame0366.jpg -0.4858464852240392 -1.1320534358116108 -47.733984734511296
frame0367.jpg -0.4891333202264199 -1.135244825175022 -48.30198769935553
frame0368.jpg -0.4924490293896417 -1.1382463622455707 -48.8906496779075
frame0369.jpg -0.4974483415915193 -1.1428745897502677 -47.96377236890957
frame0370.jpg -0.4991034291723556 -1.1442437101192244 -49.258051098927915
frame0371.jpg -0.5042591018610797 -1.1491905569454328 -48.06725847064272
frame0372.jpg -0.5054906933241079 -1.1499976286540918 -49.590929738756145
frame0373.jpg -0.5088672110917785 -1.1526799200531077 -49.759370320064974
frame0374.jpg -0.5088686373585326 -1.1526820622184644 -49.74167979508128
frame0375.jpg -0.5125158352022504 -1.1556764936285198 -48.907667645989974
frame0376.jpg -0.5159356956983568 -1.1585037504574958 -49.13425944123424
frame0377.jpg -0.5196574228371151 -1.1615782391028429 -49.317098917662
frame0378.jpg -0.5223861708654276 -1.163648865392764 -49.44138475506216
frame0379.jpg -0.5254238152870042 -1.1662749768380891 -49.56433570549633
frame0380.jpg -0.5321020817669135 -1.1724312820238658 -49.81402302668272
frame0381.jpg -0.5351223927056601 -1.174955155691354 -50.91689049836046
frame0382.jpg -0.5388026865820028 -1.1779990378306762 -51.54533925585386
frame0383.jpg -0.5423494971194635 -1.1810080307272786 -50.607544122507356
frame0384.jpg -0.5456233933116954 -1.1838113258128495 -51.84588835395381
frame0385.jpg -0.5492437930073419 -1.1866746760353155 -50.91312437393113
frame0386.jpg -0.5518989811633561 -1.1887233949467313 -50.98655596648098
frame0387.jpg -0.5548501348707748 -1.1908542483507574 -51.284917468550205
frame0388.jpg -0.5585981534089337 -1.1939752919402125 -51.26654849408518
frame0389.jpg -0.5614855344447055 -1.1964628384868157 -52.79702052166757
frame0390.jpg -0.5676381183307326 -1.2020393011323778 -51.44226316975539
frame0391.jpg -0.5687902994707014 -1.2025681179781944 -51.83854970975031
frame0392.jpg -0.5717022223977507 -1.2047122637290308 -53.2148509976431
frame0393.jpg -0.5753497043504244 -1.207825473211804 -53.5316510052946
frame0394.jpg -0.5820723980497386 -1.2138108018275493 -51.85493153098954
frame0395.jpg -0.5816916095918392 -1.212944068743731 -52.450255067879155
frame0396.jpg -0.5859226062764421 -1.2166630312243163 -52.56782211831728
frame0397.jpg -0.5885768020378686 -1.218916078652689 -54.204056835578996
frame0398.jpg -0.5885799351076554 -1.2189185574774382 -54.25023279451935
frame0399.jpg -0.5957723470436419 -1.2254508167260847 -52.662780327249344
frame0400.jpg -0.5951338618581405 -1.2244500465506578 -52.91374907165353
frame0401.jpg -0.5979583112939879 -1.2266931198161737 -54.707893859247456
frame0402.jpg -0.6011274161931004 -1.229259745277989 -54.77385294687532
frame0403.jpg -0.6058136519943556 -1.2330966307691238 -53.418464237629735
frame0404.jpg -0.6136392948666636 -1.2398224668423807 -53.597598820055545
frame0405.jpg -0.6157043215425885 -1.239989052056971 -53.83499142167939
frame0406.jpg -0.619391854454051 -1.24266760064901 -54.02222466521383
frame0407.jpg -0.6230599784877595 -1.2454101340283583 -54.15456919864372
frame0408.jpg -0.627123193317544 -1.2487064293108954 -54.345655774204175
frame0409.jpg -0.6295726461906292 -1.250548125410912 -56.08578081665518
frame0410.jpg -0.6329679636551692 -1.2530331068781264 -54.649665514499034
frame0411.jpg -0.6373295889836043 -1.2563238093275546 -54.792930809767114
frame0412.jpg -0.6408822497293899 -1.2588770452991336 -54.89540736636716
frame0413.jpg -0.6438830794272162 -1.2610286604083318 -54.857646990847044
frame0414.jpg -0.6467361678693839 -1.262822553780503 -55.29263458037592
frame0415.jpg -0.650579702054495 -1.2654057540686072 -55.42310571906469
frame0416.jpg -0.6543841226167949 -1.268028525761984 -55.62205967921435
frame0417.jpg -0.6580680142123019 -1.2707080802552864 -57.97822358759275
frame0418.jpg -0.6617713891813884 -1.273511322483177 -55.726258982217225
frame0419.jpg -0.6660784346773533 -1.2769063737494508 -56.09964679416861
frame0420.jpg -0.6696972123431308 -1.2793041171490949 -56.14823614207041
frame0421.jpg -0.672004408428424 -1.2805229590033431 -58.85316076940114
frame0422.jpg -0.6719971148829872 -1.2805168940646672 -58.828326809476
frame0423.jpg -0.6756831654602904 -1.2832110210129801 -56.440592359784546
frame0424.jpg -0.6787322958998524 -1.2852143917406456 -56.67633416293656
frame0425.jpg -0.6838255169467828 -1.2888483864815703 -56.93977035908426
frame0426.jpg -0.6857568183822556 -1.2897025437267562 -56.97088275076189
frame0427.jpg -0.689100808119019 -1.2919655196212037 -59.413685016940974
frame0428.jpg -0.6940899643822052 -1.2951919512077061 -57.56471680680754
frame0429.jpg -0.6954007131363747 -1.2961946333339418 -57.7266562284805
frame0430.jpg -0.6953279524481518 -1.2961602385529236 -58.04573660247526
frame0431.jpg -0.6956741313663074 -1.2964446883332577 -58.097805395238005
frame0432.jpg -0.6966279719325471 -1.2972561025829321 -58.009690289745826
frame0433.jpg -0.6957254441569974 -1.2964040488507385 -58.19325706044115
frame0434.jpg -0.6955530297181556 -1.2962784912740335 -58.19115180835964
frame0435.jpg -0.6958537112418711 -1.2965314529171266 -58.09235820666568
frame0436.jpg -0.6961410004845892 -1.2967995879893013 -58.14318477636782
frame0437.jpg -0.6957897542201238 -1.2964994534977354 -58.17313191597122
frame0438.jpg -0.6959549476900105 -1.2966523363381353 -58.124324660021536
frame0439.jpg -0.6960278090880789 -1.2967153019214546 -58.10526341254413
frame0440.jpg -0.6955236098326811 -1.296230618851913 -58.13817023624319
frame0441.jpg -0.6958424209548328 -1.2965287194133108 -58.12422324798289
frame0442.jpg -0.6953940049175762 -1.2961603048428874 -58.225236668827726
frame0443.jpg -0.6960093678872363 -1.2967050162367566 -58.13269276971902
frame0444.jpg -0.6959365516712117 -1.2965983249175037 -58.19915101953153
frame0445.jpg -0.6966384734666824 -1.2972331528746284 -58.102516092033476
frame0446.jpg -0.6965176187242176 -1.2971327131992925 -58.1262047552969
frame0447.jpg -0.6959740804402563 -1.2966737502054684 -58.21541092580443
frame0448.jpg -0.6954674208302001 -1.2962467123717711 -58.27239650666552
frame0449.jpg -0.6955497041705134 -1.2963044736203282 -58.223465909056145
frame0450.jpg -0.6953725804611135 -1.2961664724395623 -58.217766023189505
frame0451.jpg -0.695893544328035 -1.2966367813063897 -58.153745684599905
frame0452.jpg -0.6958392176089261 -1.296578812986332 -58.165678328031575
frame0453.jpg -0.6959779948946564 -1.2967018456315649 -58.1568548284735
frame0454.jpg -0.6961946071074492 -1.2968784142996026 -58.09435620563397
frame0455.jpg -0.6961322123785061 -1.2968345258434812 -58.16382871711718
frame0456.jpg -0.6959658735335958 -1.2967189097902636 -58.11259192903431
frame0457.jpg -0.6958978195235674 -1.2966775314976582 -58.15676926542097
frame0458.jpg -0.695753215905906 -1.2964863936621274 -58.12055416140359
frame0459.jpg -0.6956496128584746 -1.296437559920161 -58.292973886034005
frame0460.jpg -0.6955149745251813 -1.2962842404085289 -58.239240924039116
frame0461.jpg -0.6960194447531739 -1.296740425956499 -58.16404709960386
frame0462.jpg -0.6960502442158071 -1.2967672430135782 -58.15152803591338
frame0463.jpg -0.6959601609966659 -1.2967189626183653 -58.09933268181816
frame0464.jpg -0.6959119084680354 -1.2966758367943714 -58.158094813541496
frame0465.jpg -0.6958901390587063 -1.2966579894739234 -58.16114438469211
frame0466.jpg -0.6958091342841242 -1.296555368450016 -58.226981875632546
frame0467.jpg -0.6958027980251316 -1.296556879573182 -58.21795618581681
frame0468.jpg -0.6958325785692906 -1.2965375589233257 -58.223350209902065
frame0469.jpg -0.6957963728825483 -1.296507690726728 -58.199790532278996
frame0470.jpg -0.6957963728825483 -1.296507690726728 -58.199790532278996
frame0471.jpg -0.6957806150184632 -1.2965147933025332 -58.17424897056198
frame0472.jpg -0.6957774148412823 -1.296504843608704 -58.075258122192714
frame0473.jpg -0.6960229090404308 -1.2967359995761312 -58.16850290366151
frame0474.jpg -0.695647358159557 -1.2963758106892125 -58.25295592515974
