frame0000.jpg 0.0 -0.0 -0.0
frame0001.jpg -0.0006812040783662652 0.0013880897046222019 0.06323069005156072
frame0002.jpg -0.0004722652577059943 0.0010639567671365626 0.03974091323550272
frame0003.jpg -0.0008932919565643863 0.001851161053726952 0.08495587731575067
frame0004.jpg -0.0008537220368023155 0.0017733450098751805 0.08397841693529948
frame0005.jpg -0.0008537220368023155 0.0017733450098751805 0.08397841693529948
frame0006.jpg -0.0008537220368023155 0.0017733450098751805 0.08397841693529948
frame0007.jpg -0.0005622346487736292 0.0012315970999594483 0.002140541841294214
frame0008.jpg -0.0005881539102411494 0.0012806115212940126 0.006712898899178685
frame0009.jpg -0.0005881539102411494 0.0012806115212940126 0.006712898899178685
frame0010.jpg -0.0007876477508759843 0.0016799824014127544 0.0671721778871095
frame0011.jpg -0.0008129334993619981 0.0016661674914263873 0.060454077099149316
frame0012.jpg -0.00033398908893126516 0.0007174397163957071 0.08910592636038478
frame0013.jpg -0.0004991398560950465 0.0010513268879325474 0.1185006912576989
frame0014.jpg -0.0005426196141036055 0.0011299443493020074 0.11871864895021182
frame0015.jpg -0.00045485289759838587 0.0009517132567786443 0.14308268575345595
frame0016.jpg -0.00036186805327166296 0.0007597974657502999 0.1432538880240515
frame0017.jpg -0.0005725411895757363 0.0011993969841568393 0.05321534382362197
frame0018.jpg 0.00027301828256256545 -0.0005307612846835213 0.019310225777926442
frame0019.jpg -0.0008420652230565688 0.0017926562589608203 0.0836930773408278
frame0020.jpg -0.0008892737223003148 0.0018999492098966586 0.08789091795593929
frame0021.jpg -0.0006698160684006432 0.0014190804580280704 0.08749970204630628
frame0022.jpg -0.0007505821955385373 0.0016081930256779966 0.03878417731861904
frame0023.jpg -0.0012380644803465814 0.002552034301216324 0.0517408689231185
frame0024.jpg -0.0009249279134168797 0.0019143603328480399 0.024384708739289555
frame0025.jpg -0.0010736665034669745 0.0022261910089345816 0.1229193027738014
frame0026.jpg -0.0010071086777649258 0.0021148276455703763 0.10812371966047048
frame0027.jpg -0.0007516402080208068 0.0015346865617927945 0.0905477918992826
frame0028.jpg -0.0013669293800685244 0.002812450206283733 0.08534788438591802
frame0029.jpg -0.0012990139546675892 0.002669618210554125 0.06807703692590908
frame0030.jpg -0.0009573792016073018 0.0019888230099316976 0.13490640711919394
frame0031.jpg -0.0014446687199187538 0.002992195698818649 0.2660258398920679
frame0032.jpg -0.0015037493760790925 0.003133832098153043 0.1776345567312095
frame0033.jpg -0.0016364676323592285 0.0034111265646703513 0.17184861967924325
frame0034.jpg -0.00149977580499659 0.003099363813682085 0.11697538962437648
frame0035.jpg -0.001434847883838112 0.002950026544931307 0.10587067679592868
frame0036.jpg -0.0014302641603072981 0.002941493886106352 0.11845517636815935
frame0037.jpg -0.0014928572873127981 0.0031801661021907445 0.05464786566589313
frame0038.jpg -0.0010138125056494292 0.0021277648971242333 0.07101032996493506
frame0039.jpg -0.0014490203880255755 0.003028571026217851 -0.037832982883810776
frame0040.jpg -0.0005591224740693262 0.001224299337836685 -0.010951407269766376
frame0041.jpg -0.001100433645377637 0.002245427554800375 0.06933343674608919
frame0042.jpg -0.0010476988534504374 0.0021277520103112134 0.1018319807131786
frame0043.jpg -0.0015948230682230546 0.0033638257085807336 0.0506354825066473
frame0044.jpg -0.00171360519318607 0.0036341947642391415 0.025191404732519875
frame0045.jpg -0.0016552558756722116 0.003514870924056443 0.026952455422257836
frame0046.jpg -0.0014588334629540365 0.003035839543676525 0.06600995446017667
frame0047.jpg -0.0011874223515173465 0.0024388774315385322 0.10145791300725772
frame0048.jpg -0.0008521368077590222 0.0017524341862613306 0.07949979238802364
frame0049.jpg -0.0009341675266287944 0.0020369994251070536 0.08577262526373748
frame0050.jpg -0.0008243919866934053 0.001761943812714429 0.1262340682170064
frame0051.jpg -0.000754861333363898 0.0016226767129675472 0.13473097273551854
frame0052.jpg -0.0006092150740566776 0.0013163289177823766 0.11699544301464587
frame0053.jpg -0.0010312130894502953 0.0022266540481506985 0.10853919413753868
frame0054.jpg -0.0010120867341817075 0.002169009014752342 0.1163076823965772
frame0055.jpg -0.0008386415270837468 0.001769906388914126 0.06465419911313171
frame0056.jpg -0.0006472676865723007 0.0013857081573712226 0.09233841869488724
frame0057.jpg -0.000552859726965504 0.0012159330916583185 0.06749550101788272
frame0058.jpg -0.0004877992797396624 0.0009883186689095766 0.10325124397887264
frame0059.jpg -0.0010145088122185232 0.002105416106182371 0.1448123241046651
frame0060.jpg -0.0009102699661562472 0.0019566588801853907 0.09142456563496056
frame0061.jpg -0.000809103040992989 0.001741606513699252 0.12972963917298527
frame0062.jpg -0.0009542055515377359 0.0019365025166444806 0.09143877963698377
frame0063.jpg -0.001535614447212789 0.002629943143350479 0.15133113029224865
frame0064.jpg -0.0005247687754909955 -0.00270117742530138 0.8535915639462613
frame0065.jpg -7.748916692698875e-06 -0.005751224233183585 1.1691261765736665
frame0066.jpg 7.260401769766668e-05 -0.008917455934467317 1.4136017146651445
frame0067.jpg 0.0010719075059220824 -0.014820788727649081 1.6330085069517772
frame0068.jpg 0.0010851256841188225 -0.014848881234349262 1.6477823370342015
frame0069.jpg 0.0005502363308809694 -0.017622088033627234 2.0563730914938803
frame0070.jpg 0.001717304311353163 -0.02319911686906652 2.4427516097160358
frame0071.jpg 0.0037484397629972688 -0.03101101696965462 2.459139615933528
frame0072.jpg 0.002006118777026161 -0.031561700635908775 2.830050011788786
frame0073.jpg 0.00390768943223475 -0.0398971021274816 2.8991972468721636
frame0074.jpg 0.003654769039697119 -0.043918651443444784 3.387239155817808
frame0075.jpg 0.002564119560061383 -0.04715667999947308 3.532218267210791
frame0076.jpg 0.0041827779935622 -0.05494835459583619 3.865709475656856
frame0077.jpg 0.0038344319664647647 -0.058902179443073424 4.3156107751653785
frame0078.jpg 0.004299817819825153 -0.06469814349306892 4.244396667471022
frame0079.jpg 0.005336293430440356 -0.0719220630126288 4.593316955732434
frame0080.jpg 0.0061074119330502144 -0.07815737933189296 4.718942664297268
frame0081.jpg 0.005491222811863365 -0.08168314491467428 5.016216701364335
frame0082.jpg 0.006044610639693561 -0.08798691618939378 5.2457465709255215
frame0083.jpg 0.007357897293322965 -0.09554562214324984 5.403324172980581
frame0084.jpg 0.00855767953686154 -0.10274926975301303 5.612804101132173
frame0085.jpg 0.007738897322331796 -0.1060776636852066 5.953393633541068
frame0086.jpg 0.008836082592574589 -0.11287664744319605 6.203541142157795
frame0087.jpg 0.010035198420284795 -0.11983864833833205 6.4133015176231964
frame0088.jpg 0.009758423168088963 -0.1237789847024308 6.589895864412693
frame0089.jpg 0.010347814900711523 -0.12951775827136147 6.840212274155905
frame0090.jpg 0.012157001239059814 -0.14171954878696166 7.233200060648509
frame0091.jpg 0.012629653714814906 -0.1469147304659382 7.52943677944739
frame0092.jpg 0.012416647611029131 -0.14651411701223865 7.529572333688406
frame0093.jpg 0.012652223051347264 -0.15197512370238564 7.755447399289263
frame0094.jpg 0.014182790293967544 -0.15886500299307105 7.941703955534786
frame0095.jpg 0.01446244349780851 -0.16362763165626873 8.246840515754746
frame0096.jpg 0.01555229041849704 -0.17044863172755048 8.390426688040074
frame0097.jpg 0.016806415080601822 -0.17743823513964732 8.819546096970377
frame0098.jpg 0.017445275256486578 -0.18307423943172235 9.177232680543016
frame0099.jpg 0.016585548710936523 -0.18644921076500595 9.482452682192207
frame0100.jpg 0.018654475623878064 -0.19497892017962465 9.567427654383168
frame0101.jpg 0.019473494209322626 -0.20106952861199176 9.747094951267076
frame0102.jpg 0.02042407347954588 -0.20695834706208285 10.11344637358792
frame0103.jpg 0.020968501732973568 -0.212337481874394 10.185283549460085
frame0104.jpg 0.023022370811426274 -0.21977815119204552 10.148369992839678
frame0105.jpg 0.02315105832239148 -0.22412084261653295 10.730704771696434
frame0106.jpg 0.024024222064169043 -0.2299040939193239 10.751710022381827
frame0107.jpg 0.02621467939404934 -0.2375566761223139 11.011381562045429
frame0108.jpg 0.026229097664378656 -0.2418200910069361 11.343830988342113
frame0109.jpg 0.028075351450139188 -0.2489709928894003 11.54471321173884
frame0110.jpg 0.02743320016406467 -0.25209870425936265 11.912759376837478
frame0111.jpg 0.02892068587184274 -0.2586097432356748 12.229175433126711
frame0112.jpg 0.03069661470099934 -0.2653567928556899 12.299971992977298
frame0113.jpg 0.031693614571566026 -0.27078737614758963 1.8612678261346092
frame0114.jpg 0.03453420966543372 -0.2827052581904692 13.071690578948164
frame0115.jpg 0.035354023048137166 -0.2878021836838889 13.284223273463983
frame0116.jpg 0.03746837772828357 -0.2948596299754176 3.249564428966532
frame0117.jpg 0.03745235641376365 -0.29483766237865583 3.2503864259115134
frame0118.jpg 0.039542023438651965 -0.3018347228257061 13.469479262018984
frame0119.jpg 0.040253727184480816 -0.3067359127107649 13.939255060744884
frame0120.jpg 0.0407472384861392 -0.3113653389421547 13.978548503577482
frame0121.jpg 0.04315102405465957 -0.3186323819852233 14.111648097298195
frame0122.jpg 0.04469600890999617 -0.3246621583334729 14.465777377433305
frame0123.jpg 0.04644937545833405 -0.3307842075198179 14.733954171502134
frame0124.jpg 0.047290973940707526 -0.3357633223807552 14.894800469354953
frame0125.jpg 0.049469635786568066 -0.34238648654299336 15.133512182828884
frame0126.jpg 0.051411800470682965 -0.3487099302364285 15.397095282429564
frame0127.jpg 0.051969336328650695 -0.35324189909698755 15.54523831567883
frame0128.jpg 0.05300830228554726 -0.3584289588251243 15.718720602860826
frame0129.jpg 0.05600092304515994 -0.3661366806164636 7.945765377547959
frame0130.jpg 0.05696307072033735 -0.370973026215196 16.316584737604174
frame0131.jpg 0.05806133546422008 -0.37623588983509376 16.504836015190467
frame0132.jpg 0.05957991780090535 -0.3819518116443851 16.857847242257563
frame0133.jpg 0.061473527954202876 -0.3879739943429624 17.19507811925017
frame0134.jpg 0.06292454052752658 -0.3937026923127387 9.576489330319356
frame0135.jpg 0.06452631839536785 -0.3994142173374348 17.47619824707247
frame0136.jpg 0.0679251540578053 -0.4110598875572814 18.052569703722813
frame0137.jpg 0.06975839062838288 -0.4169863798885344 17.994056952249075
frame0138.jpg 0.07136377373195324 -0.4221556916767503 18.588813532845503
frame0139.jpg 0.07274732105294751 -0.4270478022475804 18.649706074742134
frame0140.jpg 0.07486133298935871 -0.4331787183515041 19.100065239135002
frame0141.jpg 0.07488191746843204 -0.43320381035623706 19.095624004150785
frame0142.jpg 0.07708189936231744 -0.4394533934762358 19.199291356717147
frame0143.jpg 0.08074486353718943 -0.4471218610572249 19.22897990787372
frame0144.jpg 0.08091693859235663 -0.4506339442690831 19.63555384235141
frame0145.jpg 0.08318558549437574 -0.4566115025484558 19.737254825093718
frame0146.jpg 0.0830384659471527 -0.459398675285621 20.148201852013766
frame0147.jpg 0.08672889498498493 -0.4669436124744785 20.3758506593278
frame0148.jpg 0.0891750973485545 -0.4732882979224237 20.573532471359595
frame0149.jpg 0.09078691089866077 -0.4782378716933401 20.755502120553714
frame0150.jpg 0.09401913709879224 -0.4850022135150772 21.05509041982484
frame0151.jpg 0.09633782193684336 -0.4910098802253709 21.18673910652712
frame0152.jpg 0.09739675137821774 -0.4952190789312752 21.491622831635823
frame0153.jpg 0.09947116975452107 -0.5009667290981683 21.75599376919095
frame0154.jpg 0.10116662711974644 -0.5061732907260028 21.83399202140343
frame0155.jpg 0.10326021569875474 -0.5119691698600892 22.1765399862539
frame0156.jpg 0.10642097455862462 -0.5185611101093883 22.617574072689177
frame0157.jpg 0.10861203263643067 -0.524132309347402 22.829467027316774
frame0158.jpg 0.1112283991240578 -0.5304711978537805 18.429345543439524
frame0159.jpg 0.1130386615460558 -0.5352237037645398 23.099859357387214
frame0160.jpg 0.11556579803683302 -0.5406309920446791 23.269119621996623
frame0161.jpg 0.117361875456567 -0.5452515603222591 23.4477855285664
frame0162.jpg 0.12240900619481918 -0.5567068681123906 23.90032818506637
frame0163.jpg 0.12517945669930208 -0.5626032093821485 24.12796612496645
frame0164.jpg 0.1265041857344108 -0.5670379170451949 24.420268465680238
frame0165.jpg 0.12678794151512987 -0.5673574847816582 24.37636460362977
frame0166.jpg 0.1285736123922007 -0.5722965267686112 24.651144032818642
frame0167.jpg 0.13230632730259942 -0.5790752561016419 21.012409951086152
frame0168.jpg 0.13515531597677685 -0.5849386585604337 25.22194106448252
frame0169.jpg 0.136716330223356 -0.5892716344941593 25.284908147126853
frame0170.jpg 0.1396741495924568 -0.5955141491939471 21.87118952263941
frame0171.jpg 0.14188926009877456 -0.6002864854828751 25.89814281159131
frame0172.jpg 0.14504002044459252 -0.6063334804008176 25.937832500548566
frame0173.jpg 0.13946170900399454 -0.6028946775688294 26.1435852752505
frame0174.jpg 0.15003308117039202 -0.61652649775697 26.400650208255858
frame0175.jpg 0.15326451740031216 -0.6225915492228397 23.250630103501216
frame0176.jpg 0.15613197468326345 -0.6281523366849199 23.429332016283325
frame0177.jpg 0.15858331286507427 -0.6329371569835536 27.253258802617488
frame0178.jpg 0.16158357936370366 -0.6382138527040899 27.28599453067545
frame0179.jpg 0.16457792390401033 -0.6437274067883361 27.639103394014114
frame0180.jpg 0.16690896984721948 -0.6486389563487608 27.68924379571557
frame0181.jpg 0.16939412830963585 -0.6533503578693096 28.094087939866682
frame0182.jpg 0.17300056373762185 -0.6593503915785492 28.33019734508005
frame0183.jpg 0.1764479503208739 -0.6649843878722008 28.532417920422702
frame0184.jpg 0.17788833233124712 -0.6688123847232957 28.690701505091614
frame0185.jpg 0.1811546653951108 -0.6745453146438982 28.80674605443034
frame0186.jpg 0.1865419595386446 -0.6845900491369589 29.30518486563749
frame0187.jpg 0.18558547056513508 -0.6860280448267058 28.138595909985124
frame0188.jpg 0.19293601995108994 -0.6955351277529276 29.685275307062376
frame0189.jpg 0.19313238307754355 -0.6957252736796636 29.68658106140178
frame0190.jpg 0.19120261877049397 -0.6962814468419634 30.22660175577772
frame0191.jpg 0.19973925053603347 -0.7066402266443179 28.116647446646052
frame0192.jpg 0.2019459515812249 -0.7111277801383303 30.33457800650468
frame0193.jpg 0.20451233480249545 -0.7158739611917868 30.694551350265986
frame0194.jpg 0.20876828489151067 -0.7219594261579294 28.774731409314644
frame0195.jpg 0.2120602337400509 -0.7269301530752904 31.243300650740924
frame0196.jpg 0.21464328991945655 -0.7313092697646006 31.42589032323022
frame0197.jpg 0.21688837512073167 -0.7354257346815785 31.701837395831234
frame0198.jpg 0.2219634998255502 -0.7421379370121088 29.77681473375735
frame0199.jpg 0.22541590303016626 -0.7474744251378338 30.20158851584084
frame0200.jpg 0.2289315991200106 -0.7526495624408931 30.351432579912643
frame0201.jpg 0.2316584278749414 -0.756918576010275 30.93011285255096
frame0202.jpg 0.2352642899403299 -0.7621431283996859 31.274731049495593
frame0203.jpg 0.23811605099308186 -0.7666290574965922 32.686459318352014
frame0204.jpg 0.2417232008079764 -0.7721247864400307 31.303275722721793
frame0205.jpg 0.24444123116935434 -0.7764203994444558 33.330390452934445
frame0206.jpg 0.24395546855215194 -0.7787744755567721 32.69838347959819
frame0207.jpg 0.2473330853586693 -0.7837953959132025 33.978047569693565
frame0208.jpg 0.25165972772535583 -0.7895329437475256 33.39822121538713
frame0209.jpg 0.25747131430822057 -0.7962805351413309 34.31881928842364
frame0210.jpg 0.2648726833293504 -0.8068945609043685 33.737000352823145
frame0211.jpg 0.2644390077799966 -0.8088477824407386 34.88903701963858
frame0212.jpg 0.2712650378734172 -0.8161966824419193 35.25484830924853
frame0213.jpg 0.27123057081702445 -0.8161708853016516 35.257260474168184
frame0214.jpg 0.2713347517639099 -0.8187453049989899 35.43804847920116
frame0215.jpg 0.2793140896250403 -0.8266823779329489 34.74212641125728
frame0216.jpg 0.2825446483778553 -0.8313760363486837 34.791856287951234
frame0217.jpg 0.28376430279893355 -0.8344142562790634 36.198720224310094
frame0218.jpg 0.28596344167567017 -0.8383550246120456 35.85861273397306
frame0219.jpg 0.2921518145529627 -0.8448428519076661 36.53283028763037
frame0220.jpg 0.29628455806310305 -0.8504029647749353 36.079653868309705
frame0221.jpg 0.29966634563080224 -0.8550051969666934 36.42118960067991
frame0222.jpg 0.3011289375697835 -0.8584064160112083 36.652267938671926
frame0223.jpg 0.3074856917339085 -0.8648127228952902 36.448107560189314
frame0224.jpg 0.3087617970992746 -0.8682442369630521 37.39656184742442
frame0225.jpg 0.3142531363196775 -0.8739202239749073 37.66854761182614
frame0226.jpg 0.31850930694241136 -0.8788825822398005 37.407689555053636
frame0227.jpg 0.3219653738889552 -0.8834474246080157 38.01107433034011
frame0228.jpg 0.3238958694322462 -0.8872511287342453 38.21994799318747
frame0229.jpg 0.3275904878484011 -0.891739509622505 38.75938617545831
frame0230.jpg 0.3338367514446852 -0.8974161121986515 38.86902294892107
frame0231.jpg 0.3368487188942658 -0.9019316297763168 39.09787059540548
frame0232.jpg 0.34097911170588113 -0.9063207158819752 38.947725278633904
frame0233.jpg 0.3455328574082607 -0.911334889107216 39.01259367282875
frame0234.jpg 0.3515579878839758 -0.9201667876815138 40.222245352763046
frame0235.jpg 0.3569151148736733 -0.9250024891367852 40.59134434385229
frame0236.jpg 0.3605631774681955 -0.9298074849266192 40.313242487418606
frame0237.jpg 0.36080683127176216 -0.9298473502664784 40.24401718734882
frame0238.jpg 0.364320783141649 -0.9341299749540416 41.10727454913525
frame0239.jpg 0.3681427156963034 -0.9388004080732776 41.10863472447833
frame0240.jpg 0.3710568666613621 -0.9434373558498668 41.3716022491738
frame0241.jpg 0.3746703330274493 -0.948188986899992 41.7380419525045
frame0242.jpg 0.3802748244866971 -0.9528368240537566 41.4817661514639
frame0243.jpg 0.3844000708971473 -0.9571751827371606 41.88561598124756
frame0244.jpg 0.3882464143192141 -0.961396606192262 42.151383275957606
frame0245.jpg 0.3925495453115408 -0.9657172417381502 42.10457156476964
frame0246.jpg 0.39663125039313707 -0.970464709369106 42.36666107013743
frame0247.jpg 0.40041580927504783 -0.9749788367370008 42.66303748872672
frame0248.jpg 0.40408014479158505 -0.9791361934021816 43.03051127991826
frame0249.jpg 0.4075283720805217 -0.983801012348426 43.4437963794375
frame0250.jpg 0.4126024941517476 -0.9875888523373918 43.51963147659325
frame0251.jpg 0.4162930377963382 -0.9922960964747198 43.715944600870564
frame0252.jpg 0.4209643323795088 -0.9956933776368112 43.811959722570045
frame0253.jpg 0.4253726556454316 -1.0001560345724587 44.27648634199209
frame0254.jpg 0.429068423292584 -1.0048024194089598 44.60652131742179
frame0255.jpg 0.4338641791563773 -1.0085685369590378 44.543965527753
frame0256.jpg 0.43816260735277374 -1.012518538360466 44.89027188104349
frame0257.jpg 0.4470925138548668 -1.0206386585230594 45.5272106577473
frame0258.jpg 0.4515504278044706 -1.0245126527927018 45.658001214307184
frame0259.jpg 0.4559728951370921 -1.0285606351268055 45.72322068284696
frame0260.jpg 0.460055167934926 -1.0327287935311011 46.44006420090399
frame0261.jpg 0.4600536329995489 -1.0327279046581792 46.44772576541216
frame0262.jpg 0.4643705546962321 -1.036519044012489 46.64935234797583
frame0263.jpg 0.4687761693326213 -1.0404777145410251 47.01717291884261
frame0264.jpg 0.4732760937702751 -1.0450933513582592 46.77949856299089
frame0265.jpg 0.4772094297709398 -1.0481999697922642 47.282436281723655
frame0266.jpg 0.4815328014568605 -1.0522552788055914 47.44054930007364
frame0267.jpg 0.4868878484704666 -1.0589307257290943 47.28749540216232
frame0268.jpg 0.4906102607018337 -1.0608220802417818 47.68858246850438
frame0269.jpg 0.4952983424499263 -1.064978677162003 47.92125931103386
frame0270.jpg 0.5004875396248696 -1.0710729265854368 48.39722167253711
frame0271.jpg 0.5041658975859274 -1.0727819809252104 48.577453138248366
frame0272.jpg 0.5083260983911807 -1.0774010008144272 48.69085249665528
frame0273.jpg 0.5134063832642963 -1.0836301759911742 49.417678794837116
frame0274.jpg 0.5180077211040365 -1.0879085196553229 49.43897064120363
frame0275.jpg 0.5225746963930461 -1.0921160613541878 49.56475136761003
frame0276.jpg 0.5260834182386411 -1.0937206244777953 49.970025474776
frame0277.jpg 0.5310517541834409 -1.0979021753927776 50.224363372142136
frame0278.jpg 0.5356784706416621 -1.1016952570158374 50.22097682791921
frame0279.jpg 0.5405497683718317 -1.105668436603996 50.49162123907156
frame0280.jpg 0.5453051326974483 -1.1095240213225601 51.046260618283064
frame0281.jpg 0.5543035888622521 -1.116955313382995 51.661587896412136
frame0282.jpg 0.5607694998118751 -1.1233890680739438 51.50054156366424
frame0283.jpg 0.5657068188589753 -1.1267910880502214 51.71328631157624
frame0284.jpg 0.5693616868365035 -1.128865935120872 51.937095248455364
frame0285.jpg 0.5693748530498087 -1.1288677771842417 51.938202340692435
frame0286.jpg 0.5739733527451727 -1.1324342486922627 52.18748729570025
frame0287.jpg 0.5783589418773052 -1.1356138780168168 52.89808058382968
frame0288.jpg 0.5833954830558941 -1.1394902933758917 52.606730929823655
frame0289.jpg 0.5881830263904589 -1.1434108625925452 52.94837282378433
frame0290.jpg 0.5942329694625658 -1.1486308660253397 53.02557449801799
frame0291.jpg 0.5973512207780178 -1.1500064934033265 54.57170433489738
frame0292.jpg 0.6020946547319095 -1.1536355913794205 54.54216301958351
frame0293.jpg 0.6092492749372801 -1.1603991227086918 54.41879791877052
frame0294.jpg 0.6125313624009907 -1.1618250592925743 54.397682291285136
frame0295.jpg 0.6170445813782962 -1.1654611911734174 54.20210365328256
frame0296.jpg 0.6209151941248678 -1.1678732197153958 54.36831981337957
frame0297.jpg 0.6271784549840983 -1.1732555650648226 55.619098657586854
frame0298.jpg 0.6318404757288187 -1.1760127367905948 54.82240948408945
frame0299.jpg 0.6369004111517634 -1.179618453362253 54.93255788277559
frame0300.jpg 0.6413666652203731 -1.182536153084402 55.12591434130887
frame0301.jpg 0.6474801114630326 -1.187386354174846 55.938731272875366
frame0302.jpg 0.6514211765557689 -1.1898073337499848 55.683327980082524
frame0303.jpg 0.6581624979363415 -1.1959573276095778 57.068211846897405
frame0304.jpg 0.6609541023880382 -1.1963737210619099 55.99002503074557
frame0305.jpg 0.6705651169971725 -1.2025955205705188 57.80726271294733
frame0306.jpg 0.6779528913217598 -1.2088693375624673 57.89121317069582
frame0307.jpg 0.6810018410104124 -1.2098570294271576 58.22730301496024
frame0308.jpg 0.6852773527909803 -1.2126395506354608 58.71821366535739
frame0309.jpg 0.6852501216080074 -1.2126103179614245 58.73117218377315
frame0310.jpg 0.6935549083014436 -1.2196051956823584 58.14771270200377
frame0311.jpg 0.6959189500674601 -1.219424420299167 57.612746160505154
frame0312.jpg 0.7009889044455542 -1.2226822589412272 57.798312411894436
frame0313.jpg 0.7056514850112103 -1.225382920318191 57.95305426246063
frame0314.jpg 0.7108984410731016 -1.2287231033725097 60.38449831936437
frame0315.jpg 0.7197700217617415 -1.2356713911814423 58.30406897689803
frame0316.jpg 0.7245567467919775 -1.2387803037242329 59.433858202021064
frame0317.jpg 0.7255333047958661 -1.2378194095590662 61.14782981045273
frame0318.jpg 0.7353074474930557 -1.2457440001701543 60.5269364969631
frame0319.jpg 0.7366456780089597 -1.2448201957540277 59.40510774121184
frame0320.jpg 0.741077210006282 -1.2474389570585092 61.886266853954346
frame0321.jpg 0.750513936420575 -1.2549261576904231 61.66440469399755
frame0322.jpg 0.7543737708230218 -1.2566002681968014 60.13846585717801
frame0323.jpg 0.7563293070446514 -1.2563353551141028 60.05490201506874
frame0324.jpg 0.7659747319634878 -1.263942682944447 62.580134486144374
frame0325.jpg 0.7714239666824709 -1.2666549908178086 61.78449823512281
frame0326.jpg 0.7729670793041064 -1.265932204363159 63.215365418008226
frame0327.jpg 0.7813837829196111 -1.2718772971875802 63.46805490979353
frame0328.jpg 0.783319216060177 -1.2710745977855291 61.087398022011506
frame0329.jpg 0.7882882322413559 -1.2743304132879842 65.30020509068098
frame0330.jpg 0.7989321089388499 -1.2801895471276148 61.75123132055968
frame0331.jpg 0.8030607194389723 -1.2816868399212336 65.39264989400397
frame0332.jpg 0.8142846543975479 -1.2901143166239586 64.32472850444779
frame0333.jpg 0.8142943142429079 -1.2901239425623925 64.32571468265544
frame0334.jpg 0.8147881809900891 -1.2882071657515872 66.06742805005854
frame0335.jpg 0.8189458515905319 -1.289307460822207 62.72457551463502
frame0336.jpg 0.829983410906284 -1.297498078880582 63.453919240092056
frame0337.jpg 0.8298550080605344 -1.295215955371293 67.23985885990051
frame0338.jpg 0.8407759410390091 -1.3028735489567858 65.00424658720728
frame0339.jpg 0.8412504691942457 -1.3004859247034288 63.95180321329092
frame0340.jpg 0.8461718033472828 -1.3028238426860994 67.86376103560107
frame0341.jpg 0.8521163633635753 -1.305701528452022 64.26572193701232
frame0342.jpg 0.8579513080120387 -1.3087575755878582 68.25096414342347
frame0343.jpg 0.8622886459696403 -1.3110588984711276 69.11493373130503
frame0344.jpg 0.8675648510546854 -1.3138084845921636 65.34841659729696
frame0345.jpg 0.8726187274623797 -1.3161358307680049 69.77670781549034
frame0346.jpg 0.8854122240728137 -1.3249713406978694 67.31056206529666
frame0347.jpg 0.8853489950109155 -1.3227046368239923 69.32433863898223
frame0348.jpg 0.8887266774116519 -1.3233642315095275 70.8862865416486
frame0349.jpg 0.8942225855620294 -1.3254740154908258 71.18073724816303
frame0350.jpg 0.9077227258484146 -1.3347908588148274 68.85450699616406
frame0351.jpg 0.9057408507620308 -1.3307356099129304 66.70707388402695
frame0352.jpg 0.9115672765637456 -1.3334145541386009 71.84030698327163
frame0353.jpg 0.9159149590834594 -1.3345578431945977 67.02253411945532
frame0354.jpg 0.9279627616102318 -1.3400216220967471 72.96873662025308
frame0355.jpg 0.9320498433973156 -1.3411376497436782 73.41325484448093
frame0356.jpg 0.9383554510869484 -1.3442071897181127 73.69907576344802
frame0357.jpg 0.9382716587839064 -1.3441354829877834 73.73692990684712
frame0358.jpg 0.9455405015570071 -1.347518571614013 68.56048078419006
frame0359.jpg 0.9500360830769138 -1.3485958305894912 74.09432454171123
frame0360.jpg 0.9555983784454399 -1.3505434559386054 68.58055937595296
frame0361.jpg 0.9692014176429794 -1.3592707885032078 69.90554068352951
frame0362.jpg 0.9669292845549444 -1.3548410928170491 68.98886522818142
frame0363.jpg 0.971392980240155 -1.3560596184266125 75.40325587441977
frame0364.jpg 0.9791145725229132 -1.3597729568389731 69.1104077473184
frame0365.jpg 0.9826243504284188 -1.3603862903748678 76.08036841527417
frame0366.jpg 0.9887462066427136 -1.362415348170845 69.79031336831143
frame0367.jpg 0.9951353891703988 -1.3651761377830551 76.8951285020209
frame0368.jpg 1.0001538147617557 -1.3666304957746471 77.34086022902143
frame0369.jpg 1.0045463843256743 -1.3676160610793204 78.25325521118597
frame0370.jpg 1.0110166589551703 -1.3698862402758605 78.08691295193435
frame0371.jpg 1.0159840853489777 -1.3711944345186415 78.63103066803791
frame0372.jpg 1.0257672841294592 -1.3758537059959404 71.57877469872628
frame0373.jpg 1.0283501037128624 -1.3754687057673798 79.42905638698409
frame0374.jpg 1.0340752884828808 -1.3774730112633915 79.17518537505369
frame0375.jpg 1.0398829351659613 -1.379475369671089 79.94430842458654
frame0376.jpg 1.0580004053135186 -1.3900950955304132 73.26199273827514
frame0377.jpg 1.0657310710858487 -1.3934362620872605 74.09161417725953
frame0378.jpg 1.0623449810771497 -1.3868453862982262 73.09265533556662
frame0379.jpg 1.0672306529557751 -1.3882695315424334 81.75536129910022
frame0380.jpg 1.0741936920440986 -1.3907958586875906 73.40482959265564
frame0381.jpg 1.0738578235987863 -1.390544581985243 73.30472667498529
frame0382.jpg 1.0791229956901291 -1.3921975877258708 83.27116620313987
frame0383.jpg 1.0871897924544935 -1.3952335207818631 74.22414614107625
frame0384.jpg 1.0911673326820082 -1.395563198147289 74.07127779814088
frame0385.jpg 1.0970987835103267 -1.397353167752475 74.27262752044611
frame0386.jpg 1.102509355143371 -1.398742252934589 84.04974028705816
frame0387.jpg 1.1088305210246097 -1.400514386784583 74.53648976770405
frame0388.jpg 1.1145711906905515 -1.4020485786708925 75.00004840930065
frame0389.jpg 1.1212138120412587 -1.4041341907341824 75.39681857564847
frame0390.jpg 1.1253093221007082 -1.4045704533077012 85.6226338013594
frame0391.jpg 1.1315331969427946 -1.4061784697185846 75.671338269889
frame0392.jpg 1.1352700229186805 -1.4066460319027962 86.1617524636026
frame0393.jpg 1.141573524424146 -1.4081513789156124 76.01162716472969
frame0394.jpg 1.1482800877813573 -1.4100583804407545 76.45594107724287
frame0395.jpg 1.1535799089764631 -1.4110696797330906 76.42936244111118
frame0396.jpg 1.15888547737204 -1.4121324042223604 76.6973892509242
frame0397.jpg 1.1646790630433397 -1.4131185654831704 76.77863857836053
frame0398.jpg 1.1705280124195978 -1.4142696072177474 77.25979033716466
frame0399.jpg 1.1793475871403192 -1.4175702286928886 77.36626399019987
frame0400.jpg 1.1835068977794745 -1.4176765052439877 77.60179726494998
frame0401.jpg 1.1894999492000644 -1.4191911481267172 77.95145628424869
frame0402.jpg 1.2003063570380088 -1.4211094752786524 78.33779186500797
frame0403.jpg 1.2064560097122532 -1.4221909733119769 78.65420270151027
frame0404.jpg 1.2127539010230892 -1.423495976128652 78.48570480042892
frame0405.jpg 1.2127510202740726 -1.4234948187410732 78.48375861210891
frame0406.jpg 1.2175791424152356 -1.4238918497939324 78.8252664765423
frame0407.jpg 1.224216851484547 -1.4251793638939674 78.92636520444647
frame0408.jpg 1.2297075676135472 -1.4260107073026544 79.24334267216894
frame0409.jpg 1.2345822193890537 -1.426494552172112 79.53510706161549
frame0410.jpg 1.2420068263993786 -1.4286418459554495 79.36772646853125
frame0411.jpg 1.2478751968693371 -1.4295877936451091 79.89149559274908
frame0412.jpg 1.2555122855886007 -1.431544090694434 79.95390753464449
frame0413.jpg 1.2594079450678914 -1.4314142618516563 80.20146708650626
frame0414.jpg 1.2649632128189872 -1.4321784644359294 80.36046226398798
frame0415.jpg 1.2703176579575228 -1.4328256654974325 80.64304651232686
frame0416.jpg 1.2767121687491203 -1.4339200205119698 80.95393608430166
frame0417.jpg 1.28315074178291 -1.4350551872624382 81.06867894682753
frame0418.jpg 1.2904164875049773 -1.4364628651485067 81.24884001952792
frame0419.jpg 1.2951659325734817 -1.4364224138500985 81.42802348865558
frame0420.jpg 1.3007631121406495 -1.436719499520154 81.67710590993146
frame0421.jpg 1.3069275095652704 -1.4374751438795794 81.87726450116394
frame0422.jpg 1.3119258596511445 -1.4377513659178862 82.25410376138706
frame0423.jpg 1.3156887620604925 -1.4380217338273642 82.52868654975173
frame0424.jpg 1.319712178270137 -1.4391248901244311 82.93627330464355
frame0425.jpg 1.321922602028011 -1.4396257355581437 83.03265075365611
frame0426.jpg 1.3232748246907395 -1.4401770958369853 82.79248187832592
frame0427.jpg 1.3239055089847558 -1.4405124703256509 82.79874338263342
frame0428.jpg 1.3245400345459863 -1.440766099540919 82.76088230192492
frame0429.jpg 1.324813390353338 -1.4409260152023666 82.75890162284048
frame0430.jpg 1.3242830194694797 -1.4406263101528531 82.87456547188594
frame0431.jpg 1.3238938814552472 -1.4404073302648508 82.89903740777855
frame0432.jpg 1.3242356697037787 -1.4405819427231703 82.91612417927671
frame0433.jpg 1.3240035073747154 -1.4404451498982052 82.88111482715235
frame0434.jpg 1.323490283183805 -1.4401539043653029 82.92558676380324
frame0435.jpg 1.3242669955459467 -1.4406071901847737 82.84108107516565
frame0436.jpg 1.3234684280848898 -1.4401805914563228 82.99687932015739
frame0437.jpg 1.3236839047466005 -1.4402855002081691 82.97566836601185
frame0438.jpg 1.3233091537492288 -1.4400844577310428 82.84771348091
frame0439.jpg 1.3232128552211908 -1.440013996402848 82.86152843672802
frame0440.jpg 1.323786694732765 -1.4403562865538275 82.91611127008177
frame0441.jpg 1.3237201639397975 -1.4403273401998136 82.89061664569796
frame0442.jpg 1.3236861481868076 -1.4403076895626352 82.8995215500408
frame0443.jpg 1.3236767403104972 -1.440298160120193 82.79242499634383
frame0444.jpg 1.3235435489270129 -1.4402296175464964 82.91135010418365
frame0445.jpg 1.3237164427533623 -1.4403334323841954 82.80773894555456
frame0446.jpg 1.3239410693350606 -1.4404514270726725 82.92429560126209
frame0447.jpg 1.3237124128890043 -1.4403496056832767 82.78647933984993
frame0448.jpg 1.3238263173287947 -1.440399068505038 82.88712803426621
frame0449.jpg 1.3238015560900087 -1.44038159789179 82.92850298817184
frame0450.jpg 1.3232653444556326 -1.4400452605316387 82.78637520595673
frame0451.jpg 1.3236161307768166 -1.440259260937569 82.80064420481875
frame0452.jpg 1.323007793245858 -1.4398796711817796 82.80956082983846
frame0453.jpg 1.3230643606641803 -1.439909380349332 82.80804065908093
frame0454.jpg 1.3235820551658823 -1.4402156207907415 82.79467596102162
frame0455.jpg 1.3235333837262573 -1.4401986674216227 82.81196856335625
frame0456.jpg 1.323750520356186 -1.4403108269604423 82.86361686483521
frame0457.jpg 1.3231242496941205 -1.4399642016266532 82.8529781851572
frame0458.jpg 1.3235597083306008 -1.4402064491061697 82.85319902803451
frame0459.jpg 1.3237235228071031 -1.4402986880773758 82.86273014345852
frame0460.jpg 1.3238099811274369 -1.44035006554303 82.85358125787367
frame0461.jpg 1.323486741473349 -1.4401752989899568 82.87770547584704
frame0462.jpg 1.3238251444552582 -1.4403633580523865 82.90144608279475
frame0463.jpg 1.3235242113516337 -1.440202697981955 82.87852837414431
frame0464.jpg 1.323517413950304 -1.4401984732301962 82.87758789983056
frame0465.jpg 1.322926097689035 -1.4398576933545604 82.90498295102783
frame0466.jpg 1.3232517842741258 -1.4400355709610768 82.84876882313222
