frame0000.jpg 0.0 0.0 -0.0
frame0001.jpg 5.881768816207474e-06 0.0001804136141505864 0.014348244139826294
frame0002.jpg 1.6492074264461748e-05 0.00038132282633588396 0.05952177214790154
frame0003.jpg -1.3158289273410882e-05 5.177871031786058e-05 0.14510503177582676
frame0004.jpg -1.3158289273410882e-05 5.177871031786058e-05 0.14510503177582676
frame0005.jpg -1.3158289273410882e-05 5.177871031786058e-05 0.14510503177582676
frame0006.jpg -1.3158289273410882e-05 5.177871031786058e-05 0.14510503177582676
frame0007.jpg -6.6128716715490324e-06 0.00031021289720486555 0.16046365054196673
frame0008.jpg -6.627150813970281e-06 0.00030872906375940123 0.15991025183742966
frame0009.jpg -3.768184718803505e-06 0.00015442822179521798 0.13103295380840255
frame0010.jpg -6.940545995142797e-05 -0.0006364341474353085 0.20339698488810068
frame0011.jpg -7.251118534110108e-05 -0.0006203067805930398 0.24535219944009345
frame0012.jpg -4.250560321518776e-05 -0.0003610033402719684 0.22514337562899556
frame0013.jpg -3.75833796832002e-05 -0.00025813862768288515 0.22696454985657444
frame0014.jpg -6.981947848496367e-06 0.00014473399327894894 0.1533358959232445
frame0015.jpg -2.428702211450789e-05 -5.454039108805434e-05 0.1733314668778509
frame0016.jpg -6.077641318879471e-05 -0.0005107185704244028 0.2292618188182205
frame0017.jpg -6.077641318879471e-05 -0.0005107185704244028 0.2292618188182205
frame0018.jpg -6.077641318879471e-05 -0.0005107185704244028 0.2292618188182205
frame0019.jpg -5.5984812440331005e-05 -0.0004360628545010188 0.2403902004239514
frame0020.jpg -7.19062641545711e-05 -0.000685711718393481 0.25803350634366146
frame0021.jpg -7.30168498237871e-05 -0.0007104908029327179 0.2560687121167365
frame0022.jpg -5.378097798628951e-05 -0.00042403296134881584 0.2319077497679505
frame0023.jpg -4.448928730483184e-05 -0.0001844170618679072 0.2636016879549941
frame0024.jpg -5.683653552316821e-05 -0.0002022731958519529 0.26284436871334105
frame0025.jpg -5.295674023262232e-05 -0.0005434052906578932 0.19188050897952671
frame0026.jpg -5.10318532944555e-05 -0.0005202295297412487 0.20223311981443404
frame0027.jpg -6.22456269768506e-05 -0.0007961841476518684 0.2190279134337597
frame0028.jpg -5.489831515364674e-05 -0.00038802990169738616 0.09882126929363476
frame0029.jpg -1.2492513220772494e-05 0.00030294620822956137 0.03739646563023465
frame0030.jpg -6.895658473917878e-05 -0.0010847162585996939 0.1275272490915362
frame0031.jpg 2.4470502965019925e-05 -7.0686972939403565e-06 0.06186413917637872
frame0032.jpg -3.7874230742166216e-05 -0.0008223615193301046 0.08709259445844011
frame0033.jpg -4.16046677047569e-05 -0.0008186321899703204 0.10316851592922628
frame0034.jpg -3.940810228513406e-05 -0.0008239107772284209 0.08615284224064483
frame0035.jpg 3.442745039316973e-06 -3.609367181094178e-05 0.07458273495422647
frame0036.jpg -2.48413135560678e-05 -0.0006330589648578597 0.04929145957617487
frame0037.jpg -4.880954038562438e-06 -0.0001486058038503069 0.07671615394102155
frame0038.jpg -3.396981992491156e-05 -0.0007088156477123089 0.02487406376430372
frame0039.jpg -2.918148830471402e-05 -0.0007392493147895008 0.0851047830641895
frame0040.jpg -7.68577307842726e-05 -0.0013198720589877337 0.06534417581959459
frame0041.jpg -5.0709623907183145e-05 -0.0006078555242107098 0.053070976623587285
frame0042.jpg -5.475018165901052e-05 -0.0006362840816219308 0.05568497672521769
frame0043.jpg -2.2859071472998143e-05 -0.00018648831771741722 0.05232016816102508
frame0044.jpg -3.496298773503418e-05 -0.0003409575314800395 0.05269468088053897
frame0045.jpg -4.17797552556695e-05 -0.0004331699496845709 0.0630303799017536
frame0046.jpg -0.00016183094410889082 -0.002024080577298138 0.16641362600708182
frame0047.jpg -6.864327049436165e-05 -0.0009684193803364072 0.0475302481153772
frame0048.jpg -9.725483557690956e-05 -0.0013235302591069358 0.11464655121541065
frame0049.jpg -9.900763785505573e-05 -0.0012964395007487774 0.10776896553540867
frame0050.jpg -7.276181487758071e-05 -0.0007974057216704887 0.08589640079563969
frame0051.jpg -7.276181487758071e-05 -0.0007974057216704887 0.08589640079563969
frame0052.jpg -5.9026295475540784e-05 -0.0007651798283652207 0.07853431288266469
frame0053.jpg -0.00010347842743356546 -0.0013025582277406368 0.11517317091925812
frame0054.jpg -8.693351071745539e-05 -0.001032438865327451 0.0926043795150421
frame0055.jpg -9.899365147389681e-05 -0.0012274229835162365 0.08120481765493405
frame0056.jpg -9.065768015792108e-05 -0.0010608551894853756 0.08270033871292598
frame0057.jpg 3.076839701887016e-05 0.0005295543859645796 0.12734428858340388
frame0058.jpg 0.0003415127251762933 -0.0007194374924003403 -0.2444899532298454
frame0059.jpg 0.0006935088245434711 -0.0028558599565370823 -0.6486810088855142
frame0060.jpg 0.0007487970777160026 -0.004604123567293903 -0.9531934645606424
frame0061.jpg 0.0005673842288153883 -0.00935553760495714 -0.7513385545103732
frame0062.jpg 0.00038513822936078274 -0.014118279078090224 -0.9784399272626274
frame0063.jpg 0.00017276941762554767 -0.017586197474343108 -0.5731917972596037
frame0064.jpg 7.227939653262429e-05 -0.01977511974356786 -0.3540178093607465
frame0065.jpg -0.00014579493118118552 -0.02441738571045516 -0.3561049850914641
frame0066.jpg -0.00028661245190177885 -0.0265034875849834 -0.6868720963905576
frame0067.jpg -0.0005797252566823321 -0.03038194097834735 -0.5438066768835131
frame0068.jpg -0.0007374942879888952 -0.03623961946911698 -0.6536763088320543
frame0069.jpg -0.0011470268294104915 -0.04049232484223286 -0.15633753771422776
frame0070.jpg -0.0016304650293528762 -0.04564440126618307 -0.15178399488126268
frame0071.jpg -0.0021569325039502924 -0.050461939366003364 -0.4427733326933691
frame0072.jpg -0.002494380905385948 -0.053204524942295016 -0.4469389285723301
frame0073.jpg -0.00282501750411957 -0.05946662829164661 -0.611762393621995
frame0074.jpg -0.0032731971995109328 -0.06802637785149726 -1.01382649720894
frame0075.jpg -0.0034394911759617684 -0.07182838960495258 -1.03420224863878
frame0076.jpg -0.003699226096170951 -0.07782979019731302 -1.1221136686059412
frame0077.jpg -0.004037067384030396 -0.0832904675615763 -1.3614743081898386
frame0078.jpg -0.004272041994409465 -0.08933979048364732 -1.5262392712308541
frame0079.jpg -0.004692247867729174 -0.09542173107306404 -1.4869731961444757
frame0080.jpg -0.004519757406700639 -0.09537953419728837 -1.828464993826976
frame0081.jpg -0.004903378833144123 -0.10463740522318046 -1.7046573831503422
frame0082.jpg -0.005083762630148844 -0.10893128236592532 -1.8873168494698291
frame0083.jpg -0.0055257430864835 -0.11669527020637488 -1.7220337571599142
frame0084.jpg -0.0054689620218897105 -0.11830717147483945 -1.8207152268037168
frame0085.jpg -0.005860972436876922 -0.12348097900061293 -1.8491817366761367
frame0086.jpg -0.0060089851002942864 -0.12699235995336589 -1.8444926699122317
frame0087.jpg -0.006286561691442328 -0.1332769415204039 -1.8662562147390835
frame0088.jpg -0.006346591220662235 -0.1353664123241683 -1.8124288183773012
frame0089.jpg -0.006716616852617973 -0.14210792123326313 -1.3865608027212153
frame0090.jpg -0.006686266459233732 -0.13972772421238114 -1.6319975098008137
frame0091.jpg -0.007240738086815378 -0.14526592836424754 -1.5309600129822976
frame0092.jpg -0.007253022195183522 -0.14886300878530812 -1.4734413117071352
frame0093.jpg -0.00760685682311248 -0.15231933263595968 -1.4706088613018131
frame0094.jpg -0.00847122519155442 -0.15908255263177776 -1.5456631686320232
frame0095.jpg -0.009222466090725964 -0.16173509244684853 -1.8148804198384572
frame0096.jpg -0.010027794673974652 -0.1700177112555652 -1.689908273286275
frame0097.jpg -0.010298316627749448 -0.1797131186668365 -2.042573370385512
frame0098.jpg -0.01088351397251064 -0.1869882566616365 -1.9833597272288443
frame0099.jpg -0.010782796415584158 -0.18855441814257448 -1.9665806253062543
frame0100.jpg -0.010921206910284573 -0.19118332162346147 -1.860483347839391
frame0101.jpg -0.010995173254696242 -0.19542914717082785 -1.9042328952809282
frame0102.jpg -0.011748857172124205 -0.20609093588225236 -2.134597162709752
frame0103.jpg -0.012064404868780187 -0.2076776270581593 -2.1515392126245305
frame0104.jpg -0.012367794007240371 -0.2044570777155198 -2.20608274971556
frame0105.jpg -0.013002757385000448 -0.2098720342414108 -2.2129877646972447
frame0106.jpg -0.013769489102053705 -0.21811682229826088 -2.142402796021542
frame0107.jpg -0.014509758332726603 -0.22566081021809695 -1.9242019057151865
frame0108.jpg -0.015445126895349184 -0.23468135715008365 -2.013088939855256
frame0109.jpg -0.015679864583416116 -0.2401901658786082 -1.972509602237624
frame0110.jpg -0.016079771606045592 -0.2471178912346832 -2.1721313305120176
frame0111.jpg -0.016313802951864492 -0.25127176545524177 -2.037387932319453
frame0112.jpg -0.016596694868426548 -0.25292718859122704 -2.3179842718878856
frame0113.jpg -0.016567384612514925 -0.2490280102931397 -2.3953952063111204
frame0114.jpg -0.01681984433047131 -0.2551866432457931 -2.5437334368943465
frame0115.jpg -0.016664367651202886 -0.25006255230319624 -2.6691297137627568
frame0116.jpg -0.01735811095369472 -0.2617176463989371 -1.3540988072534164
frame0117.jpg -0.017716273310030967 -0.26345393316361226 -3.0449125183354515
frame0118.jpg -0.01791916664076483 -0.26673978016552274 -3.0448948412895134
frame0119.jpg -0.01880708475510491 -0.2759812098574001 -2.6088739150479103
frame0120.jpg -0.019671080502818718 -0.2862785156264545 -2.7409130666885013
frame0121.jpg -0.02007119125738693 -0.29305576680916035 -2.373714559354619
frame0122.jpg -0.020785610024352915 -0.3038114880357564 -2.3644073903585867
frame0123.jpg -0.02096685523096748 -0.3082014349749035 -2.1623952932542125
frame0124.jpg -0.02116714127143173 -0.30859436584763145 -2.2019447994643446
frame0125.jpg -0.021424888767053785 -0.3132468917645891 -2.517110630947617
frame0126.jpg -0.021495402492739752 -0.3115348235845246 -3.2454660398023134
frame0127.jpg -0.022077147833091868 -0.3204077491923295 -3.0341205220731107
frame0128.jpg -0.02231330458454403 -0.321784587337048 -2.0064949276955453
frame0129.jpg -0.022663410742944853 -0.3238201541963431 -3.1874069443101734
frame0130.jpg -0.023548781486583587 -0.3321761995580949 -3.214001772025577
frame0131.jpg -0.024256274800848042 -0.34189817351617585 -3.0559688723126155
frame0132.jpg -0.025035042953827448 -0.3498226830456995 -2.9962898690758544
frame0133.jpg -0.02574271349476273 -0.3584286832514241 -2.490611881626854
frame0134.jpg -0.02619671544069032 -0.3618273912770167 -3.0643052575450467
frame0135.jpg -0.026473790224691925 -0.3622417725844424 -3.0602759642414923
frame0136.jpg -0.02682539480554069 -0.36219160782435295 -2.897471586723917
frame0137.jpg -0.02701531448799113 -0.3608005805101325 -3.310588072842928
frame0138.jpg -0.02775970536157641 -0.3681520152706079 -3.5822300127802267
frame0139.jpg -0.0285893657281467 -0.37696332385396464 -3.3126271504493747
frame0140.jpg -0.02944246317628872 -0.3897244955238837 -2.8918481767376765
frame0141.jpg -0.029910918176096837 -0.39363399782684144 -2.8127514700300966
frame0142.jpg -0.03031132582746527 -0.4008961660988917 -2.6271569051235137
frame0143.jpg -0.030590764648423894 -0.4028291453890797 -2.8433134293457454
frame0144.jpg -0.030965351311678126 -0.4056311150261699 -1.8508739249901875
frame0145.jpg -0.03125836540704253 -0.405863498145238 -2.7627610447028563
frame0146.jpg -0.03130526720623432 -0.3957249710384553 -3.12578491689929
frame0147.jpg -0.03243677151865604 -0.41457657891762745 -3.2808390364378432
frame0148.jpg -0.03318058870878273 -0.42390381879945205 -2.9323708729927747
frame0149.jpg -0.033951634695877864 -0.4335401191834221 -2.875915087896922
frame0150.jpg -0.03450870646064227 -0.4399341704418129 -3.199111379260562
frame0151.jpg -0.03506266622596905 -0.4450503973051176 -2.898003050652028
frame0152.jpg -0.03550150755460643 -0.4497964527827933 -2.261686165138788
frame0153.jpg -0.03573295167412417 -0.4500432922698872 -3.1683338236592946
frame0154.jpg -0.036012404828269104 -0.4511490690987813 -3.849280881569371
frame0155.jpg -0.03642264816612697 -0.4510789455227114 -4.234657382594732
frame0156.jpg -0.036656375844378544 -0.4544231748541312 -3.0965934017843075
frame0157.jpg -0.03756682895236005 -0.4654087228461704 -3.4129631642548133
frame0158.jpg -0.0381938788074066 -0.4731461388637538 -3.3275108777107785
frame0159.jpg -0.038808521868018635 -0.48355979248755604 -3.5760780742178566
frame0160.jpg -0.03927381585104603 -0.4856127348453523 -3.584352092442072
frame0161.jpg -0.039746897705959065 -0.48921585518771 -3.558965503037787
frame0162.jpg -0.0402149176777775 -0.494672044894141 -3.3383347205920395
frame0163.jpg -0.04052721052580637 -0.4984922334299142 -3.2972927189167813
frame0164.jpg -0.04081906428894457 -0.4994317683600972 -3.586278320472711
frame0165.jpg -0.0411496583178458 -0.5029999334281927 -3.4761020314658064
frame0166.jpg -0.04157246859398807 -0.5076408916131575 -3.0391589555943903
frame0167.jpg -0.04211470614020304 -0.5154943456124703 -3.3306652828818466
frame0168.jpg -0.042493916611802816 -0.5213632912232979 -3.3802294572039804
frame0169.jpg -0.04316925446448802 -0.5297403321850369 -3.847590489407828
frame0170.jpg -0.04393933528617562 -0.5341264670735075 -4.285258166686882
frame0171.jpg -0.04448424183621282 -0.5359906976219746 -4.085715015495539
frame0172.jpg -0.04526226731829314 -0.543229160747346 -3.8332986110786766
frame0173.jpg -0.045728219778101376 -0.5447591662490227 -4.241951318068846
frame0174.jpg -0.045833946915038073 -0.5376803976766217 -4.202790682881
frame0175.jpg -0.046643675736867576 -0.5539724413541959 -3.4227951857315437
frame0176.jpg -0.047224902266538665 -0.5607467400825223 -3.844646026380605
frame0177.jpg -0.04777158202577226 -0.5664117450686935 -4.382383978303826
frame0178.jpg -0.04829260115087726 -0.5725319380405618 -4.58830569436451
frame0179.jpg -0.04862418226778578 -0.5660128104745009 -4.412675592698245
frame0180.jpg -0.049479293874623034 -0.5811063356936402 -3.720387046571668
frame0181.jpg -0.049479293874623034 -0.5811063356936402 -3.720387046571668
frame0182.jpg -0.0504470285743157 -0.5882503271091573 -3.059723870764996
frame0183.jpg -0.051156404429534584 -0.5937988489526435 -3.9027972445309707
frame0184.jpg -0.05210239050166053 -0.6020269884181608 -4.609082378354919
frame0185.jpg -0.05268017749181031 -0.5960067141030455 -5.101543518912237
frame0186.jpg -0.053608631028605004 -0.6104914533681423 -3.544222428904604
frame0187.jpg -0.05434330050184125 -0.6145045151988315 -4.651474308633843
frame0188.jpg -0.05486601266773288 -0.6172512028600143 -3.0084222097963442
frame0189.jpg -0.055124151387065216 -0.6219609504900679 -3.192216218626
frame0190.jpg -0.05552472147604066 -0.6267303369896657 -3.837873429306668
frame0191.jpg -0.05617153609538714 -0.6328512628674239 -4.676129856520271
frame0192.jpg -0.056880091068505736 -0.6381964381731965 -5.24572348875547
frame0193.jpg -0.0576091672359269 -0.6416908901865243 -5.4536139861879525
frame0194.jpg -0.0579240313173286 -0.6389370687128425 -4.834140673237921
frame0195.jpg -0.05855588898894126 -0.6510932816019369 -5.755171292022768
frame0196.jpg -0.05921510396093889 -0.6552069597859405 -3.8577982887681164
frame0197.jpg -0.05991634369960695 -0.6534729118532185 -4.531944023153343
frame0198.jpg -0.060885483702724126 -0.6648803201240643 -5.31583834546178
frame0199.jpg -0.061532580289564924 -0.6650729989589402 -6.067712038952676
frame0200.jpg -0.06212098301332334 -0.6697510969552161 -4.990725171393971
frame0201.jpg -0.06268244954178248 -0.6785986893645694 -4.423112142979641
frame0202.jpg -0.06331716765661026 -0.6857837576165898 -5.495126077106393
frame0203.jpg -0.06382173963393498 -0.6893497004496167 -3.7848107445588495
frame0204.jpg -0.06439451281783735 -0.6904663676602489 -5.253979691625826
frame0205.jpg -0.06441631087351021 -0.6900800995840568 -5.6845988064265525
frame0206.jpg -0.06537084912534602 -0.7042673706312914 -5.259943400261491
frame0207.jpg -0.06593547976841271 -0.7108144050560958 -5.396214697051292
frame0208.jpg -0.06666251824789725 -0.7149847070348346 -5.181008535066698
frame0209.jpg -0.0673498341751173 -0.714430223949021 -4.529167382008802
frame0210.jpg -0.06796525830597751 -0.7241718920471253 -4.050718301023259
frame0211.jpg -0.06877557507238782 -0.7285538704991543 -5.7602622736835905
frame0212.jpg -0.06965374076177808 -0.7286747722494425 -5.169698026158623
frame0213.jpg -0.07022709581009738 -0.7376292954652799 -4.981036079931888
frame0214.jpg -0.07068340028252958 -0.7386184602638229 -5.000558898842475
frame0215.jpg -0.07111770308281573 -0.7434911054991953 -4.867337643732647
frame0216.jpg -0.07178812914122683 -0.7490367615762089 -6.052821751241026
frame0217.jpg -0.07238058699308761 -0.7542945866276242 -4.784174576655554
frame0218.jpg -0.07300052328098874 -0.7606926297629683 -4.410347654181326
frame0219.jpg -0.07385864472314407 -0.7617288136455043 -5.002144552332808
frame0220.jpg -0.07452673088755321 -0.7721319042167349 -5.682783985418067
frame0221.jpg -0.07535051011910343 -0.7778152158091708 -5.494190215911158
frame0222.jpg -0.07618128735037992 -0.7794832117202671 -5.104944863153988
frame0223.jpg -0.07697883496377388 -0.7869593338470408 -6.127069740002877
frame0224.jpg -0.07771699007015594 -0.7922751565126157 -4.853763586117704
frame0225.jpg -0.07869801552488283 -0.795834071303141 -5.586200420280019
frame0226.jpg -0.07948914721499924 -0.8001328627053286 -5.201604538788113
frame0227.jpg -0.08010392383300972 -0.8042540775783545 -6.020174607989294
frame0228.jpg -0.08067853656901189 -0.8103228646409162 -5.700286202271483
frame0229.jpg -0.08067627246742062 -0.8104182178499403 -5.796751812166188
frame0230.jpg -0.08139421185558897 -0.8149296997282256 -4.898848472531727
frame0231.jpg -0.0827844547133175 -0.8251493542367758 -5.763358083806133
frame0232.jpg -0.0834246089913204 -0.8311224798897896 -5.763292983461539
frame0233.jpg -0.08418576262302732 -0.8354862903418208 -5.7705017651701285
frame0234.jpg -0.08531858991000309 -0.8361555823412676 -6.054837013286878
frame0235.jpg -0.08591578196199039 -0.8432603377766056 -5.512737105634639
frame0236.jpg -0.08653147348428261 -0.8497070313909786 -5.689856271763531
frame0237.jpg -0.08716385641132694 -0.8539152285801093 -5.561138477929517
frame0238.jpg -0.08814551438615069 -0.8572130945436824 -6.9188971570332125
frame0239.jpg -0.0888141272414275 -0.8621482758368624 -6.162894490305676
frame0240.jpg -0.08970929270550693 -0.8653996797715453 -5.0259367727587145
frame0241.jpg -0.09026043172546383 -0.8724067855199441 -6.159380388135368
frame0242.jpg -0.0909803467999062 -0.8759558803865692 -5.435439259755008
frame0243.jpg -0.09164290859155648 -0.8822195530476223 -5.775028788337709
frame0244.jpg -0.09237941677039856 -0.8873348068308494 -6.031733399605033
frame0245.jpg -0.09349258627389304 -0.8898372456035933 -6.359132999275055
frame0246.jpg -0.0939971269727797 -0.8961397423995007 -6.5056841144714035
frame0247.jpg -0.09456673354997537 -0.9012784432090742 -6.339039921622617
frame0248.jpg -0.09521072463163548 -0.9059451505051442 -6.147020144577378
frame0249.jpg -0.09574216202428128 -0.911852543987756 -5.9592090853745745
frame0250.jpg -0.09677200929958188 -0.914436242768558 -6.572444452120676
frame0251.jpg -0.09753137390913612 -0.9186928649737872 -5.664003460013883
frame0252.jpg -0.09808853124705022 -0.9252178474505484 -6.59565180180407
frame0253.jpg -0.09875246558795978 -0.9300290313425102 -6.896790868343087
frame0254.jpg -0.09925948106831614 -0.9350213804614282 -5.8361989740288625
frame0255.jpg -0.09990507091920084 -0.9417859711920064 -6.880863358059781
frame0256.jpg -0.10112864199788366 -0.9430687325829878 -6.504804009743148
frame0257.jpg -0.10166035073362398 -0.9492022236677016 -6.125877020287953
frame0258.jpg -0.10287390408400383 -0.9518267596577124 -6.1519138367748605
frame0259.jpg -0.10344375016306 -0.9604966494509244 -6.842736852690639
frame0260.jpg -0.10475864684814863 -0.962513862020974 -6.328626148942858
frame0261.jpg -0.1056172190088154 -0.9676584624626896 -5.936412062790966
frame0262.jpg -0.10658284686196967 -0.9716389830148292 -6.377016198251014
frame0263.jpg -0.10702053564509187 -0.9780965493522072 -5.973839112260425
frame0264.jpg -0.10782415572863807 -0.983660283864928 -6.157719476358937
frame0265.jpg -0.10904883084868404 -0.9869360450565972 -6.265926331847666
frame0266.jpg -0.11020138026098376 -0.9906314746245292 -6.8104627610556205
frame0267.jpg -0.11069219396932001 -0.9975940635130656 -6.320549420760435
frame0268.jpg -0.11180531860784794 -1.0017216440007526 -6.477698606167017
frame0269.jpg -0.11278218176905278 -1.0064553495863129 -6.589234745169022
frame0270.jpg -0.1132728807902062 -1.01288318863772 -7.2100428193853086
frame0271.jpg -0.11400501872045142 -1.0180735517754442 -6.565765068925593
frame0272.jpg -0.11506979818422508 -1.0222455576408191 -7.018514669077613
frame0273.jpg -0.11588800443318033 -1.0272714515012902 -6.575896557853876
frame0274.jpg -0.11660567252970645 -1.03312380790249 -7.484152973654933
frame0275.jpg -0.11763929414543453 -1.0365816804272359 -6.774385663975901
frame0276.jpg -0.1185513422257329 -1.0409544137008402 -6.629577092479769
frame0277.jpg -0.11956560222288776 -1.0453436244851468 -6.625172987677429
frame0278.jpg -0.12072467009198437 -1.049829983894981 -6.8173351299249
frame0279.jpg -0.12073044276577087 -1.057084319107351 -7.416908111354663
frame0280.jpg -0.12176549397386315 -1.0611986140413043 -7.272760176047955
frame0281.jpg -0.12278921096444048 -1.0653574598959057 -7.243908571912423
frame0282.jpg -0.12374981662163614 -1.0693247025443542 -6.969337972949817
frame0283.jpg -0.124109688783538 -1.0749817896645095 -6.908312899351575
frame0284.jpg -0.12518005137158547 -1.0799572420943269 -7.661177827693992
frame0285.jpg -0.12618440144912796 -1.0839065579577951 -6.9881086386061915
frame0286.jpg -0.1269033696607618 -1.0887517771015658 -6.962301782878512
frame0287.jpg -0.12765043174365062 -1.0943604543714374 -7.262310414690267
frame0288.jpg -0.1284797724502057 -1.099383089336761 -7.075282383487965
frame0289.jpg -0.1288192261483172 -1.1037462394971305 -7.000583096909173
frame0290.jpg -0.1292144126662857 -1.1090640109064782 -7.5174694563588425
frame0291.jpg -0.1298252769129562 -1.1136986872828374 -7.252383493833673
frame0292.jpg -0.1308735419976958 -1.1179013206378132 -7.1688830176728375
frame0293.jpg -0.13172339417760007 -1.1231540076582622 -7.742052928852393
frame0294.jpg -0.1331283167619701 -1.1267318939295343 -6.993478968323369
frame0295.jpg -0.13337492504993484 -1.132331020115148 -7.607017014987305
frame0296.jpg -0.1352234323245905 -1.1365546742342076 -7.171588066872442
frame0297.jpg -0.13570082503579192 -1.1422015991603802 -7.240844776739683
frame0298.jpg -0.13658330127949134 -1.1470144903703954 -7.227884790079184
frame0299.jpg -0.13730251216427414 -1.152132249020331 -7.336266740692708
frame0300.jpg -0.13835514962303933 -1.1570061704575314 -7.432811051906898
frame0301.jpg -0.13835514962303933 -1.1570061704575314 -7.432811051906898
frame0302.jpg -0.14047728477128235 -1.1663334431213024 -7.478724639164865
frame0303.jpg -0.14100516657149942 -1.1712090786066995 -7.382024022108227
frame0304.jpg -0.14184401530955762 -1.176535238857747 -7.682222102625978
frame0305.jpg -0.14261751182547236 -1.1812268784302848 -7.391306400863139
frame0306.jpg -0.14490911779535948 -1.185634314883956 -7.13501132662048
frame0307.jpg -0.14555227288207226 -1.1905259735882432 -7.498608053437374
frame0308.jpg -0.14578145335910858 -1.1957193265059436 -7.763808481661999
frame0309.jpg -0.14657004810147992 -1.200589845677242 -7.677811442298571
frame0310.jpg -0.1474876201706748 -1.2051806263079612 -7.711222957633389
frame0311.jpg -0.14882328989540558 -1.2100811081203076 -7.464314150980121
frame0312.jpg -0.14932221976210236 -1.2150669406739452 -8.100847348839594
frame0313.jpg -0.15046917673017726 -1.2199568333842945 -7.834227191680598
frame0314.jpg -0.15265456234266533 -1.2247443024429572 -7.521808098299509
frame0315.jpg -0.15357132720623973 -1.2294049350814975 -7.5687732059148045
frame0316.jpg -0.15320335147703965 -1.2339842444455005 -8.006083675827075
frame0317.jpg -0.15534787755345042 -1.239314279782005 -7.726227911059756
frame0318.jpg -0.1547838604559023 -1.2432505359721535 -8.041996537393251
frame0319.jpg -0.15564081981549005 -1.2481223001352357 -8.039477703469082
frame0320.jpg -0.15662621081592498 -1.2527842905077018 -8.334601085351473
frame0321.jpg -0.15754661249217256 -1.257915494483921 -8.230168391747952
frame0322.jpg -0.15844151290758274 -1.2623751021487826 -8.14924436422304
frame0323.jpg -0.15946223152115965 -1.2668925201774264 -8.419565343893042
frame0324.jpg -0.16163284655957155 -1.2725367463960913 -7.8487653735015925
frame0325.jpg -0.1613523956789791 -1.276703777438573 -8.428444874084505
frame0326.jpg -0.16130932527907907 -1.2766636482729583 -8.434698035204553
frame0327.jpg -0.16332737149971038 -1.286543949638307 -8.042797178798775
frame0328.jpg -0.16399592377906927 -1.2907939960214243 -8.248470178083434
frame0329.jpg -0.16505066612085198 -1.2958495610963283 -8.271905543707447
frame0330.jpg -0.16586244960571864 -1.30051617715255 -8.578531851395093
frame0331.jpg -0.16639090551856367 -1.3052702314675242 -8.503042893252063
frame0332.jpg -0.16707092140672106 -1.3094944428415702 -8.624141328759318
frame0333.jpg -0.1678847423665406 -1.3144066433070314 -8.276394705326659
frame0334.jpg -0.17042607355279993 -1.3212826441119117 -7.917038357734857
frame0335.jpg -0.17134114696710034 -1.3261685767474485 -8.234182908951581
frame0336.jpg -0.17075331953032666 -1.3290176105902194 -8.520492320083838
frame0337.jpg -0.17133504132240931 -1.3329434027918716 -8.36518167972193
frame0338.jpg -0.17258418490456334 -1.338070362235411 -8.44888068404371
frame0339.jpg -0.1741730791401118 -1.3433444852335494 -8.551753771047077
frame0340.jpg -0.17521834640987338 -1.3477849633489536 -8.760755533574457
frame0341.jpg -0.17700166010938068 -1.3536676204215286 -9.019086050684805
frame0342.jpg -0.17710138381376506 -1.3575009440521932 -9.193398726049582
frame0343.jpg -0.17926967353348644 -1.3640005410608227 -8.625775008162
frame0344.jpg -0.18046466809737555 -1.3692196559654906 -8.498939746399426
frame0345.jpg -0.1793068973703589 -1.3710644433065755 -9.760191767999347
frame0346.jpg -0.18048494922750144 -1.3763669248026844 -8.797811220783247
frame0347.jpg -0.18136005565292 -1.3807944764264342 -9.049112138330157
frame0348.jpg -0.1821809531335104 -1.3853317036194095 -10.10702619634768
frame0349.jpg -0.1831752233239756 -1.3903572588765996 -9.342106694861439
frame0350.jpg -0.1844588769315528 -1.3952984649136095 -10.170264621097195
frame0351.jpg -0.1853209697110116 -1.3989869929360323 -10.044260734192255
frame0352.jpg -0.18733585411925047 -1.4053677902110933 -9.28514792044235
frame0353.jpg -0.1875609769954582 -1.409117828616566 -9.387814200436964
frame0354.jpg -0.18802854114399428 -1.4127720578337253 -10.367569119326012
frame0355.jpg -0.18952408505674667 -1.4177752184134345 -10.600414349301756
frame0356.jpg -0.19046694292324493 -1.4223051138300158 -9.70339004094598
frame0357.jpg -0.19124314581242471 -1.4265573796803108 -9.704406571235939
frame0358.jpg -0.1930759546127787 -1.4324668134241036 -9.642662200471227
frame0359.jpg -0.1962445828784225 -1.4403224969378008 -8.760824911631412
frame0360.jpg -0.1950391871329764 -1.4408333385819665 -10.503308690357011
frame0361.jpg -0.1961977883203276 -1.4462434207212838 -9.48046478167645
frame0362.jpg -0.1964200623828734 -1.4495537281671302 -9.858160163952961
frame0363.jpg -0.1993537782090884 -1.4578085497223898 -10.562570896442024
frame0364.jpg -0.1985055159563178 -1.4588844445095073 -10.703617121663115
frame0365.jpg -0.1994073924391601 -1.4636735285245803 -9.730835123298274
frame0366.jpg -0.2007535525295864 -1.46929457289183 -10.867992903608188
frame0367.jpg -0.2022696454849677 -1.4755659880382548 -9.552647202883794
frame0368.jpg -0.2023239719917124 -1.4785632535604265 -9.819811760675186
frame0369.jpg -0.20399158117625596 -1.4842584717216325 -9.940432724374505
frame0370.jpg -0.2048047041219124 -1.4891580852485982 -9.781550234860935
frame0371.jpg -0.2054154342043908 -1.4934473573792553 -9.722306474388498
frame0372.jpg -0.20669394793412385 -1.4985140691264742 -11.513229707150447
frame0373.jpg -0.20669563371700156 -1.4985183707617702 -11.50694719878692
frame0374.jpg -0.20931049295987927 -1.50918255356993 -9.818752658494411
frame0375.jpg -0.20980440096244496 -1.5128294263144952 -11.036377708839002
frame0376.jpg -0.21089309136934214 -1.517828454340913 -9.89880539319974
frame0377.jpg -0.21247517904347035 -1.5236839017113049 -9.918587093534088
frame0378.jpg -0.21306956477153624 -1.5269303855373586 -9.944595296730657
frame0379.jpg -0.2139014445491334 -1.5321214288721798 -10.054149401095962
frame0380.jpg -0.2146528540565219 -1.5365966817486862 -9.954549068772133
frame0381.jpg -0.2160274630347904 -1.541523717824018 -10.325510974630577
frame0382.jpg -0.21798019870660615 -1.5481932146923627 -10.038453647421653
frame0383.jpg -0.21794566383973876 -1.550718393332828 -10.0266461019034
frame0384.jpg -0.21943262774049185 -1.5565739738721431 -10.21051833496125
frame0385.jpg -0.22483355722633994 -1.5714499266024016 -9.918804443579543
frame0386.jpg -0.22144796742367204 -1.5656678014980776 -10.222533360794886
frame0387.jpg -0.2225984426597578 -1.5707397864702133 -10.419135243026515
frame0388.jpg -0.22374103233385048 -1.5756387405774723 -10.536192063042627
frame0389.jpg -0.22474665711739789 -1.5800582106232597 -12.529834716352505
frame0390.jpg -0.2258725140169849 -1.5844503400994 -12.682536950317148
frame0391.jpg -0.22653449164944886 -1.5882298251732634 -10.46966298963844
frame0392.jpg -0.2285727145921929 -1.5949095152627488 -10.468748455991948
frame0393.jpg -0.22905441335149665 -1.5975984319472571 -10.447122572896706
frame0394.jpg -0.2301131645585721 -1.602194329632182 -10.627468485092617
frame0395.jpg -0.23184059552343586 -1.6084833265008096 -10.779106278226747
frame0396.jpg -0.23276074657813894 -1.6131210774434552 -13.033072249481528
frame0397.jpg -0.2341808614014617 -1.6182802751926728 -10.292253635972873
frame0398.jpg -0.2353253998435265 -1.623406433383376 -10.47225514714538
frame0399.jpg -0.2372206464443237 -1.630109173061301 -10.656607810279018
frame0400.jpg -0.23779250430149296 -1.6331270449293742 -10.422364623003586
frame0401.jpg -0.23860597583218304 -1.6374362933718456 -10.642562021743037
frame0402.jpg -0.2451955594143253 -1.6559574736949043 -10.218585838628966
frame0403.jpg -0.2409914880664152 -1.647426094229815 -10.576950649143123
frame0404.jpg -0.2416074535952083 -1.6510466515934386 -10.3890024780684
frame0405.jpg -0.2433297090137409 -1.657552840771258 -10.57596510559172
frame0406.jpg -0.2440986052707235 -1.6619247903717476 -10.634078054646505
frame0407.jpg -0.24558657586577196 -1.6674670147762936 -10.720310317013263
frame0408.jpg -0.2458961734162536 -1.6707661395391138 -13.347605448686194
frame0409.jpg -0.24699473282520365 -1.6758372092076799 -10.773056304684177
frame0410.jpg -0.2492911147963328 -1.683588341779469 -10.839861456664169
frame0411.jpg -0.2496704263352495 -1.6863725077107723 -10.591716784695326
frame0412.jpg -0.25041304878337645 -1.689851668120156 -10.565351400864612
frame0413.jpg -0.25223835408638706 -1.6959507338452298 -10.671449924825
frame0414.jpg -0.2531224601226775 -1.6999471912086368 -10.71677988662868
frame0415.jpg -0.2538511289546777 -1.7035528128954318 -10.690109879252836
frame0416.jpg -0.2555569872371067 -1.7101967097035202 -10.93023547158575
frame0417.jpg -0.2564127027141884 -1.7141388850419523 -13.823804504358653
frame0418.jpg -0.2574632480356826 -1.7181361224910463 -10.954158719281814
frame0419.jpg -0.2582985575778187 -1.7203895217512688 -11.005443911749508
frame0420.jpg -0.2598259006378376 -1.7233928748057783 -11.064494000177126
frame0421.jpg -0.2599010254878233 -1.7230305151302885 -14.228223969637845
frame0422.jpg -0.2601651598978253 -1.723084199843801 -14.377212554307365
frame0423.jpg -0.2600698132534965 -1.7226422961984469 -14.587778310350053
frame0424.jpg -0.2606050934121529 -1.7240965093220575 -11.187850916644221
frame0425.jpg -0.2607980507436994 -1.7247787786753317 -11.37228217580032
frame0426.jpg -0.2606233994225452 -1.7243056688370124 -11.358422756212828
frame0427.jpg -0.2605851297099981 -1.7241961113480992 -11.358900690026257
frame0428.jpg -0.26045274114530725 -1.7239061145086678 -11.3573476878135
frame0429.jpg -0.2602932884892073 -1.7234506324031906 -14.417197334627788
frame0430.jpg -0.2607331711784833 -1.7245887783079668 -11.323400524716686
frame0431.jpg -0.2610284139627412 -1.7254414906874032 -11.300821645954347
frame0432.jpg -0.2604454024396756 -1.7238874689932426 -11.360975921406608
frame0433.jpg -0.26080123427034163 -1.7248115095563157 -11.307600442597732
frame0434.jpg -0.26020085561745593 -1.7232890316306315 -14.474791767205259
frame0435.jpg -0.2606574350187544 -1.7245084086213651 -11.213864746446236
frame0436.jpg -0.26020122871709983 -1.7232899944826532 -14.506342284692217
frame0437.jpg -0.2601550182661588 -1.7231583627788558 -14.521022222251444
frame0438.jpg -0.2606603240305825 -1.7245081325308949 -11.27630826175005
frame0439.jpg -0.2605637305931806 -1.724213328741771 -11.247272882468625
frame0440.jpg -0.26053444176109164 -1.7241393933054496 -11.269236551507769
frame0441.jpg -0.2610175933540089 -1.725472608515192 -11.36687189607006
frame0442.jpg -0.26011433259820155 -1.7230465294464037 -14.467294242156447
frame0443.jpg -0.2601308412932204 -1.7230782265486124 -14.483015903955016
frame0444.jpg -0.260690807833428 -1.72458920127338 -11.258654857559712
frame0445.jpg -0.26065818197812624 -1.7244817612333745 -11.224700509742332
frame0446.jpg -0.2607724921777098 -1.7247983672408065 -11.29350813915755
frame0447.jpg -0.2607048970042411 -1.7246374324784617 -11.322361044282337
frame0448.jpg -0.26070270560459874 -1.7246359518301764 -11.334274910956873
frame0449.jpg -0.2601267332245498 -1.7230443380250509 -14.540342304187831
frame0450.jpg -0.26029365060500914 -1.7235487005545136 -14.44162018708497
frame0451.jpg -0.263441309147308 -1.7319226586251937 -11.145400246875772
frame0452.jpg -0.2603815694951221 -1.7236985451468456 -14.36894962565054
frame0453.jpg -0.26328698563431063 -1.7314271238845294 -11.11032823306748
frame0454.jpg -0.2604325916535804 -1.723924995621133 -14.35338287517543
frame0455.jpg -0.260388348823024 -1.7237725604511864 -14.405062205767267
frame0456.jpg -0.26137048579616706 -1.7264153301435081 -11.341559779732664
frame0457.jpg -0.2612115078434893 -1.7259674266525111 -11.353852645015236
frame0458.jpg -0.26074321631782554 -1.724706171044286 -11.435938152235515
frame0459.jpg -0.2607328257890253 -1.7246753319849637 -11.420018039815883
frame0460.jpg -0.2607519854660945 -1.7247421286724167 -11.398988027932875
frame0461.jpg -0.2606992000084966 -1.7245965508535308 -11.382961546276938
frame0462.jpg -0.26064940828097444 -1.7244689413448926 -11.302383733869881
frame0463.jpg -0.2607048785713293 -1.724592286231988 -11.392695180004536
frame0464.jpg -0.26071676699957924 -1.7245944700366886 -11.303851157193087
frame0465.jpg -0.2606279032599932 -1.7243667763350334 -11.311368913320525
frame0466.jpg -0.2603799323073656 -1.7237274282145159 -11.37711485332027
frame0467.jpg -0.26068655416708475 -1.7245481824173212 -11.347842580621426
frame0468.jpg -0.2608007868975927 -1.724836973259472 -11.347041367083015
frame0469.jpg -0.2606973522047313 -1.7245886679071976 -11.329168639458787
frame0470.jpg -0.26080778604946697 -1.7248551915535026 -11.353292561389067
frame0471.jpg -0.2610464755456641 -1.7254838310544685 -11.332075657783944
frame0472.jpg -0.2609553472799373 -1.7252443388600596 -11.320646283287342
frame0473.jpg -0.2603113961795485 -1.7235362645989352 -14.457007018005411
frame0474.jpg -0.26038279677217546 -1.7237186112541232 -14.253366546650081
frame0475.jpg -0.2603932267312332 -1.7237521454362683 -14.256460629468894
frame0476.jpg -0.2609626107106019 -1.7253212513728768 -11.31810894043364
frame0477.jpg -0.26098308019975497 -1.7253655642393138 -11.314769914993127
frame0478.jpg -0.2603805623197517 -1.7237285285238317 -14.318458139777984
frame0479.jpg -0.2608519571761938 -1.724952499415229 -11.296683965939446
