frame0000.jpg -0.0 0.0 -0.0
frame0001.jpg 0.00138487649801725 0.0007689110467598973 -0.008552675165347872
frame0002.jpg 0.0011953895797431214 0.0006946792940933338 -0.04716016565968799
frame0003.jpg 0.001471424233963322 0.0008263376890260661 0.01181554927260861
frame0004.jpg 0.0013958325530258927 0.0007816249473526532 0.03464299845370178
frame0005.jpg 0.0013958325530258927 0.0007816249473526532 0.03464299845370178
frame0006.jpg 0.0013958325530258927 0.0007816249473526532 0.03464299845370178
frame0007.jpg 0.001475564889178069 0.0008219004801007624 0.01027445981763885
frame0008.jpg 0.001475564889178069 0.0008219004801007624 0.01027445981763885
frame0009.jpg 0.001475564889178069 0.0008219004801007624 0.01027445981763885
frame0010.jpg 0.0012822271121610644 0.0007279497100796155 0.005215168937080372
frame0011.jpg 0.0009227708064235774 0.0005419464292793108 -0.028064677881493662
frame0012.jpg -1.2866985983488769e-05 7.944887100390054e-06 -0.059588966057679826
frame0013.jpg 0.0005163397469147247 0.0003002876134683998 0.08263717144840027
frame0014.jpg -9.007279379402884e-05 -4.386495276022481e-05 0.05321791741363946
frame0015.jpg -0.00037625959729381233 -0.00021647755829175839 -0.005002545435747143
frame0016.jpg -0.0003097468212278105 -0.00018767581368547959 -0.021885100842510892
frame0017.jpg 0.00021038961576654806 9.99583088979717e-05 -0.1876253081528866
frame0018.jpg -0.00013160019724427552 -1.7050647717387627e-05 0.31239415113245905
frame0019.jpg -0.00013612958857205342 -8.760549632202292e-05 0.050272017197466434
frame0020.jpg 0.00019538178569931573 9.043999122690163e-05 0.039539368697844066
frame0021.jpg 0.0010089301689796288 0.0005770543178696034 -0.1033751971029486
frame0022.jpg 0.00034005366790092157 0.0002214471360131483 -0.1097120038554169
frame0023.jpg 0.00039683314969476367 0.00021930023480751145 -0.1508858631043291
frame0024.jpg 0.0007091681556350972 0.00038823502622460963 -0.17909130510603832
frame0025.jpg 0.000584531772081343 0.00032730781541799933 -0.19736174791497552
frame0026.jpg 0.0012673003803725972 0.0006991014873154272 -0.14504796264024047
frame0027.jpg 0.0011981563285081648 0.0006728307063022819 -0.22250011355071175
frame0028.jpg 0.0010495365120075737 0.0006002582567348478 0.04202955341433154
frame0029.jpg 0.0008236307369787878 0.00048646862866209503 0.03019149509793028
frame0030.jpg -0.00019116337227596022 -0.00010472980201070555 0.2969568151529401
frame0031.jpg 7.717735092909742e-05 5.689762566204874e-05 0.050871650238508016
frame0032.jpg -0.00010929774102208494 -0.00010437091925845734 0.15581927666817955
frame0033.jpg -0.0006085986401871814 -0.00033500349250653675 0.3495411580067714
frame0034.jpg -0.0003021470122637329 -0.00013813086989683128 -0.05533626069467537
frame0035.jpg 0.000515116774169376 0.0002663809077354165 -0.0932540033297467
frame0036.jpg 0.00014777884882465991 9.64654563536173e-05 0.08682559080709996
frame0037.jpg -0.000530575686567114 -0.000256327834460147 0.05576516993957458
frame0038.jpg 0.0006719999040708197 0.00033273772518415686 -0.07149636492540189
frame0039.jpg 0.0008689960531924827 0.0004913947662007476 0.09056083013301083
frame0040.jpg 8.012053462798943e-05 7.089382253311413e-05 0.09765816191552032
frame0041.jpg 0.0006863931366336255 0.0003746722125264303 -0.01586329025045027
frame0042.jpg 0.0010824152857618985 0.0005704672112596113 -0.09855777837171524
frame0043.jpg 0.000400060327357234 0.0002181251662765537 -0.14103118986201255
frame0044.jpg -0.00045693385199966805 -0.00022573265454554296 -0.11464284388255595
frame0045.jpg -0.0004372035643420306 -0.00021761755900110105 -0.07386626105798419
frame0046.jpg -0.00043785270416465326 -0.00021770130713971773 -0.07483533090628754
frame0047.jpg -8.887236309828084e-05 -3.453848390748291e-05 -0.032443568319895685
frame0048.jpg -0.00016188346411071233 -8.137503658511448e-05 -0.06320847981523174
frame0049.jpg 5.075311566278152e-05 4.331081515120423e-05 -0.07389547338533929
frame0050.jpg 3.816343597988e-05 4.2771325826992436e-05 0.021420024611402237
frame0051.jpg 0.0004163484688869872 0.00021409756462422355 -0.10094184841023833
frame0052.jpg 0.00046072140839726727 0.00022213882240243593 -0.18863278945308412
frame0053.jpg 0.0006090027307571249 0.0003381900290740493 0.0138928080647444
frame0054.jpg 0.0005160006365598341 0.000281249622307101 0.09669217684114813
frame0055.jpg -0.00020923061020900935 -0.00011154955651835231 0.1763420295797467
frame0056.jpg 0.00019406840455081712 0.00014707802259181934 0.05473512704872452
frame0057.jpg 0.0012856914501102234 0.0006984299359437802 -0.07835116115447058
frame0058.jpg 0.0010975315802735127 0.0005827067186930787 0.035865271572840404
frame0059.jpg 7.835307229608097e-05 7.727486298326402e-05 0.0962703133008219
frame0060.jpg 0.000999289043804901 0.0005685630040358178 -0.11330896750503465
frame0061.jpg 0.001708982738230098 0.00091821658557445 -0.21104436633938534
frame0062.jpg 0.0012759442591370345 0.0007105685884609005 -0.1250103061298702
frame0063.jpg 0.001419491076289064 0.0007875354293432437 -0.20480150862961205
frame0064.jpg 0.0016615385652534952 0.0009127327370765672 -0.1662981615352402
frame0065.jpg 0.0016828913500276984 0.000920652242511484 -0.16154169970162546
frame0066.jpg 0.0016902172514136305 0.0009234450501093851 -0.15754412140940433
frame0067.jpg 0.0017610325388627984 0.0009613507393220848 -0.16973336384896962
frame0068.jpg 0.0012397758324953346 0.0006939682049962272 -0.10598671916905993
frame0069.jpg -0.0004501551168241616 -0.00018250566658419064 -0.002074691886346569
frame0070.jpg 0.0012686530373519286 0.0006917856812007992 0.006933449020439823
frame0071.jpg 0.000541107941487388 0.00029966413150766787 0.10039471955245713
frame0072.jpg 0.0009618475738324099 0.0005569038585741807 0.2324495800346023
frame0073.jpg 0.001122432843815702 0.0006487088399233664 0.04809328980543885
frame0074.jpg 0.0006613329442596419 0.0003361178356643852 0.0034133263875385407
frame0075.jpg 0.000958245135129069 0.0004880638393881007 0.002436381574670423
frame0076.jpg 0.00029107076169467987 0.00018293321951076832 0.2419565326026434
frame0077.jpg -0.00016470351819908603 -9.681460195975872e-05 0.02376133772484273
frame0078.jpg 6.983002431684457e-05 2.212870425173368e-05 0.02918933266286268
frame0079.jpg 4.294974735529836e-05 3.5596207653414825e-05 0.07607359353790298
frame0080.jpg -0.00013597735589646818 -6.647044685758062e-05 0.03113094949728722
frame0081.jpg -0.0003965468921132627 -0.0001999213285875628 0.1175336362230786
frame0082.jpg -0.00027748926447702303 -0.00014187098488381778 0.05265759344315325
frame0083.jpg -0.00020920030796188236 -9.371140818550583e-05 0.03735016865245127
frame0084.jpg -0.0002752091623473052 -0.00013367515097739084 0.0377644281719818
frame0085.jpg -5.0886255691421805e-05 -3.19087094351375e-05 -0.011183973648060385
frame0086.jpg 0.00032167549937766335 0.00015778038996894055 -0.05534401885749146
frame0087.jpg 0.0002083960045147144 0.00011242938343905806 0.0203589845541766
frame0088.jpg -7.136813679733129e-05 -4.0605330398903916e-05 0.06947792772074253
frame0089.jpg -6.546562746572674e-05 -3.824782798609404e-05 0.06025553491094009
frame0090.jpg 0.0011637464719198311 0.0006621951410073773 0.09093701114994046
frame0091.jpg 0.0006230337859444515 0.0003495964481098852 0.01912424124407575
frame0092.jpg 0.00023886917444721265 0.00016625331688832992 0.21441506226077173
frame0093.jpg 0.00011078648808168183 8.495145905939715e-05 0.19042514220154588
frame0094.jpg -4.509652508899428e-05 -6.8805890089019696e-06 0.1941365395804468
frame0095.jpg -0.00012063712727553838 -4.67833549284714e-05 0.1926435151322861
frame0096.jpg 0.0002666477662967016 0.00015462166534434466 0.09269359021673487
frame0097.jpg 0.00013992161988166368 7.206565545986531e-05 -0.041424591778054486
frame0098.jpg 0.0001822557910855163 6.283885578204994e-05 0.13789838230949214
frame0099.jpg 0.0007524178164028053 0.0004140146977320077 0.06374896790460131
frame0100.jpg 0.00044290203435875587 0.00022469743729690249 0.017547144732406917
frame0101.jpg 0.0006274682650268479 0.00033645495664343735 -0.06935165567129609
frame0102.jpg -0.0007567468767956921 -0.0003924218951603476 0.08939474580652709
frame0103.jpg 0.0002413265778590085 0.00013552715805100363 0.24387597567610336
frame0104.jpg -0.0002743951277474486 -0.00011796499023187561 0.06362009119557092
frame0105.jpg 0.000907933333172296 0.0005059955242619507 0.06905867699763958
frame0106.jpg 0.000944860013425686 0.0005451452832819375 -0.08009459337042396
frame0107.jpg -0.0002536930945901661 -0.00011371179780592314 0.15284770856799346
frame0108.jpg -0.00019403253873661688 -0.00012161548480470893 0.013257178832287423
frame0109.jpg -0.0006240784464528803 -0.000316633878160456 0.35442069465161513
frame0110.jpg -0.00034409095660759535 -0.00012569657435360332 0.2195642398629488
frame0111.jpg -0.0009116920026814902 -0.0004174706271825484 0.24871856617507224
frame0112.jpg -0.0003256301946611181 -0.00013209565278999907 0.1593828108178272
frame0113.jpg -0.0003495802747790418 -0.00014721146574767695 0.16340737309799602
frame0114.jpg -0.00015148568039643736 -3.7313177805176575e-05 0.1115435558213322
frame0115.jpg 0.0001141895546275458 0.0001022276595637364 0.08189565153024714
frame0116.jpg 0.0001197637386906552 0.0001076215675650854 0.09491144813188357
frame0117.jpg 0.00016850621995080569 0.00012358435265159032 0.06240858066463315
frame0118.jpg -0.00031613688908903434 -0.00013500861771167277 0.14800374606999647
frame0119.jpg 0.0003731893635793727 0.00023814487374390435 0.0024666418727836174
frame0120.jpg 0.00044617523002969835 0.00025236427531142056 -0.04570464262454155
frame0121.jpg 0.0013292744214482158 0.0007280164402066156 -0.07952667095101587
frame0122.jpg 0.0010228802798256974 0.0005586134743771252 -0.07360937665099647
frame0123.jpg 0.0006803016258969186 0.00046078264374800967 -0.17353296327929024
frame0124.jpg 0.0035813122289633866 0.002164781575026037 -0.3183446843762322
frame0125.jpg 0.0016505557880785724 0.001321482808670124 -0.15544687602762933
frame0126.jpg 0.002288453677020889 0.0023510453809573147 -0.7136869278978739
frame0127.jpg 0.0010637021686430918 0.0022326336909421554 0.11105929069021224
frame0128.jpg 0.006161636652408682 0.006561230003128885 0.13782279258494454
frame0129.jpg 0.007909096779968369 0.008266560341980858 -0.02388152525527401
frame0130.jpg 0.0065611462384964495 0.008184168607578767 -0.45326838174355
frame0131.jpg 0.009055933329784507 0.009981229025276523 -0.3949320651650737
frame0132.jpg 0.009874717834109871 0.010794088169344095 -0.7682954515427417
frame0133.jpg 0.013737260652178493 0.013307919819871492 -0.6970984169659179
frame0134.jpg 0.014186200476845785 0.014119571875790809 -0.16660581719543566
frame0135.jpg 0.013302003211903972 0.014479767227900675 -0.2727272308425751
frame0136.jpg 0.016377180033692634 0.01678497684631013 -0.2351666687871465
frame0137.jpg 0.017231116538919115 0.01725208284598814 -0.5015994274903718
frame0138.jpg 0.01793393998321459 0.018338318365312488 -0.5191392179781938
frame0139.jpg 0.015934452962737797 0.01797574588105834 -0.17090614540738713
frame0140.jpg 0.01879622224084674 0.020147257148032716 -0.2030120928664353
frame0141.jpg 0.02208021580287116 0.02251844570884305 -0.3795931524444648
frame0142.jpg 0.02222421492942261 0.023217765601849474 -0.3964249448738241
frame0143.jpg 0.025079602435332804 0.025409605622174952 -0.5951650511696082
frame0144.jpg 0.028069696751366644 0.027741352908963582 -0.8232117626384134
frame0145.jpg 0.027752762985867367 0.028422117932134342 -0.3582154006738297
frame0146.jpg 0.027713857424019668 0.029341461639704164 -0.12463646828395927
frame0147.jpg 0.03129221977086796 0.031864304177179684 -0.6155096949405517
frame0148.jpg 0.03301293539882245 0.0334415263751479 -0.9145384793355684
frame0149.jpg 0.03542232144954478 0.035149923917466505 -0.1985126908445746
frame0150.jpg 0.035282972476751794 0.035797767402537206 -0.1277658130251524
frame0151.jpg 0.038624894595190265 0.03833145036955238 -0.6981191162182565
frame0152.jpg 0.04119294422483245 0.041347126581201835 -0.6081534215878025
frame0153.jpg 0.039992203458849365 0.0413010701453628 -0.7524777634334278
frame0154.jpg 0.043440019017732916 0.04373577580971946 -0.6219937588624644
frame0155.jpg 0.0415811846203882 0.04338295434148118 0.26576384142365217
frame0156.jpg 0.04656905446025495 0.046648503759983785 -0.6747074776965867
frame0157.jpg 0.0477987344030421 0.04797914542903122 -0.3368447224336008
frame0158.jpg 0.048737893273780884 0.049126769179218134 -0.7737040725348321
frame0159.jpg 0.05159877963666897 0.051324398147619014 -0.6314518691861802
frame0160.jpg 0.049879476439829096 0.05115121845066757 -0.3970492766192385
frame0161.jpg 0.04940517163307533 0.050910929142355454 -0.3118751132944776
frame0162.jpg 0.0527384357348018 0.05336549917522228 -0.3178867622939907
frame0163.jpg 0.05388876443488873 0.054874301697166665 -0.5764413026726651
frame0164.jpg 0.05554482442429935 0.056547281898658874 -0.33760020145119923
frame0165.jpg 0.057327715556762214 0.0581609689954203 -0.7341900700371202
frame0166.jpg 0.0587453570964093 0.05976424068331629 -0.7981240297340775
frame0167.jpg 0.061072303053757486 0.0617971190303744 -0.6448204516572998
frame0168.jpg 0.06010562263950296 0.062240326094259786 -0.22813053344178755
frame0169.jpg 0.06334409597366024 0.06485862980668808 0.28352833228915153
frame0170.jpg 0.06417021229167348 0.06611205095162437 0.05711799594395305
frame0171.jpg 0.0668614324471892 0.06824224048035325 -0.012762144824246648
frame0172.jpg 0.06890315273518975 0.07015663913594618 0.1734393039323295
frame0173.jpg 0.06942646512274596 0.07150636459911315 -0.12073846172662905
frame0174.jpg 0.07053652733205229 0.07311074165943933 -0.9048138896570644
frame0175.jpg 0.07461470896190052 0.0771247604528302 -0.043301120076749786
frame0176.jpg 0.0772028077841616 0.07916257570771032 0.3857112535398641
frame0177.jpg 0.07831095859018447 0.08057307258692432 0.699099711401568
frame0178.jpg 0.07907799108446588 0.08197872082211742 0.4667937199929642
frame0179.jpg 0.08232634313927564 0.08468074111270604 0.9321220823454888
frame0180.jpg 0.08428769719406726 0.08653976399858979 0.31102084627478244
frame0181.jpg 0.08310385233772928 0.08689412118302678 -0.2370306294072655
frame0182.jpg 0.08624721590262265 0.08935022415207898 0.556490619975402
frame0183.jpg 0.08832255833702685 0.0913818470126906 0.4800552715113422
frame0184.jpg 0.08846558923223861 0.09237320308670904 1.1177187678343627
frame0185.jpg 0.08820462610906438 0.0922526372749526 1.15870753668034
frame0186.jpg 0.08970589659672189 0.0941251276561579 0.9442816746152392
frame0187.jpg 0.09160384836166563 0.09600557254132706 0.9788464868445096
frame0188.jpg 0.09280150746321032 0.0973712140071092 0.7239891078063543
frame0189.jpg 0.09500104519892694 0.09928276813379737 1.2157863373537043
frame0190.jpg 0.09600695463163192 0.10084532734207756 0.4237911106231799
frame0191.jpg 0.09088427127551227 0.09966115467382933 3.2112635954629494
frame0192.jpg 0.09254370414383543 0.10160864906901053 3.242792771022024
frame0193.jpg 0.09971174229413264 0.10595386984419088 0.9989470012100335
frame0194.jpg 0.10111691098735492 0.10761362986413453 0.8008521102091062
frame0195.jpg 0.10329265643675856 0.10955360837725933 1.0023669246505829
frame0196.jpg 0.10439994551479087 0.11102656901982982 1.8314140272372337
frame0197.jpg 0.10540476193778313 0.11246215416399716 1.701361221962167
frame0198.jpg 0.1082626133076452 0.11496838006607195 1.7301392440114522
frame0199.jpg 0.10287197324074923 0.11363075595720802 3.6736824251634257
frame0200.jpg 0.1113620480298675 0.11939642289367602 2.087699586551847
frame0201.jpg 0.11367743864510355 0.12153839805016832 1.5283258774915252
frame0202.jpg 0.10927237985836036 0.12088790853755417 4.001174812961905
frame0203.jpg 0.11472262823444145 0.12454343870414153 2.325483138494642
frame0204.jpg 0.11647093016191135 0.1266060900422595 1.6708305236393703
frame0205.jpg 0.11970010180761365 0.12904958497432695 2.236128173263104
frame0206.jpg 0.12029788270900706 0.1303415883070762 1.7458543718242834
frame0207.jpg 0.12035420223360087 0.13147892918824178 2.978999346427877
frame0208.jpg 0.11680172885944035 0.13114725471637614 4.3025543613928
frame0209.jpg 0.1225133353813598 0.13353093006417802 2.0729064031861064
frame0210.jpg 0.1232521176756954 0.13501193667325165 1.737265663646162
frame0211.jpg 0.12379590746911832 0.1363835443981498 2.8348724021807623
frame0212.jpg 0.12254117176609372 0.1370642294370983 4.997156589269605
frame0213.jpg 0.12306749989349315 0.13852149026891694 4.3605797544423375
frame0214.jpg 0.1248399620086312 0.14038302014996354 4.619524325000674
frame0215.jpg 0.13022771066522684 0.14381750051708375 2.2015425671019133
frame0216.jpg 0.12707396807288066 0.14387563895481376 4.9112913541006336
frame0217.jpg 0.1340060956433343 0.14799558343349015 2.3597380959804517
frame0218.jpg 0.13544878678556266 0.14977256263868344 2.9160032237865687
frame0219.jpg 0.13202740842259866 0.14957438567506673 5.387532233467454
frame0220.jpg 0.13815750236431384 0.15320892527299013 2.7025821445960467
frame0221.jpg 0.13527027418853527 0.1532997514118929 5.677444696492567
frame0222.jpg 0.14113804078720962 0.156949705438332 3.812866174160255
frame0223.jpg 0.14129475483039988 0.15837498414933976 3.184486483080413
frame0224.jpg 0.14296472953698966 0.1613750299678629 3.6398205203776537
frame0225.jpg 0.14128542559781185 0.1619009232644712 6.5580052020060835
frame0226.jpg 0.1451480457499694 0.16469181784628772 4.461380335743131
frame0227.jpg 0.14777496465934994 0.1671477440741898 3.1490165924533553
frame0228.jpg 0.14529735627836748 0.16748424786968494 6.506208017059856
frame0229.jpg 0.14960837691347814 0.1704883689278103 4.069668476821594
frame0230.jpg 0.1527437384819402 0.17319276147655788 4.042498708801707
frame0231.jpg 0.15219350961252476 0.17428948935970193 4.424696453036223
frame0232.jpg 0.15270580778576065 0.17580996044187658 4.913557803465585
frame0233.jpg 0.15324802273389765 0.17600164572838087 4.948670740914086
frame0234.jpg 0.15575871997817264 0.1784988621052332 4.968397020436662
frame0235.jpg 0.15603539703628008 0.18002403840143652 4.8263812186169215
frame0236.jpg 0.15360135082773338 0.18048757117016492 6.724227532729563
frame0237.jpg 0.1595579976278792 0.18399690962917487 5.201472815663122
frame0238.jpg 0.16256203246730025 0.1862748560866454 4.205556449491207
frame0239.jpg 0.15663590283492412 0.18553362359545014 5.981624380475222
frame0240.jpg 0.15976714025874034 0.18824899952893545 7.293625272903613
frame0241.jpg 0.16338433471996094 0.19072258126817498 4.175024064091524
frame0242.jpg 0.16621926669786838 0.19311056859049694 3.9615470030359465
frame0243.jpg 0.16664676972643333 0.1949447257500944 5.054072227679204
frame0244.jpg 0.16728532305012198 0.19667492056713354 6.078511806433118
frame0245.jpg 0.16825733930031694 0.1985918490415446 6.149475208579108
frame0246.jpg 0.16785029364037238 0.20017630636319472 8.112672002394739
frame0247.jpg 0.16889343918831512 0.2020657048056184 8.13380762784782
frame0248.jpg 0.17442585029582056 0.20671031803635387 5.556145240237838
frame0249.jpg 0.17601391163402302 0.2085867727826828 5.704821401903776
frame0250.jpg 0.17573698376393898 0.2099313529995292 5.51008698998932
frame0251.jpg 0.1720415384551062 0.2103904028517806 7.357692640400241
frame0252.jpg 0.17273992836135615 0.21226135444874195 7.50803068771606
frame0253.jpg 0.17526713083672707 0.2145822698505404 7.174317882708382
frame0254.jpg 0.18076410150976505 0.21760306488502498 6.875015090991052
frame0255.jpg 0.17735878689929285 0.2176742885226639 7.680256410468316
frame0256.jpg 0.1837131952625564 0.2207239079700226 4.690307481940628
frame0257.jpg 0.1832855210402813 0.22059871285277025 4.738662508946519
frame0258.jpg 0.1808109360355496 0.22126758829073848 9.303317426204066
frame0259.jpg 0.18518043494553127 0.22388164320279824 5.323796129687266
frame0260.jpg 0.181606159182845 0.2242461056051324 7.895961745465405
frame0261.jpg 0.18329991148338226 0.2261058144150009 7.925667976460877
frame0262.jpg 0.18468022255419256 0.22799275657203555 8.145882095984717
frame0263.jpg 0.18908875557817406 0.23044506426292005 6.161375123887406
frame0264.jpg 0.18936224014869468 0.2318932669003527 6.317877279777892
frame0265.jpg 0.19327388218739566 0.2344636490550569 6.685392223254089
frame0266.jpg 0.19029313654907265 0.23512098147415056 6.573338268349523
frame0267.jpg 0.19062973466713154 0.23662636001464854 9.524303060430118
frame0268.jpg 0.1921723567036914 0.2383775950822033 8.96406971493293
frame0269.jpg 0.1927051093255553 0.2398354258790917 8.999400637018484
frame0270.jpg 0.19808969176349525 0.24296574026167025 7.425240693945968
frame0271.jpg 0.19754321698565314 0.2443104546975292 8.169415119099664
frame0272.jpg 0.20138879902332524 0.2467277305437204 6.9473169256949685
frame0273.jpg 0.1990025761566046 0.2490592727415161 8.562173228910213
frame0274.jpg 0.20006659580303385 0.25060318362615586 8.741287626441583
frame0275.jpg 0.2011480928155402 0.252147683653977 8.63449163592618
frame0276.jpg 0.2030869330882711 0.2541224279076699 8.662208161842091
frame0277.jpg 0.2054278232669548 0.2562329929608399 9.977701267680018
frame0278.jpg 0.2087705721456506 0.2582867510326419 7.160419284508495
frame0279.jpg 0.2065928864131169 0.2591775721188897 8.389958756562766
frame0280.jpg 0.21066659735972035 0.2615597612614751 6.192685732164175
frame0281.jpg 0.21075085572745486 0.26161446264078336 6.089911267405295
frame0282.jpg 0.21001637710387616 0.2627069937003218 6.878680128119004
frame0283.jpg 0.2093584294210668 0.2639497925220212 8.961642300333805
frame0284.jpg 0.2126502910480324 0.2662815350140803 8.224238204132059
frame0285.jpg 0.2121733421852824 0.2676415237996007 8.844463905051107
frame0286.jpg 0.21347001464328605 0.2693363120311155 8.975516834875789
frame0287.jpg 0.2151380701420067 0.27092720786956176 8.736647859306554
frame0288.jpg 0.21602688234022926 0.2725212728551011 9.121550713002133
frame0289.jpg 0.2210331824341356 0.2750080482787769 7.694461225893768
frame0290.jpg 0.22030576849700306 0.2763686958423716 7.092627500105888
frame0291.jpg 0.22199487167743365 0.2782024147732025 7.201446468735293
frame0292.jpg 0.2255665038071908 0.28058616621326954 6.597300315523093
frame0293.jpg 0.2223337124231571 0.2813519772062518 8.661457553667631
frame0294.jpg 0.22322905678096303 0.2833710100146812 9.970360533712409
frame0295.jpg 0.22532954175715586 0.28679717943855915 9.387368029661804
frame0296.jpg 0.2258335907766053 0.2885168082537008 9.324973668447177
frame0297.jpg 0.22887874357455235 0.2906526667415824 9.167194012420259
frame0298.jpg 0.2278073755203664 0.29193027766508883 9.358569266404016
frame0299.jpg 0.234023803526008 0.2947644254062161 7.96906809332912
frame0300.jpg 0.2312322776693304 0.2961135457404432 10.519450320500264
frame0301.jpg 0.23402205206245885 0.29855528985090884 11.617177292941804
frame0302.jpg 0.23417587203559745 0.3003110581741377 10.984836700747763
frame0303.jpg 0.2338116141970534 0.3018165175989333 9.873067473366826
frame0304.jpg 0.23488946426475046 0.3037642969331833 9.918017479605727
frame0305.jpg 0.2349619283196763 0.3037735937563202 9.922986676186275
frame0306.jpg 0.2361109300024441 0.3055074111949557 9.920387206281411
frame0307.jpg 0.23762754695921245 0.3073468191231056 9.851653250799655
frame0308.jpg 0.2404303873567008 0.309437291612408 8.968026755050024
frame0309.jpg 0.24116785668003365 0.3116065300078787 11.9950166644964
frame0310.jpg 0.2429341778740971 0.3134807808598615 8.493638010175525
frame0311.jpg 0.2434160290012602 0.3153453417392001 9.235807974894609
frame0312.jpg 0.24184847692036265 0.31673931061410115 10.384588363039416
frame0313.jpg 0.24448329578876196 0.319070968270933 9.29610142219208
frame0314.jpg 0.2447047352397792 0.3209856236667412 10.792038542796677
frame0315.jpg 0.2466831731883529 0.32335341672959816 12.648000999053323
frame0316.jpg 0.24812602779550744 0.3253141431173657 12.056451102682145
frame0317.jpg 0.2514686469951414 0.32756672724252 8.929234822703267
frame0318.jpg 0.2490215849497165 0.3290584229792745 11.41099388876141
frame0319.jpg 0.2527000964002589 0.33308674474985017 10.259553726794744
frame0320.jpg 0.25335070287282435 0.3352664101768155 10.73872188681928
frame0321.jpg 0.2574191272561841 0.3377285619286452 8.859589018449089
frame0322.jpg 0.2571149669988584 0.3396742792331336 13.242846917122762
frame0323.jpg 0.2596580159183107 0.3415612618010849 9.750255430142053
frame0324.jpg 0.2574028470301468 0.342835824592903 11.40242437057876
frame0325.jpg 0.2607185054957982 0.34485298295864764 9.934974802252622
frame0326.jpg 0.2590153894057222 0.3462284686262475 11.622518563011635
frame0327.jpg 0.2635113589258788 0.34851726742596284 10.954143295458467
frame0328.jpg 0.2609658140960518 0.3502460342064995 11.506202355415859
frame0329.jpg 0.26097782963959765 0.3502490990807793 11.519132210440535
frame0330.jpg 0.2651527317439172 0.3524699597323526 11.325326070207613
frame0331.jpg 0.2649547966276381 0.3542857502805227 11.708553096121998
frame0332.jpg 0.2650702456366347 0.3562488359169159 11.55893691112071
frame0333.jpg 0.2658064704922233 0.35833660842056203 11.81051717943136
frame0334.jpg 0.27069375650892874 0.3604770855229569 11.588258669659474
frame0335.jpg 0.2702295351703182 0.3622855852129741 13.41126222984717
frame0336.jpg 0.26872967021912764 0.3638691113849175 12.196058050636198
frame0337.jpg 0.27358497466272474 0.3659175107631141 9.805550795717314
frame0338.jpg 0.2709016811782262 0.3675441089316895 12.340516917649108
frame0339.jpg 0.2718239048890746 0.3693829040147623 11.904162789608215
frame0340.jpg 0.2725621317721149 0.3713532627973022 11.989253683396306
frame0341.jpg 0.2736696086135164 0.3732918288081676 12.213766738480306
frame0342.jpg 0.2753617490211562 0.3753395497393679 12.58663568776277
frame0343.jpg 0.2775911851052488 0.3774746265489996 12.288040163744762
frame0344.jpg 0.2788396253713069 0.3810852753126126 13.181199404580147
frame0345.jpg 0.278790777601724 0.38281350380161583 12.571710577322072
frame0346.jpg 0.28238556836937845 0.3849098576514671 14.817792857152586
frame0347.jpg 0.2837216173443829 0.38681322046595823 14.88800971265417
frame0348.jpg 0.2862823340096625 0.38852358776738416 11.118612683782597
frame0349.jpg 0.2822656405846918 0.3903434748046497 13.697725557186669
frame0350.jpg 0.28401745925650096 0.3921506228821613 11.737633249089527
frame0351.jpg 0.2895222096820665 0.3941104226749912 11.288440310501167
frame0352.jpg 0.2875917063939832 0.39584580805368025 15.275753910895356
frame0353.jpg 0.2874799017070654 0.39584360265355134 15.236789432531994
frame0354.jpg 0.2894727603797592 0.3972322195298068 12.566469638949606
frame0355.jpg 0.2867426378502914 0.3991153060351642 13.368555058986232
frame0356.jpg 0.2873910966570917 0.4012594030638954 13.518729902342102
frame0357.jpg 0.2882394633653331 0.4032097225055163 13.445752949346927
frame0358.jpg 0.2911518213320431 0.4049298998924479 12.242733916396878
frame0359.jpg 0.2898351292810922 0.4067967465750558 13.639851071940802
frame0360.jpg 0.29196918786993104 0.4086297678472668 13.8967915733486
frame0361.jpg 0.2930524399371238 0.4106052180737489 13.725862479227596
frame0362.jpg 0.2956331084969473 0.412698931512266 15.24020514876092
frame0363.jpg 0.2945928606627845 0.4147582206234216 14.862563091831188
frame0364.jpg 0.2965929614065416 0.4169053072006643 15.065159520236941
frame0365.jpg 0.29692943212397843 0.4188670604121104 14.902489115204787
frame0366.jpg 0.2999136142645622 0.4202141557884976 13.919274675090316
frame0367.jpg 0.2976164769081248 0.4223444384906549 14.905756746127595
frame0368.jpg 0.2992376126052385 0.42654545025608415 14.593324413386537
frame0369.jpg 0.2997259785483726 0.4284958998640585 15.325362470627965
frame0370.jpg 0.30263664228776005 0.4304322964358573 13.8655851223365
frame0371.jpg 0.3028300777896331 0.43243104514603004 14.964184237969706
frame0372.jpg 0.30346551088867746 0.4344385060655497 14.64642793057875
frame0373.jpg 0.3050577405663337 0.436636434417012 14.81176562852389
frame0374.jpg 0.3061778019871036 0.43838442797008537 14.226917933965206
frame0375.jpg 0.3051742812239959 0.4404798953724639 15.021856008127582
frame0376.jpg 0.3079148676825063 0.4422032527571697 15.991073477009072
frame0377.jpg 0.3077728550437669 0.4422163136363083 15.855587156382034
frame0378.jpg 0.3069569454219969 0.4443828366001331 15.302334765522493
frame0379.jpg 0.3084383084045933 0.4463744982769445 15.26519377834121
frame0380.jpg 0.3095598270189386 0.4486362669914794 15.630554637624293
frame0381.jpg 0.3137790212770081 0.4505534674099004 17.300766526765596
frame0382.jpg 0.3120070765236519 0.4527376284813639 15.505603558285305
frame0383.jpg 0.3155518132199297 0.4544038728843004 15.991190107796298
frame0384.jpg 0.31369454693092114 0.4566472278403377 14.859018381526491
frame0385.jpg 0.3156211018312206 0.4585044446294053 17.02951342597715
frame0386.jpg 0.3179886833936741 0.4602995873798314 17.529789851915933
frame0387.jpg 0.31718305652062273 0.4625468372680961 16.4830872191844
frame0388.jpg 0.3183109476352673 0.4645752647682987 14.904451550995585
frame0389.jpg 0.31833983243929825 0.4665021954446342 15.704264178099926
frame0390.jpg 0.31921070181809663 0.4685610214213162 15.901274502604586
frame0391.jpg 0.3218433455212347 0.4726123802526779 16.358268772392663
frame0392.jpg 0.3235426418467583 0.474563196627959 17.50395454930321
frame0393.jpg 0.3236672151214593 0.4766436978616162 16.664865961304134
frame0394.jpg 0.3236826075529689 0.4789898758097092 16.279900683623325
frame0395.jpg 0.3254032687432469 0.481199855800994 15.529777141255414
frame0396.jpg 0.3268711907605656 0.4833984916212114 15.714383418061056
frame0397.jpg 0.3273553426886061 0.485353683439721 16.020581441807167
frame0398.jpg 0.32766272096261195 0.4877612533879777 17.90544437648646
frame0399.jpg 0.32847790175833785 0.489752785308411 16.892567271215228
frame0400.jpg 0.3295340547306739 0.4914223822268861 16.97058875580938
frame0401.jpg 0.32947303151006635 0.4914144529451989 16.93594067088307
frame0402.jpg 0.3308719047749591 0.4930714194148672 15.982999929294643
frame0403.jpg 0.3314542688237242 0.4953486757574417 16.413290834844744
frame0404.jpg 0.33431266424009465 0.4970806239928898 18.874655539118933
frame0405.jpg 0.3334894360313455 0.4991122518137156 17.487441478317017
frame0406.jpg 0.33304669046594226 0.5012355576175508 17.229612844619695
frame0407.jpg 0.3355430035733181 0.5028514514020235 18.326279899039275
frame0408.jpg 0.3352520578906444 0.5048589716254526 17.877402505638443
frame0409.jpg 0.3367586409551162 0.5068374234442146 19.052968598354923
frame0410.jpg 0.3360007444044707 0.5095709835070005 17.59081248525726
frame0411.jpg 0.3392126007719891 0.5113475023717351 19.24305602902544
frame0412.jpg 0.3410679640464228 0.5131831522795262 19.465035433960495
frame0413.jpg 0.3402620084672549 0.5151582456247944 19.090421924803824
frame0414.jpg 0.3402094740278825 0.5170351714037325 18.295389714675235
frame0415.jpg 0.3396420726068336 0.5193881651347877 18.044574274911998
frame0416.jpg 0.3433001434640591 0.5228132450354779 19.38138118501737
frame0417.jpg 0.3431315312354102 0.5250334490697377 17.8798802709332
frame0418.jpg 0.342877220783806 0.5275445038931112 17.857133504152998
frame0419.jpg 0.3461906264619882 0.5287183985187032 20.00575284139093
frame0420.jpg 0.34406448400198275 0.5314271222388299 18.85334232399604
frame0421.jpg 0.345166210601745 0.533352256238719 18.722186393037912
frame0422.jpg 0.3468748436705543 0.5348329190397638 18.910881665640677
frame0423.jpg 0.3478639427998015 0.5364216811003686 18.175221665816984
frame0424.jpg 0.3483216232677471 0.538631007129301 19.499552291073567
frame0425.jpg 0.3484340379409613 0.5385945422012808 19.52163975066388
frame0426.jpg 0.3476266332913809 0.5413377939813446 19.132804989141615
frame0427.jpg 0.3489103451763823 0.5432563162895403 18.25024605529264
frame0428.jpg 0.35067261521733983 0.5453220979238835 20.24423917706095
frame0429.jpg 0.3524057800019477 0.5471946200773572 20.723248421594256
frame0430.jpg 0.3528027779366621 0.5491649636206198 20.822738892014893
frame0431.jpg 0.3528995348541016 0.5512117983283682 20.048170517282504
frame0432.jpg 0.35433541673282704 0.5528691038489564 20.838359880761953
frame0433.jpg 0.3529406781206565 0.5556767561351921 20.170265772139594
frame0434.jpg 0.3555205516238762 0.5570502251159846 19.66988701861422
frame0435.jpg 0.35432516220407273 0.5602477318843211 19.89808264482765
frame0436.jpg 0.3571098719204617 0.5614610175742852 21.26044730492236
frame0437.jpg 0.3555989728056994 0.5643577466199466 19.276164288317077
frame0438.jpg 0.3564021350629263 0.5667184873441078 20.250526842677992
frame0439.jpg 0.3616882069575095 0.5692025541313082 22.13576068182342
frame0440.jpg 0.3602865847323111 0.5720339251487798 21.789697395750608
frame0441.jpg 0.3598385530909161 0.5747684813406655 21.315729148266552
frame0442.jpg 0.3631995912106648 0.5755261478710356 21.90088051534113
frame0443.jpg 0.36194946653964666 0.5785582529204156 19.623899608287413
frame0444.jpg 0.3622822402680289 0.581022376749702 20.104748538513547
frame0445.jpg 0.3637848046531474 0.5829713818758726 22.338764353913923
frame0446.jpg 0.3619459553124689 0.5862255459201884 21.097635827204872
frame0447.jpg 0.3668141375430889 0.5865423867177999 22.82781930925615
frame0448.jpg 0.367268122004602 0.588582754847754 23.03253951091171
frame0449.jpg 0.3672150221543535 0.5886086858758544 23.00963344655684
frame0450.jpg 0.3651243193955257 0.5920194692803775 21.96236848466876
frame0451.jpg 0.3674604207633236 0.5933269291458154 22.610212975538808
frame0452.jpg 0.36865907694810585 0.5952286436370351 22.773302474086698
frame0453.jpg 0.36805970804211385 0.597834417688949 20.73663678976253
frame0454.jpg 0.3694646819018577 0.5995064700112755 20.71655897864455
frame0455.jpg 0.36901534682635495 0.6018675850571549 21.16264592851992
frame0456.jpg 0.36943581761600175 0.6040039136441333 22.30197260048723
frame0457.jpg 0.3710883674762045 0.6053386055216795 21.27260907170086
frame0458.jpg 0.3694885826628891 0.6089697968795381 22.066067613272363
frame0459.jpg 0.3734584643428647 0.609285542099617 22.746970146727122
frame0460.jpg 0.37404755691448577 0.6117197197132019 23.275137850043677
frame0461.jpg 0.37245623364112457 0.6154240275924949 22.584744851783892
frame0462.jpg 0.3751098777777284 0.6164306942828668 22.90531688125764
frame0463.jpg 0.3753057675699452 0.6205970035573953 21.959494935134522
frame0464.jpg 0.3764398353234194 0.6225307747735451 23.407115224847136
frame0465.jpg 0.3775527623834527 0.6245042910830031 23.194247964551483
frame0466.jpg 0.3780374102150161 0.6268349517912344 23.20877580361144
frame0467.jpg 0.3794512577127343 0.6283897526059904 23.12737578957513
frame0468.jpg 0.3775398169841672 0.6320797204168161 22.383299122986838
frame0469.jpg 0.3793693769886246 0.6331332569385157 22.54001183251941
frame0470.jpg 0.3815959758412636 0.6338739024395277 23.900222630678478
frame0471.jpg 0.3818137760005297 0.6358183883176128 23.376250055113488
frame0472.jpg 0.3835639778661203 0.6371070574263941 23.823641454539114
frame0473.jpg 0.3836074880888458 0.6370625198664923 23.853203575951127
frame0474.jpg 0.3808782562731732 0.6411817438553347 22.767018605970346
frame0475.jpg 0.382335064925348 0.6425002436997487 21.937293588405737
frame0476.jpg 0.38410611838791375 0.6440578286683181 23.37169303709168
frame0477.jpg 0.386212622408622 0.6453450004329843 23.30141425897648
frame0478.jpg 0.3857600561406914 0.6481418471268112 23.39090459779103
frame0479.jpg 0.3856547181172258 0.6506261356410841 23.39231825395816
frame0480.jpg 0.38716131031529705 0.6519735919392327 23.625065220243826
frame0481.jpg 0.3862637421975525 0.6548845497389326 22.708328680829066
frame0482.jpg 0.38947264244865903 0.6548450726841175 23.910423994238247
frame0483.jpg 0.3873470842827124 0.6577435728478271 22.59064103115675
frame0484.jpg 0.3873187103525375 0.6587238449266825 22.80551424748268
frame0485.jpg 0.3898667569319263 0.6570477506878288 22.52503146194963
frame0486.jpg 0.3897565850141127 0.6572210313494108 23.71135901478875
frame0487.jpg 0.3875542041200878 0.6587136189036464 23.177327120431677
frame0488.jpg 0.3873157278792531 0.658868115000156 22.95339553988599
frame0489.jpg 0.3873778581671494 0.6587731396962 22.98234166345823
frame0490.jpg 0.38743188553678215 0.6586965742286898 23.03252112729935
frame0491.jpg 0.3873939927024804 0.6588157376688089 22.973203926869374
frame0492.jpg 0.387267560174248 0.6588861660183334 22.98190062314216
frame0493.jpg 0.3891851377192739 0.6574814446970457 23.65991335482575
frame0494.jpg 0.3881999752331672 0.6581125579801177 22.536154763037967
frame0495.jpg 0.3896855212843978 0.657165758406272 23.602950545348182
frame0496.jpg 0.3874739207906389 0.6587483691244995 23.074315635366922
frame0497.jpg 0.3874739207906389 0.6587483691244995 23.074315635366922
frame0498.jpg 0.38753643476210586 0.6586662412452223 23.145599818587808
frame0499.jpg 0.3896636904743603 0.6571854090902207 23.69361354257295
frame0500.jpg 0.387593852483696 0.6586382125280253 23.216142299185485
frame0501.jpg 0.38761431503683297 0.6586320799111418 23.25725510107484
frame0502.jpg 0.38937323184499856 0.657366083504836 23.580438439257154
frame0503.jpg 0.3876597291065076 0.6586026113866398 23.265619079115442
frame0504.jpg 0.3892558413143261 0.657442794722265 23.539934482634624
frame0505.jpg 0.3895692976149939 0.657238333683116 23.725065878822047
frame0506.jpg 0.3877797932992311 0.6585361627921305 23.22948912758863
frame0507.jpg 0.3879633381986311 0.6583286649941194 22.578007785909413
frame0508.jpg 0.3882930216114535 0.658101120167109 22.51323672419645
frame0509.jpg 0.3890302673101129 0.6576048361782986 23.383311681687783
frame0510.jpg 0.39112446303369697 0.6560803666882474 24.330428827503127
frame0511.jpg 0.3909197148591277 0.6563003431113359 24.234913319773533
frame0512.jpg 0.3890096667643826 0.6574923744355894 22.38956869423616
frame0513.jpg 0.3890293515607337 0.657479304713418 22.38448623090365
frame0514.jpg 0.3896065463278399 0.6570746036615607 22.420110549140965
frame0515.jpg 0.3895190614222253 0.6571428587504476 22.41923788440001
frame0516.jpg 0.3898064576732918 0.6569435596484481 22.411070975226576
frame0517.jpg 0.3883622999278144 0.6580387338296949 22.545260237497878
frame0518.jpg 0.3895218478831224 0.6571534780473226 22.490258499461888
frame0519.jpg 0.3895311372484904 0.6571467229169905 22.49064050689343
frame0520.jpg 0.3892572138103788 0.6573803762541124 22.481324177822383
frame0521.jpg 0.38851568470159215 0.6579162602856552 22.54663261478945
frame0522.jpg 0.3888724875392965 0.6576479922180827 22.503248829217238
frame0523.jpg 0.3887164152595632 0.6577189975451165 22.511773298732894
frame0524.jpg 0.3885590690245536 0.6579102133692265 22.50613162648316
frame0525.jpg 0.3880140301564867 0.6583232012671243 22.587892800834158
frame0526.jpg 0.3895477433097264 0.6572101478564385 23.67826368934903
frame0527.jpg 0.38944016124433056 0.6573011692109103 23.57055845402253
frame0528.jpg 0.3894087848569428 0.6572719224111944 22.387469343798212
frame0529.jpg 0.39008086197152425 0.6569082531031312 24.06517581484351
frame0530.jpg 0.38994116628822173 0.6570191675796314 24.01018156795825
frame0531.jpg 0.390410143964952 0.6566842561519322 24.161196452555753
frame0532.jpg 0.3902824865094081 0.6567725265204727 24.136226796457947
