frame0000.jpg 0.0 -0.0 -0.0
frame0001.jpg -0.0004156829492831822 0.00039387559129428607 0.2529199989335511
frame0002.jpg -0.0005274926534113546 0.0005033671352207339 0.3002193122978321
frame0003.jpg 0.00019601541937000472 -0.00020887174528143069 -0.08161238446973232
frame0004.jpg 0.00022405817755171578 -0.00010069349959793852 -1.6361123974297929
frame0005.jpg 0.0003814982790110093 -0.0002753914799235207 -1.5586689484964982
frame0006.jpg 0.0003814982790110093 -0.0002753914799235207 -1.5586689484964982
frame0007.jpg -0.0004588752412317873 0.0004600712071238575 -0.046970045666175714
frame0008.jpg -0.0004921132691149256 0.0004929157376775573 -0.003879504782749301
frame0009.jpg -0.0004921132691149256 0.0004929157376775573 -0.003879504782749301
frame0010.jpg -0.0004921132691149256 0.0004929157376775573 -0.003879504782749301
frame0011.jpg -0.0003233109281907412 0.00035857262415058585 -0.043314839952301364
frame0012.jpg -9.483008355085739e-05 0.00012236942407401998 -0.20949443956402694
frame0013.jpg -0.00038496232560911614 0.0003815117833711089 -0.015140988807446768
frame0014.jpg -0.0004416638492897909 0.00043697049515155866 0.03168072392706869
frame0015.jpg 0.00037996783660262 -0.00042094072340012194 -0.09750426146296516
frame0016.jpg 0.0004602458120251589 -0.0004328212137504248 -0.5408240331897937
frame0017.jpg 0.0003456814685043415 -0.00032885769739184577 -0.42879177460351
frame0018.jpg -0.00030237614236451295 0.00032515045248424616 -0.034553322399710235
frame0019.jpg -0.0004901716559714134 0.0004925678915198825 0.06437322763907713
frame0020.jpg -0.00046236203816441804 0.000465760615517667 0.044181504423164236
frame0021.jpg -0.0004523630662193048 0.0004556325723370427 0.03890773306770443
frame0022.jpg -7.210144779182981e-05 9.471427090298638e-05 -0.12988517945106326
frame0023.jpg -7.210144779182981e-05 9.471427090298638e-05 -0.12988517945106326
frame0024.jpg 0.00015862771774053302 -0.00017920914509184178 -0.012849290734597658
frame0025.jpg 0.0006621214427056595 -0.0006832233087363965 -0.623986069369778
frame0026.jpg 0.00012091770300087813 -0.00016976556406115098 0.0517069563706557
frame0027.jpg 0.0001781712859597802 -0.00017113055228710014 -0.3685416073788579
frame0028.jpg 0.0003755389558791303 -0.0004059060648850956 -0.1418267346003593
frame0029.jpg 0.0004337468242964293 -0.0004634817371983214 -0.18814682585579134
frame0030.jpg -0.0009624089156066391 0.0008767746089634375 0.1184205770695664
frame0031.jpg 0.00023392213691451368 -0.0001912123380031052 -0.4548642875597184
frame0032.jpg 0.00017450073481610904 -0.00016539036382573607 -0.3581233220840208
frame0033.jpg 0.00017956181881755639 -0.00017080515450676982 -0.3594187931975061
frame0034.jpg 0.00011873235871365847 -3.212442589387361e-05 -0.30831907616001075
frame0035.jpg -0.00022670527337255024 0.00030325331017433453 -0.08167477283542353
frame0036.jpg 0.00023931940885032636 -0.00017846645490020906 -0.3267377878889428
frame0037.jpg -0.00022279783394945336 0.0002869546707903686 -0.059583418193579735
frame0038.jpg 8.170033027649685e-05 1.2992718981297622e-06 -0.2593093807647342
frame0039.jpg 5.260861008449999e-05 3.006723968592821e-05 -0.2471446318890317
frame0040.jpg -0.001734725947240451 0.0018856615278141974 0.8519353427614473
frame0041.jpg -0.002866608258192013 0.004147010695088749 0.9498802901567882
frame0042.jpg -0.0031959906639949754 0.0048449215013534426 0.7424076168804435
frame0043.jpg -0.0017754419819516968 0.003480434364863102 -0.6645975374097688
frame0044.jpg -0.001999035641176014 0.004941817653233696 0.347711924791525
frame0045.jpg -0.003992452820136138 0.006790692674083971 -0.4630938900413464
frame0046.jpg -0.0044373953015542965 0.008412351798071477 -0.3805940082085632
frame0047.jpg -0.005993817316069435 0.00998755409219244 -1.3823603868864212
frame0048.jpg -0.005509937108714946 0.008692880430637956 -0.1841626234017025
frame0049.jpg -0.0067501715522441256 0.010524143655329223 -0.4291548994994754
frame0050.jpg -0.009133509662235716 0.012824516228066102 -0.9581842027550546
frame0051.jpg -0.0098618263241314 0.014522270452919771 -0.7543257140374079
frame0052.jpg -0.01318695756980694 0.017632141926623542 -1.2010722322607856
frame0053.jpg -0.0121873783239763 0.017662340247941017 -0.23687425743970997
frame0054.jpg -0.01490112042421114 0.02017214390524008 1.3882793225260346
frame0055.jpg -0.014978268621253826 0.02055966935444037 -0.17780501690707712
frame0056.jpg -0.019511461216780157 0.025823765840014716 0.4688736126831414
frame0057.jpg -0.02140813905135521 0.02867768264062412 1.8948002969273559
frame0058.jpg -0.021984373336684952 0.02980518099837353 -0.21589941960058395
frame0059.jpg -0.02450167979901584 0.03252708442554739 2.0088087545450435
frame0060.jpg -0.023068624884825112 0.031788704576315836 0.6726766584970594
frame0061.jpg -0.025937767701865608 0.034315725397178705 0.6329043440084059
frame0062.jpg -0.025972045402391203 0.03507945313183275 1.0135218510214152
frame0063.jpg -0.02850858669542777 0.037928690676232606 2.5900720115789717
frame0064.jpg -0.029931938121597026 0.03983970243279991 1.1846813787051735
frame0065.jpg -0.031021480063609545 0.04174138749720895 1.5552511989073403
frame0066.jpg -0.03377466955872309 0.04474178411274202 1.955598096070668
frame0067.jpg -0.03597109915080572 0.046846645551427035 2.1422050426337687
frame0068.jpg -0.036625756117236064 0.04765079039572972 2.353060757653741
frame0069.jpg -0.03869304778747604 0.04998915582221598 1.150309049455188
frame0070.jpg -0.03954000326213837 0.05096881888977505 2.659895086802889
frame0071.jpg -0.03962099623013434 0.051054419785492036 2.647391885193254
frame0072.jpg -0.0405913718835045 0.052039803822190936 1.6564719248002806
frame0073.jpg -0.04197881962716927 0.05363796231403318 2.2028339236113723
frame0074.jpg -0.0438607137794453 0.05565703687838988 2.112552766226905
frame0075.jpg -0.045525233191994134 0.05748254449178206 1.9294103644870269
frame0076.jpg -0.04678798844343332 0.05886535866922711 1.9636439739208635
frame0077.jpg -0.04828313132959091 0.060576444879472585 2.2809022325251007
frame0078.jpg -0.0506017888662365 0.06329540635575202 2.623945988998304
frame0079.jpg -0.05061261501770715 0.06330333184267375 2.624981221323977
frame0080.jpg -0.05413620969484837 0.0670980190475388 3.178823779459129
frame0081.jpg -0.056168898371581386 0.06967529051959158 3.032250892686772
frame0082.jpg -0.057093580464020965 0.07083507256767499 2.836925321344676
frame0083.jpg -0.05901211928032792 0.07266089908955357 3.0712611186848267
frame0084.jpg -0.06053599233637943 0.07438814465149922 3.2284936251684777
frame0085.jpg -0.0631383936317448 0.07689289303029548 3.979742765797422
frame0086.jpg -0.06409136608390302 0.077945300460162 3.1007596164378666
frame0087.jpg -0.06556002194201246 0.07930979897139337 3.4093791973671363
frame0088.jpg -0.06682782279961738 0.08099482038050057 3.700020961859914
frame0089.jpg -0.06860559376054308 0.08256077778415792 3.7736170129559214
frame0090.jpg -0.0709657195229989 0.08462392652218319 4.330178673975365
frame0091.jpg -0.0724520700020909 0.08634913411467686 3.4836698692199883
frame0092.jpg -0.07335844155448441 0.08777341638026939 4.1765797835562655
frame0093.jpg -0.07475914078312232 0.08963130433772723 4.761376338665263
frame0094.jpg -0.07608092725203006 0.09193516276063418 3.9942178441120766
frame0095.jpg -0.07595607280328069 0.0917989072650176 4.282279879103983
frame0096.jpg -0.0772795685928246 0.09343458341017802 4.544559727011504
frame0097.jpg -0.0790421385415655 0.09500280423448236 4.454089495777372
frame0098.jpg -0.08127638689253135 0.09691366276839182 5.1220655350076765
frame0099.jpg -0.0831861077071171 0.0989966276022401 4.327883484953484
frame0100.jpg -0.08409848671045515 0.10011841037054613 4.798393416891473
frame0101.jpg -0.08621084843439059 0.1027857134639533 5.794281105422209
frame0102.jpg -0.08684201385011524 0.10381218624367143 5.053521645393139
frame0103.jpg -0.08907021708087685 0.10616073789727352 5.355773167039756
frame0104.jpg -0.0918621617031392 0.1092306570682734 5.570862198405783
frame0105.jpg -0.09343184762459962 0.11082967387791744 5.653471072330254
frame0106.jpg -0.09512945553385596 0.11274136967155933 5.692770378171426
frame0107.jpg -0.09680275978579256 0.11461872194911987 5.7940853810502375
frame0108.jpg -0.0982384418335314 0.11618996050574085 6.235401143374522
frame0109.jpg -0.10068205784979288 0.1186112137666492 6.518340027488875
frame0110.jpg -0.10246550685968236 0.12071645718180145 5.352814531643129
frame0111.jpg -0.10406403083584136 0.12277174579221975 5.420224515282746
frame0112.jpg -0.10554329652903198 0.12466771281686695 5.737735963054832
frame0113.jpg -0.10662749995298687 0.12586934128961555 6.625288462592202
frame0114.jpg -0.1081005705946331 0.127592819065735 6.420238105423158
frame0115.jpg -0.11021664468145977 0.12973746535978992 7.536847188300532
frame0116.jpg -0.1130581460674144 0.13266633140596895 5.997520941782162
frame0117.jpg -0.1132588785711476 0.13320010048782266 7.0909762343215474
frame0118.jpg -0.11527640456327785 0.13536990486651282 6.620545695897845
frame0119.jpg -0.11528208721546998 0.13537936572484974 6.637491969398942
frame0120.jpg -0.11633599240978147 0.13638853513197086 7.051910311979248
frame0121.jpg -0.11866973426187062 0.13865942659316288 7.625513430727459
frame0122.jpg -0.1199947494255022 0.14002390145097016 7.768520619447121
frame0123.jpg -0.1213312299653201 0.14184628727377355 7.4163198927301455
frame0124.jpg -0.123346050962546 0.144537033444612 8.034420025906108
frame0125.jpg -0.12455932228564147 0.14623864035842374 7.8686089366535175
frame0126.jpg -0.12600110856928012 0.14789501771002575 7.472415360784846
frame0127.jpg -0.12870844128226352 0.15123454777494796 8.307925672960137
frame0128.jpg -0.13107667770739453 0.15373841035363658 9.065577179774378
frame0129.jpg -0.1327585797343761 0.15599441057753666 9.203192149037145
frame0130.jpg -0.13396049919436234 0.15812158059414413 8.3795935364203
frame0131.jpg -0.13519369513720908 0.1598765385426099 8.289148581620385
frame0132.jpg -0.136381068619603 0.16148990110716135 8.949401762685945
frame0133.jpg -0.13815335439499962 0.16361322161210926 9.021887466498221
frame0134.jpg -0.1395009327964024 0.16539869215006558 9.126798010898568
frame0135.jpg -0.1408975392976107 0.1672078262717931 9.290969677249523
frame0136.jpg -0.14239654504583985 0.1690773393072114 9.541954775449772
frame0137.jpg -0.14420076652011599 0.17100721417289588 9.459925960748096
frame0138.jpg -0.14514069577900665 0.1724640421653512 10.025303003412674
frame0139.jpg -0.14722565461803686 0.1749210856605953 9.787939373455432
frame0140.jpg -0.14851378350285818 0.17658913741374369 9.92380988124368
frame0141.jpg -0.15056951179750938 0.17882601976770268 11.205942831493607
frame0142.jpg -0.1514352717264279 0.1799935094155501 10.433729581510047
frame0143.jpg -0.1513593335931325 0.17996321685501782 10.560796910024221
frame0144.jpg -0.1535168132188772 0.18187946088986404 10.167463387122076
frame0145.jpg -0.1552413455964519 0.18340243596782288 10.454668046541665
frame0146.jpg -0.1574910852128585 0.1853046298865648 11.59323715045832
frame0147.jpg -0.15833139973059068 0.18656126455749214 11.094784526761515
frame0148.jpg -0.1598655599481964 0.1882564511167045 11.269268831362
frame0149.jpg -0.16192770543359325 0.19020532805891974 11.044044403190737
frame0150.jpg -0.1636936957353525 0.1917257201234978 11.695212684424995
frame0151.jpg -0.16539945412018814 0.19328018052299314 12.001399432377148
frame0152.jpg -0.16858164733640374 0.1964904759677559 11.991954389140592
frame0153.jpg -0.1702531228308157 0.1981171490910352 12.181147680842091
frame0154.jpg -0.17208334981978748 0.19955760958597102 12.426785002110211
frame0155.jpg -0.17388027495576738 0.20105234361840826 11.972752308789149
frame0156.jpg -0.17589980943884714 0.2023303478748932 12.259535670127395
frame0157.jpg -0.17801938956328536 0.2037564045141055 12.675475201896468
frame0158.jpg -0.1798719176375272 0.20545327084891926 12.975320950549655
frame0159.jpg -0.1816083142529772 0.2072691717699962 12.45031496690774
frame0160.jpg -0.18321256762168905 0.20836112785415964 12.687552664684775
frame0161.jpg -0.1851097085845436 0.20964323443655614 12.607876736304645
frame0162.jpg -0.18683845550500075 0.2107889870554684 12.785725962104314
frame0163.jpg -0.18897516142113027 0.2120822324653737 12.785110198629171
frame0164.jpg -0.1910604651545935 0.2134813253646464 12.685725753847532
frame0165.jpg -0.19291534940370772 0.21506569765681915 12.492427238903206
frame0166.jpg -0.19481441627365165 0.2164748002629687 12.823263950436676
frame0167.jpg -0.1948122914414752 0.21647297987091554 12.822226676039328
frame0168.jpg -0.19696923461500404 0.21799423734380846 12.920636702197756
frame0169.jpg -0.1991000826537404 0.21942382692041826 12.994823302039435
frame0170.jpg -0.20085488731789636 0.22070143752050664 13.106491718017896
frame0171.jpg -0.20283881582940885 0.22213176291417897 13.101445053775027
frame0172.jpg -0.20475228365349346 0.22349070661620826 13.317518431427656
frame0173.jpg -0.20643924657603585 0.22471802884432826 13.2639207397663
frame0174.jpg -0.20853700317959464 0.2261477822943297 13.14438031068901
frame0175.jpg -0.21104671958258406 0.2280959695943604 12.830430592931688
frame0176.jpg -0.2145782462043968 0.23054468295686914 13.59473919970192
frame0177.jpg -0.2163592396869491 0.2321655188547984 13.579186140515006
frame0178.jpg -0.21816058476685848 0.2332676944896653 13.52248289777488
frame0179.jpg -0.22045454023037653 0.2346795097315539 13.675700276784651
frame0180.jpg -0.22279541332216932 0.2362498242281697 13.399637764183394
frame0181.jpg -0.2246058464476508 0.237767760498126 13.696951883513375
frame0182.jpg -0.2262965750799557 0.2390103047196307 14.00104957353395
frame0183.jpg -0.2278929323265693 0.240407894329674 13.971480190246325
frame0184.jpg -0.22976185714708966 0.2417461548345657 14.147744707731428
frame0185.jpg -0.23182886716730575 0.2434750849170239 14.0938511510864
frame0186.jpg -0.2340504233194997 0.2450106805166585 13.999469164203136
frame0187.jpg -0.23602527843331134 0.2463379209814756 14.426348024932294
frame0188.jpg -0.2377362280279101 0.2482227506676341 14.52881282006788
frame0189.jpg -0.2394977458343909 0.2498956363447292 14.548930172721706
frame0190.jpg -0.2411206242446759 0.25129705991509244 14.589105902936199
frame0191.jpg -0.2410937794999939 0.25125953102354376 14.595207535628422
frame0192.jpg -0.24316327955536016 0.2528321473025609 14.528466517732422
frame0193.jpg -0.245050813964798 0.25433740751187284 14.66761070865615
frame0194.jpg -0.24659500358757225 0.2555111174762001 15.07367250756548
frame0195.jpg -0.24851137103145976 0.2572106695373782 14.983990913572333
frame0196.jpg -0.25033664043093873 0.2587876458204849 15.015892198732555
frame0197.jpg -0.2520198158258977 0.26023870360752305 15.849559504786566
frame0198.jpg -0.25366580993736065 0.2618455086777206 15.680987679212107
frame0199.jpg -0.2558121502612207 0.263354035001135 15.94156222392715
frame0200.jpg -0.257598223081549 0.26483063914620364 16.087482381475052
frame0201.jpg -0.2609797964336238 0.2680461811065957 16.13147147656381
frame0202.jpg -0.2629198509773878 0.2694080585231454 16.331882181305776
frame0203.jpg -0.2648987243873502 0.27111633992158385 16.199908130624035
frame0204.jpg -0.2668220277984381 0.2726435396066625 16.504424624496973
frame0205.jpg -0.2686463190092713 0.2742125811580923 16.93116728914588
frame0206.jpg -0.27023329314323363 0.27583867614829194 16.983159755326454
frame0207.jpg -0.27192551633094825 0.27718710146677056 17.218817543982432
frame0208.jpg -0.27381417912098444 0.2783318101855011 17.294970029814092
frame0209.jpg -0.2758790453501266 0.27971176688479715 17.463089897051947
frame0210.jpg -0.2777736643011281 0.2809756577681429 17.238273190523913
frame0211.jpg -0.2796845778626715 0.28215697591552 17.433255981537293
frame0212.jpg -0.2813809985595264 0.2833692572060784 17.63684200235074
frame0213.jpg -0.2832168970430612 0.2843672989113545 17.78676501682271
frame0214.jpg -0.2856056256551773 0.2855694560210809 17.6677716523116
frame0215.jpg -0.2856098714101361 0.28556275992255603 17.690742814667253
frame0216.jpg -0.2877641008352036 0.2868373894302226 17.658400960213864
frame0217.jpg -0.2897621612572208 0.2879673384053708 17.889066453931946
frame0218.jpg -0.2916226386105979 0.2893814249248057 17.733794397006434
frame0219.jpg -0.2936298234737305 0.2907106754170525 17.87738337280731
frame0220.jpg -0.2953647663191512 0.29183030422613176 18.040844931574647
frame0221.jpg -0.2972662327281945 0.2926689034609771 18.170410982747818
frame0222.jpg -0.2995815572659548 0.293757314826574 18.206378498811265
frame0223.jpg -0.301829157758301 0.2949758132905141 18.178980235696915
frame0224.jpg -0.30578869193653496 0.29765724249107073 18.258445255323085
frame0225.jpg -0.307475981582909 0.2989336926256773 18.181841896037053
frame0226.jpg -0.3095570700796648 0.29986303645621665 18.394614403214746
frame0227.jpg -0.3116971998120437 0.3010600468982984 18.327540020690826
frame0228.jpg -0.31405036479652193 0.3022741812172021 18.57208100852282
frame0229.jpg -0.3160358451357028 0.30336394852310666 18.224493020381445
frame0230.jpg -0.3183940937822283 0.3048468138329601 18.595507470308554
frame0231.jpg -0.3201857712196405 0.3061174382504779 18.537520507868738
frame0232.jpg -0.3221789562820585 0.30736302450304964 18.483233456679365
frame0233.jpg -0.3242050767226549 0.3085977453161764 18.673422444010424
frame0234.jpg -0.3265474081998763 0.3099933245568375 19.110660657841986
frame0235.jpg -0.3285559834211984 0.3113557357932579 19.2079665118472
frame0236.jpg -0.3306738712111844 0.31285030976858713 19.133365089868843
frame0237.jpg -0.3325485922843921 0.3141083029133573 19.08692833292209
frame0238.jpg -0.3348991167761491 0.3153659221461122 19.33635689332788
frame0239.jpg -0.33489790458842256 0.31536438499718195 19.330005829238655
frame0240.jpg -0.3367061279583795 0.31672648994918084 19.27594307287848
frame0241.jpg -0.3390376855305097 0.3181438159906115 19.55260035891601
frame0242.jpg -0.34098001075228845 0.3195643181269883 19.594951761651892
frame0243.jpg -0.3429658293464535 0.3209856608820811 19.83415619987683
frame0244.jpg -0.3447887199355104 0.32205868298616336 19.598939993865585
frame0245.jpg -0.3469897771495973 0.3234606570682459 19.282442657801464
frame0246.jpg -0.34967064017092464 0.3250890931392814 19.852382357558227
frame0247.jpg -0.35126594865402005 0.3261481097135166 19.82586243686413
frame0248.jpg -0.3535886107517885 0.32786943713787825 20.253053600923973
frame0249.jpg -0.3570680569552652 0.3301672923870077 20.354801587929032
frame0250.jpg -0.3595517692724328 0.331264478450852 20.56579565685971
frame0251.jpg -0.36131443063497737 0.33255184430701523 20.385817689058754
frame0252.jpg -0.3630546041480973 0.3337515016827638 20.14052119367488
frame0253.jpg -0.3656787206965463 0.3356364031951869 21.002398792448847
frame0254.jpg -0.3674443941015216 0.33707682543351597 21.26596110189185
frame0255.jpg -0.3694614399359109 0.3378949663951761 21.06400277303469
frame0256.jpg -0.37166219537555134 0.3386867605821381 20.97905969998328
frame0257.jpg -0.3736193230788544 0.33954370356557256 20.63298415628364
frame0258.jpg -0.3755765412835772 0.34066217748136696 21.37273337998581
frame0259.jpg -0.3774551345760428 0.3416763200555307 21.32489550019213
frame0260.jpg -0.3799329685757208 0.3428984117964694 21.35821472732147
frame0261.jpg -0.3815599486866802 0.3436349589467129 21.42732570510892
frame0262.jpg -0.384113024773741 0.3448477056083701 21.373593221480828
frame0263.jpg -0.38361134728118396 0.34450580232732864 21.47932686128005
frame0264.jpg -0.3856007724711695 0.3454131957171027 21.582651975647675
frame0265.jpg -0.38855877827120416 0.3466404160297498 21.326339951832946
frame0266.jpg -0.3901032555037797 0.3475207744780248 21.471575220676915
frame0267.jpg -0.3918250378613009 0.3487020067650175 21.5915583309094
frame0268.jpg -0.3937146103342325 0.3496126918613596 21.134977562997328
frame0269.jpg -0.39543408367990135 0.3502829561303045 21.77508559362132
frame0270.jpg -0.40034721199178624 0.35287174245678 21.718274348256912
frame0271.jpg -0.4021982226894111 0.3539028106712765 21.91106389110867
frame0272.jpg -0.4047535110885846 0.355434131639948 21.57008722488602
frame0273.jpg -0.4061148812997467 0.35645050672981005 22.149038342838363
frame0274.jpg -0.40908860111574175 0.3579417775350417 22.313961636760283
frame0275.jpg -0.4111392235202251 0.3590895735544697 22.43418123730027
frame0276.jpg -0.4126881826347235 0.3599201413871989 22.091999680222727
frame0277.jpg -0.4139697543106317 0.3606462414164587 22.5658969982678
frame0278.jpg -0.4172283683056254 0.362405296063952 22.72029152222303
frame0279.jpg -0.4192526697745476 0.3634788330334148 22.973869438783804
frame0280.jpg -0.4211414309633944 0.3645860149705009 22.412541482951887
frame0281.jpg -0.4233346038951945 0.36579752022455797 23.049829986804447
frame0282.jpg -0.4248744820477095 0.3667992250743256 23.069835449005517
frame0283.jpg -0.4276371600298591 0.3686674774986617 23.211101547399878
frame0284.jpg -0.4285465234481747 0.3695635586490301 22.116318575356253
frame0285.jpg -0.4318751264407525 0.371534063708466 23.03935423042089
frame0286.jpg -0.4338665468804676 0.3728571976420831 23.765328612615512
frame0287.jpg -0.433778079136474 0.3727971694628999 23.7142216699369
frame0288.jpg -0.4353726167144981 0.3739802715047119 23.69782981611707
frame0289.jpg -0.4378889047977553 0.3756317940842184 22.47262852349809
frame0290.jpg -0.4407788317077777 0.3778742828515236 23.789322449129678
frame0291.jpg -0.4415887482022955 0.37877011522626697 23.2212730427492
frame0292.jpg -0.4435976913870733 0.380096983681386 24.360873256834697
frame0293.jpg -0.4458755387547128 0.3815104938205504 24.44699528182229
frame0294.jpg -0.4482617304489695 0.3828984690927388 24.552341942132426
frame0295.jpg -0.4520290390817822 0.38527968351155145 24.258916943450945
frame0296.jpg -0.4540274170450865 0.3869569315816341 23.143611001981093
frame0297.jpg -0.4569579973426859 0.3888032556650717 23.735406359142665
frame0298.jpg -0.4606925468951366 0.3910649992888715 24.924486829331933
frame0299.jpg -0.4613380662822664 0.39176467718373403 23.6508824590944
frame0300.jpg -0.4654776607314008 0.3945523260171363 25.579655518215766
frame0301.jpg -0.4666706394955277 0.3956606585727543 24.82139186751075
frame0302.jpg -0.4694906441822019 0.3975760833887768 25.610247775096337
frame0303.jpg -0.4703977626542201 0.3981255847871454 24.680492703309426
frame0304.jpg -0.4724170034563471 0.399419122750388 26.035738418711833
frame0305.jpg -0.4753546713911792 0.40104296274973616 25.36482333866275
frame0306.jpg -0.4764246250226162 0.4016535009990198 24.865753338323422
frame0307.jpg -0.4799905614625146 0.4032766360903778 25.927645536004825
frame0308.jpg -0.4822324022390401 0.4044270139617033 26.231243347137237
frame0309.jpg -0.4820609528663902 0.4042072735837117 25.00005522589661
frame0310.jpg -0.4864596571862093 0.40670036349741 26.33182159505177
frame0311.jpg -0.4865614428095687 0.4067652000392989 26.62950230209393
frame0312.jpg -0.486528607559406 0.406967215707622 26.952310516765667
frame0313.jpg -0.4905138546866316 0.4092505227343545 26.59488115748248
frame0314.jpg -0.4922540793711975 0.40999477965160863 25.855252645424844
frame0315.jpg -0.4932700477933453 0.4102167303111657 27.146879653711533
frame0316.jpg -0.4956380924799023 0.4114314381838733 25.667222781801215
frame0317.jpg -0.4987730592800732 0.4130727366007771 26.313244815823055
frame0318.jpg -0.5018771794261442 0.4148605510305043 27.31174445171526
frame0319.jpg -0.5017601455402644 0.4149527908060645 27.71778115413065
frame0320.jpg -0.5061205651758126 0.4168240667553709 27.628978711053215
frame0321.jpg -0.5078819836015656 0.4173716440014243 27.86894784403225
frame0322.jpg -0.5132677086381845 0.4202507969069997 27.90191658178041
frame0323.jpg -0.5123963274911828 0.41964617730905546 26.20583224071003
frame0324.jpg -0.5164095392932531 0.4223094036235643 28.433289918181067
frame0325.jpg -0.5157731940317567 0.4218375714585695 26.51889406840086
frame0326.jpg -0.5206743552086444 0.4244244377164186 28.429443859564902
frame0327.jpg -0.5221218477872606 0.42514928368752425 29.063410265878854
frame0328.jpg -0.5233558163740413 0.4257266334731854 27.211468505256445
frame0329.jpg -0.5287151449665676 0.4288293941315284 28.779240899144224
frame0330.jpg -0.5284163107962387 0.42862587261611 27.40596122276247
frame0331.jpg -0.5325152919383765 0.431074611822342 28.729695804465308
frame0332.jpg -0.5317555172592372 0.4305751442756315 27.32616262913193
frame0333.jpg -0.5350334119156176 0.43242114046043106 29.93177649525455
frame0334.jpg -0.537037879994652 0.4336558938067808 29.973027685920663
frame0335.jpg -0.5371609980050499 0.4337253863117907 29.969998955182643
frame0336.jpg -0.5391200564505725 0.4351438480969131 29.9846201345158
frame0337.jpg -0.5407928527477457 0.4360189346737677 29.93051449026792
frame0338.jpg -0.5431150871631099 0.4374365698156181 30.448426632943306
frame0339.jpg -0.5482004858421576 0.4406066096224452 30.681978498800905
frame0340.jpg -0.5479051457440122 0.4406878358296219 30.83401898774576
frame0341.jpg -0.5499136290834816 0.4422345986051066 30.764522061616365
frame0342.jpg -0.5515251665252755 0.44348428480431656 30.87215272199884
frame0343.jpg -0.5537659222358914 0.4446165276834829 30.891910814350247
frame0344.jpg -0.5576512806156264 0.4464864432789187 28.78158786604098
frame0345.jpg -0.5613101656410076 0.4483748221634485 31.53705768253738
frame0346.jpg -0.5629843312051356 0.4493292873498306 31.45435322544923
frame0347.jpg -0.5630494963380637 0.4493297477069775 29.04865594764952
frame0348.jpg -0.5652618702382101 0.4504648936695389 29.33439650582459
frame0349.jpg -0.5672808863325844 0.4512577679484073 29.25129837184736
frame0350.jpg -0.5721872700680297 0.4530168480147856 32.318134314034026
frame0351.jpg -0.5748322568326663 0.4541576097880547 32.095650100207465
frame0352.jpg -0.5805000698007512 0.4568920460820421 31.894967034412844
frame0353.jpg -0.5787355824935729 0.4552238736073013 29.398251980057374
frame0354.jpg -0.5811122071801634 0.456289524377049 29.737145129625713
frame0355.jpg -0.5843204122726243 0.4578223717491345 30.35841225500509
frame0356.jpg -0.5902962104948727 0.46069019609657796 32.288680226798306
frame0357.jpg -0.5875904691177407 0.4588065859445105 29.770170862801045
frame0358.jpg -0.5896674820337146 0.4596856456299868 29.63287518268848
frame0359.jpg -0.5909493368854802 0.4604839786347911 32.80959031562382
frame0360.jpg -0.5969464250387697 0.4635607642908263 31.815251712610355
frame0361.jpg -0.6001694462667453 0.465159487251041 32.18420586437389
frame0362.jpg -0.5971027606676366 0.4629263702835344 32.89547451267497
frame0363.jpg -0.6009603749245425 0.4645842353923503 33.073676794072966
frame0364.jpg -0.6007029789447246 0.4644493460289689 33.21279597680417
frame0365.jpg -0.6042193824578088 0.4655883887445947 33.078452767696554
frame0366.jpg -0.6055893783467134 0.4654929960473472 33.077479348862205
frame0367.jpg -0.6085593535216463 0.4664891555772586 33.268285297667354
frame0368.jpg -0.6113807755098892 0.4674296075610803 33.400033807362774
frame0369.jpg -0.6159806770544566 0.4690970715954216 31.08967424157268
frame0370.jpg -0.6184839395728567 0.4699212315232922 30.87870392898969
frame0371.jpg -0.6207146938987906 0.4704638630757434 30.88798625768932
frame0372.jpg -0.6278949303479087 0.4735026385568265 32.81438094989753
frame0373.jpg -0.6298083225399901 0.4741235383479322 34.21594682573223
frame0374.jpg -0.6298834167742926 0.4741572891820485 34.1781393982512
frame0375.jpg -0.6300792582181374 0.4731405053083952 31.26755604286581
frame0376.jpg -0.6325330944393437 0.4738901440793019 31.29520205855157
frame0377.jpg -0.6356548181092172 0.474905157418835 34.471994065960715
frame0378.jpg -0.6373650732281413 0.4749323518180023 34.45908149446681
frame0379.jpg -0.6398456519994077 0.4757519852159791 34.363480115647405
frame0380.jpg -0.6419914631784408 0.476349603184374 34.4547776663715
frame0381.jpg -0.6440836243409768 0.4771603961366721 34.84022386085696
frame0382.jpg -0.6470656265022953 0.4782249380672081 35.03871133653218
frame0383.jpg -0.6466420570597459 0.478007402724841 34.90863735015205
frame0384.jpg -0.6488821785398646 0.4784531001182866 31.452500544657386
frame0385.jpg -0.6515803957474298 0.4790290418304852 31.380207021264106
frame0386.jpg -0.6540707216504621 0.4796810448774963 34.715779249342425
frame0387.jpg -0.6558984656736828 0.4801585102654914 34.9372411871848
frame0388.jpg -0.6576862430524256 0.4805384814043465 31.24455953936686
frame0389.jpg -0.6611724772858324 0.4818257169419018 35.00073415330409
frame0390.jpg -0.6630122553375821 0.4819715162793611 35.109110028968004
frame0391.jpg -0.6646085350341772 0.4820018974013836 31.85092544350425
frame0392.jpg -0.6720726677175373 0.4843776748344347 35.20247520242016
frame0393.jpg -0.6732268589166741 0.4846821851523402 35.215884190249874
frame0394.jpg -0.6816157755779837 0.4884245427148721 34.0290985815734
frame0395.jpg -0.677463822780248 0.4858665152961494 31.719807273130428
frame0396.jpg -0.6800794261438938 0.4864204266301381 35.44104569895597
frame0397.jpg -0.6870679030027919 0.4892015396952747 35.379770213796604
frame0398.jpg -0.6898810587079716 0.4900012569089824 34.966736691759856
frame0399.jpg -0.6938880412234806 0.4914225027058486 34.2615738270623
frame0400.jpg -0.6886370050683159 0.4883528926846644 35.436035361507194
frame0401.jpg -0.6894208616522823 0.4884505693446565 31.535560476440853
frame0402.jpg -0.6900264938679475 0.4887911886315183 31.95138349619019
frame0403.jpg -0.6910788067881249 0.4896549573733092 32.24908859222311
frame0404.jpg -0.6979363115942029 0.4933346041714866 35.289919925027235
frame0405.jpg -0.6912686268303272 0.4901221912826785 32.48943905808322
frame0406.jpg -0.6910204935680686 0.4899976869247259 32.54705516275481
frame0407.jpg -0.6910088152094397 0.4899869537101617 32.532285243166804
frame0408.jpg -0.6911582611626229 0.4900265799003554 32.34623175324657
frame0409.jpg -0.6913475697267653 0.4901198869263955 32.37068918904411
frame0410.jpg -0.6912432200959927 0.490064293301541 32.434402772748754
frame0411.jpg -0.6915556467270668 0.4902109820564164 32.55978354229683
frame0412.jpg -0.6982812186545383 0.4935016070058434 34.54922917260616
frame0413.jpg -0.6981378809311226 0.4934303595590833 34.3908531121998
frame0414.jpg -0.6944288141491914 0.4916797655613139 36.43177290347654
frame0415.jpg -0.6916183314740006 0.4903065914739422 36.34505105403055
frame0416.jpg -0.6984951258463306 0.4936701516478513 34.65347464495558
frame0417.jpg -0.6915639844762721 0.4902076222327462 32.49464307901409
frame0418.jpg -0.696734663099469 0.4927822295053106 35.7451961234988
frame0419.jpg -0.6918800179666831 0.4903326250040404 32.57091572686592
frame0420.jpg -0.6912185714751915 0.4900238912606533 32.42074358903642
frame0421.jpg -0.6906434244299001 0.4897705145085076 32.30480972246178
frame0422.jpg -0.6992571464598033 0.4940115894040648 35.32204076506441
frame0423.jpg -0.6918673952921462 0.490358779046377 32.625669442940186
frame0424.jpg -0.6982159661262962 0.4935212814273916 35.8458144159596
frame0425.jpg -0.6975457747916611 0.4931921581194441 35.929007549649036
frame0426.jpg -0.6908636067554157 0.48983259497741205 32.284806997105875
frame0427.jpg -0.6961240115424274 0.4924691022061937 36.08932817844985
frame0428.jpg -0.6908954597894494 0.4898519337113679 32.302131344522145
frame0429.jpg -0.6908464942810897 0.489827244390837 32.29890398984117
frame0430.jpg -0.6907577673498211 0.4897849614113271 32.302208464977134
frame0431.jpg -0.6907577673498211 0.4897849614113271 32.302208464977134
frame0432.jpg -0.6918972261058385 0.4903614732730341 36.08579697995504
frame0433.jpg -0.6914483708479531 0.4901667549407964 32.621184169002234
frame0434.jpg -0.6913268996313657 0.4901083129044845 32.61096713732232
frame0435.jpg -0.6973519484009248 0.493107599601206 36.01200545991655
frame0436.jpg -0.6988618088580069 0.4938209402409213 35.555696680867456
frame0437.jpg -0.6979368952132494 0.4934070591697055 34.570678989461534
frame0438.jpg -0.6977779913213275 0.4933306383643306 34.4901431058914
frame0439.jpg -0.6986579462766096 0.4937463722088665 35.93215543804769
frame0440.jpg -0.6991309369715485 0.4940246421453483 35.40301232693414
frame0441.jpg -0.698945704371956 0.4939109062888189 35.68865679317917
frame0442.jpg -0.6979342586462084 0.4933584647095317 36.0603120747905
frame0443.jpg -0.6990941744074992 0.4939190298941526 35.300146328508326
frame0444.jpg -0.6987522113216551 0.4937672048724893 34.74167279281793
frame0445.jpg -0.6972740657869326 0.4930332617067092 33.9505788262421
frame0446.jpg -0.6975277162699146 0.4931544989204698 34.04036054438361
