frame0000.jpg 0.0 0.0 -0.0
frame0001.jpg -1.302732872208057e-05 -7.464767112964157e-05 -0.07149207314236826
frame0002.jpg 9.620865915618808e-06 6.79650149659803e-05 -0.02011245378366356
frame0003.jpg -2.490303314069517e-05 -0.00024701154629912594 0.008439117134699319
frame0004.jpg -5.7677111509909315e-05 -0.0007106906804082393 0.0022090146047069373
frame0005.jpg 3.212308467591485e-05 8.506859073951677e-05 -0.05708295475077165
frame0006.jpg 3.2259867575689164e-05 8.755197873026471e-05 -0.057366150656426015
frame0007.jpg 3.2259867575689164e-05 8.755197873026471e-05 -0.057366150656426015
frame0008.jpg 3.2259867575689164e-05 8.755197873026471e-05 -0.057366150656426015
frame0009.jpg 3.08068506303577e-05 1.69228740122976e-05 -0.056773145506442586
frame0010.jpg -4.093939447124496e-05 -0.0005769211155524722 -0.05460385510780428
frame0011.jpg -4.221278652222264e-05 -0.0005706618202504472 -0.09956129260509032
frame0012.jpg -1.5161671512187133e-05 -0.0004137452224938667 -0.02497522552300695
frame0013.jpg 1.796768754639101e-05 0.00012414114582694267 -0.0638385488597789
frame0014.jpg 4.027320834790069e-05 0.00019550676089035175 -0.0703027921236765
frame0015.jpg 5.487733148364591e-05 0.0003420710643458431 -0.061993992294755565
frame0016.jpg 3.25233367957802e-05 -1.6790293531122988e-06 -0.03599661299704877
frame0017.jpg 2.2202757976985775e-05 -0.00010007817895291748 -0.019439517132690102
frame0018.jpg -7.967563921906911e-06 -0.0003454847157191012 -0.047333923011889996
frame0019.jpg -7.2684392617002775e-06 -0.00026244467900160085 -0.01892893721347205
frame0020.jpg -1.6497521495961745e-05 -0.00037622626437067115 -0.03254481353823665
frame0021.jpg -2.7247870726557058e-05 -0.00041978100260181003 -0.03520100187589495
frame0022.jpg -2.6123482534866814e-06 -3.334186095636203e-06 -0.05473565457002799
frame0023.jpg -4.358869500246823e-05 -0.0010088494117449203 -0.023194226868769274
frame0024.jpg -2.228651729272172e-05 -0.0006801511419421175 -0.0702242923819452
frame0025.jpg 5.419366236758622e-06 1.7705718641028132e-05 -0.10346449505720506
frame0026.jpg 1.2029381962028864e-05 -0.0001183105100868096 -0.05719014818497345
frame0027.jpg -7.101381255971367e-06 -0.0002680277895427705 -0.05545639009202229
frame0028.jpg 1.522777132984812e-05 0.0001162271462387554 -0.16089426437387627
frame0029.jpg 6.329644497503567e-05 0.0005741237058514122 -0.07309414925276055
frame0030.jpg -0.00010621181240541108 -0.0017495426796558596 -0.1913871174160556
frame0031.jpg -9.767300060044996e-05 -0.0013211270301050366 -0.206124499665221
frame0032.jpg -9.715551488155052e-05 -0.0013064700138793114 -0.2075304116937372
frame0033.jpg -8.803756241743498e-05 -0.0012751550764428785 -0.21736721545228302
frame0034.jpg -8.313524361699227e-05 -0.0012077007720724259 -0.22203123734088
frame0035.jpg -8.931563094116866e-05 -0.0014021206100633989 -0.16996772044701927
frame0036.jpg -9.3225454570552e-05 -0.001420353980599877 -0.1772118644754534
frame0037.jpg -7.355044317518576e-05 -0.0010540051646110368 -0.278152529356767
frame0038.jpg -6.43193585655668e-05 -0.0010817833482324225 -0.2498944950374313
frame0039.jpg -4.939084725458038e-05 -0.0010175931472600262 -0.22670180035681006
frame0040.jpg -4.766292422312625e-05 -0.0010007311724936217 -0.2257434683904896
frame0041.jpg -7.920313483234518e-05 -0.0011026347664976658 -0.19865647058618535
frame0042.jpg -7.008037627909417e-05 -0.001376477084726156 -0.1534695833482238
frame0043.jpg 1.8259291157019307e-05 -0.0004419577441799508 -0.15203265818066278
frame0044.jpg -7.304280293700708e-05 -0.0009917033870587158 -0.23387842792358396
frame0045.jpg -8.042127859805167e-05 -0.0010459833169396662 -0.2271512834206961
frame0046.jpg -7.586944921752341e-05 -0.0014011123073552972 -0.131748421936794
frame0047.jpg -7.666521549273828e-05 -0.001409400379598048 -0.1314129546536426
frame0048.jpg 1.0548322573102386e-05 -0.00048531647308381123 -0.15231874191918282
frame0049.jpg -8.091464831512826e-05 -0.0014260570158776313 -0.15489855643566935
frame0050.jpg -9.393149975333755e-05 -0.0015208765524451554 -0.15625833436499914
frame0051.jpg -0.00013439377280912476 -0.0016218143434273975 -0.19165655277508253
frame0052.jpg 1.851012712900354e-05 -0.00034133100958707804 -0.17494460338648574
frame0053.jpg -5.493495791723128e-05 -0.0009448438684471768 -0.2123874123749806
frame0054.jpg -1.3807652217178906e-05 -0.000313755052876156 -0.21130030156929205
frame0055.jpg -2.6540044557262177e-05 -0.0006111096533926606 -0.16909423306012614
frame0056.jpg 5.635239096763264e-05 0.00017642678134047583 -0.15421602765374715
frame0057.jpg -6.967823854689967e-05 -0.0007969885247912106 -0.19665245662789071
frame0058.jpg 2.1724478214625157e-05 -0.00012429071711552814 -0.12431392505707582
frame0059.jpg 7.591756710480688e-06 -0.00020881089291856044 -0.195053834731074
frame0060.jpg -4.415982783256198e-05 -0.0008983561957989863 -0.23554886760207674
frame0061.jpg 1.674202419280438e-05 -0.0004773626265709147 -0.14660845147929238
frame0062.jpg -1.1425028078881973e-05 -0.0007450616020279986 -0.1360646239527702
frame0063.jpg 6.211460806959317e-05 0.00031367784922157056 -0.17204820128010126
frame0064.jpg -6.8260508174267856e-06 -0.0002587736154267412 -0.3072425366048825
frame0065.jpg 7.994569894887902e-05 0.0005605892872025557 -0.2190271304293889
frame0066.jpg 8.035332019420287e-05 0.000606969187486614 -0.22377463804557693
frame0067.jpg 2.776349121607416e-05 1.0213899999011657e-06 -0.19948325232618036
frame0068.jpg 3.8206882362276655e-05 0.00020910003130413156 -0.1850942191655896
frame0069.jpg 1.5583239375126413e-05 -0.00015780886501759478 -0.19262174322962192
frame0070.jpg -4.735740987655266e-05 -0.0011482668264576215 -0.15105121659098913
frame0071.jpg -4.735740987655266e-05 -0.0011482668264576215 -0.15105121659098913
frame0072.jpg -2.4760851516361254e-05 -0.0010039989727588107 -0.12396490455579963
frame0073.jpg -3.636947515573736e-05 -0.003237503740745484 -0.015420924293164953
frame0074.jpg 0.0001110332978705698 -0.005199709926094161 0.09899236349442736
frame0075.jpg 0.00017856350800051968 -0.008406499670601442 0.13594079517400615
frame0076.jpg 0.00021942272464826765 -0.010264450845361834 0.12184930316146585
frame0077.jpg 0.00010144505699942994 -0.013398226816640465 0.08621505227718958
frame0078.jpg 0.00014248706403622972 -0.017518309226957487 -0.2577309149985761
frame0079.jpg 0.0002915895638283838 -0.01998009407059539 -0.8646850931078869
frame0080.jpg 0.0001754998349328891 -0.023836014035939667 -0.8652864864735565
frame0081.jpg -1.9169069760573056e-05 -0.0279092005876528 -0.793024144501759
frame0082.jpg -0.00019638088934433072 -0.032057868514785696 -0.9101421800211212
frame0083.jpg -0.0006970807973181461 -0.03849193236577485 -0.5770937007789371
frame0084.jpg -0.0011335230563348944 -0.04250944728288264 -0.21281811009791285
frame0085.jpg -0.0013287621646816427 -0.04659629500835792 -0.2770712149502097
frame0086.jpg -0.0013820202244555029 -0.05146373959433849 -0.6336715333551513
frame0087.jpg -0.0013613742123275536 -0.055181283977901036 -1.0055557806895323
frame0088.jpg -0.001672098206062739 -0.0596539954811407 -0.8443494469545653
frame0089.jpg -0.0019496715206824952 -0.06429610440590194 -0.6566221561018644
frame0090.jpg -0.0022598090115422856 -0.06923872736193636 -0.5297078658900882
frame0091.jpg -0.0026051108841563604 -0.07488739035370906 -0.3091645810073768
frame0092.jpg -0.003055915539164703 -0.07923375212470732 -0.16734843985874007
frame0093.jpg -0.003503168986666142 -0.08428584173655232 -0.07673435519626252
frame0094.jpg -0.0036536484780911494 -0.08841839030362737 0.09193474193222244
frame0095.jpg -0.003945595140176056 -0.09440787500272603 0.038887350506437164
frame0096.jpg -0.003961025056480125 -0.09682322405980674 -0.037226389337928115
frame0097.jpg -0.0047726665531193455 -0.1040478494275322 0.15029994223141366
frame0098.jpg -0.004935524037958818 -0.106452325037783 -0.050328502087472485
frame0099.jpg -0.005393902013102435 -0.11342484887234976 -0.08944897524773154
frame0100.jpg -0.005552174565254439 -0.11664880099708518 -0.07348982753689473
frame0101.jpg -0.00591014910741498 -0.1207715046481781 -0.5286452497253764
frame0102.jpg -0.00618018092347824 -0.1245690005246578 -0.5521587951981596
frame0103.jpg -0.006609325417018671 -0.1311313445573254 -0.6868474456490258
frame0104.jpg -0.006860911088855504 -0.13647339743050116 -0.5691902108127808
frame0105.jpg -0.007098705381036834 -0.13964535659783284 -0.9763536955890356
frame0106.jpg -0.007587217581663051 -0.14458506315368613 -1.3184427944962658
frame0107.jpg -0.00803541823465322 -0.150380094329692 -1.655684869987586
frame0108.jpg -0.00828058533137361 -0.15438510366881614 -1.6628455025231372
frame0109.jpg -0.008691732216456211 -0.1591547483548101 -2.1069903146589692
frame0110.jpg -0.009181462401043162 -0.16552933226312072 -2.155930101815465
frame0111.jpg -0.009450486513859423 -0.17025896413261798 -2.2514416954582908
frame0112.jpg -0.00989707736927263 -0.17854429141259398 -2.227398907116592
frame0113.jpg -0.009958719415715543 -0.18046447361072349 -2.375919698554156
frame0114.jpg -0.010185720427558343 -0.18476772498277555 -2.420455977269134
frame0115.jpg -0.010540198424253772 -0.191931874072659 -2.3846077292598435
frame0116.jpg -0.010653215800780573 -0.1945911419266503 -2.3981026100614597
frame0117.jpg -0.011223051717433413 -0.2030479497425381 -2.3008574447195707
frame0118.jpg -0.011511397650031159 -0.2083168030215122 -2.492096007752402
frame0119.jpg -0.011788100502343848 -0.21325209648404334 -2.446140716281427
frame0120.jpg -0.011895595431865686 -0.2163128977892565 -2.3503333327955582
frame0121.jpg -0.012190882298241702 -0.22220855725591093 -2.4882389444080584
frame0122.jpg -0.012394523452690622 -0.22483290163559652 -2.200599096294593
frame0123.jpg -0.012699055740511256 -0.2291189358836208 -2.323213697879716
frame0124.jpg -0.01313251348901455 -0.2341017347469851 -1.869562999547408
frame0125.jpg -0.013584211087970472 -0.2377055425884819 -1.9964243557620234
frame0126.jpg -0.013830982482636086 -0.2410604576789077 -1.6657219347930092
frame0127.jpg -0.014234758630882409 -0.2452560952733281 -1.7361586592197957
frame0128.jpg -0.01464036563024411 -0.2514185426462709 -1.5856477955158756
frame0129.jpg -0.014897661223176987 -0.2544613297974502 -1.894336225744097
frame0130.jpg -0.01480173209746039 -0.2538554249287689 -1.5159486618529363
frame0131.jpg -0.015996597725418633 -0.2663737700525456 -3.1582223932726343
frame0132.jpg -0.012809720534843168 -0.23100770891973896 -1.7531179863101358
frame0133.jpg -0.017722938950297418 -0.2829542428951625 -2.573466545429005
frame0134.jpg -0.018297670756973198 -0.2883507505892405 -2.1698422554581858
frame0135.jpg -0.018852040188158715 -0.2954575101443963 -2.7298902697931267
frame0136.jpg -0.01924616329008689 -0.3010006585104555 -2.926022044898508
frame0137.jpg -0.019955581365395703 -0.3099265546811216 -2.6410893954265515
frame0138.jpg -0.01988655543311001 -0.31182469431734217 -2.96367471271782
frame0139.jpg -0.020403299475195424 -0.31805596547965503 -2.697909713556258
frame0140.jpg -0.02023647551242673 -0.3174173138510883 -2.589328540292865
frame0141.jpg -0.020658160172792053 -0.3216082585955258 -2.5014121396873485
frame0142.jpg -0.02087787576395579 -0.3239336753545379 -2.411627431528294
frame0143.jpg -0.021103226716485974 -0.32788707325991423 -2.526430756884054
frame0144.jpg -0.021441597430847253 -0.3297909895286424 -2.30241748599962
frame0145.jpg -0.021226147621859426 -0.3288904889671964 -2.0905325919629942
frame0146.jpg -0.022228446872456856 -0.3349846102580782 -3.5001582560381634
frame0147.jpg -0.022836250159252457 -0.34194821919818363 -3.01212875365618
frame0148.jpg -0.02399991076743349 -0.3526728339581005 -2.855917482067043
frame0149.jpg -0.02497762454618253 -0.3622438212397725 -2.4072586890523637
frame0150.jpg -0.025969403800541982 -0.3727858071374897 -2.887610067774148
frame0151.jpg -0.025728703489956047 -0.3700598039881749 -2.6106140797148534
frame0152.jpg -0.02367787273036204 -0.3488290810416942 -1.6545718299737664
frame0153.jpg -0.02628657512751743 -0.3775937891332039 -2.3943676443923825
frame0154.jpg -0.026439702826217413 -0.379079425343858 -2.8959147500912774
frame0155.jpg -0.026782262590599574 -0.3782496798891457 -3.1643938067287625
frame0156.jpg -0.027347597081697483 -0.3847532044066673 -3.1118963643555673
frame0157.jpg -0.02775829659958326 -0.3906118824735846 -2.7945232446728716
frame0158.jpg -0.028013226817975582 -0.3950680547494136 -2.7055021427415227
frame0159.jpg -0.027371711062049928 -0.3883796355177172 -3.1058626853851927
frame0160.jpg -0.029468444532304544 -0.4104481825791769 -3.3458103389245046
frame0161.jpg -0.029774874316507827 -0.4151072852288841 -2.87374056479232
frame0162.jpg -0.030173016677364026 -0.4231720696637368 -3.023482051725837
frame0163.jpg -0.03065335023446517 -0.4265302008204437 -2.7535391879209667
frame0164.jpg -0.0319139212864276 -0.43919668567050574 -2.612178094077756
frame0165.jpg -0.032673670835973036 -0.4464408446895325 -2.715030955385473
frame0166.jpg -0.032865351147485324 -0.4516996067946916 -3.0774769619360733
frame0167.jpg -0.033151326780136506 -0.4536852682647525 -3.2480095548491805
frame0168.jpg -0.0310864185885352 -0.4318228356354752 -2.197757464147277
frame0169.jpg -0.03182616539516743 -0.43777214659721386 -3.917823048276982
frame0170.jpg -0.03270782642749686 -0.4491237242097689 -2.6794218577901647
frame0171.jpg -0.03357440348437852 -0.4574262284805845 -2.4725910007148766
frame0172.jpg -0.034190431899519265 -0.462083016398283 -3.0487479411897627
frame0173.jpg -0.03444380805048803 -0.4666913601395191 -3.1337636355728913
frame0174.jpg -0.0352740330908396 -0.4765185176874556 -3.732556485746577
frame0175.jpg -0.03626454632013902 -0.4851928411858276 -2.7006902069253766
frame0176.jpg -0.03752569957742945 -0.4972979319677344 -3.1058343454741144
frame0177.jpg -0.03798979233278165 -0.5019960601529714 -3.1659657090165325
frame0178.jpg -0.03866802104956375 -0.5099953280880292 -3.040643625203045
frame0179.jpg -0.039083759431931084 -0.5138208358425608 -3.689604690913813
frame0180.jpg -0.039158060935361484 -0.5156691258102922 -3.3660018853419316
frame0181.jpg -0.03875536341825747 -0.5109232531667406 -2.4194712909853062
frame0182.jpg -0.03857791130271726 -0.5067332768217097 -3.4460671474684124
frame0183.jpg -0.03948325058457492 -0.5171779851585869 -3.559658240553853
frame0184.jpg -0.040525589018211634 -0.5244195179189226 -3.645007982926715
frame0185.jpg -0.041964896175558215 -0.5377698447823125 -3.6520065441645295
frame0186.jpg -0.04264223725801226 -0.5445159487497996 -3.511551885005865
frame0187.jpg -0.04340065411348725 -0.5497144109940344 -4.245053612227766
frame0188.jpg -0.0442526604718485 -0.5565036063747208 -3.8420786942048495
frame0189.jpg -0.04471753108502583 -0.5604780824167683 -3.6964980169969537
frame0190.jpg -0.044823175524890416 -0.5620976124836494 -3.0259810482158107
frame0191.jpg -0.04475924467347063 -0.560383046446128 -4.303779618017543
frame0192.jpg -0.04508727639239325 -0.5639372467451826 -4.571184334229399
frame0193.jpg -0.04546698668702815 -0.5683676624986442 -2.554202327086736
frame0194.jpg -0.04600453648627212 -0.5748099907501873 -3.8429735136989587
frame0195.jpg -0.04642149354050613 -0.5785821600391946 -3.4171306252997384
frame0196.jpg -0.04678878414382514 -0.5861702647797072 -3.4864811828798996
frame0197.jpg -0.04789219537066144 -0.5965093080658047 -4.150180218958642
frame0198.jpg -0.048720099016390656 -0.6022026361677096 -3.88385651798635
frame0199.jpg -0.04859225626938655 -0.5972581490670787 -5.648427537324403
frame0200.jpg -0.049964990317849664 -0.6103529169908894 -3.1247899408193103
frame0201.jpg -0.0503751074206962 -0.6163318949931903 -4.667973145700564
frame0202.jpg -0.05064329469852695 -0.6174723368256021 -4.386663843222136
frame0203.jpg -0.0500929744969575 -0.6115933797948743 -3.786045317441421
frame0204.jpg -0.051334910420644066 -0.6238678600019968 -2.740416437821976
frame0205.jpg -0.05168969894305394 -0.6285172994407583 -3.180121666184583
frame0206.jpg -0.052770624561837225 -0.6391395283275966 -3.548688563562062
frame0207.jpg -0.053253201116259564 -0.6421610202129785 -4.527295833581439
frame0208.jpg -0.05423817116031378 -0.6484651505922866 -5.152118757988177
frame0209.jpg -0.05423565322888102 -0.6448149849459074 -4.430248296599847
frame0210.jpg -0.055779074965476065 -0.6566504708984321 -4.4046687189533085
frame0211.jpg -0.05635279253060459 -0.6622661220245283 -4.404553773815208
frame0212.jpg -0.056570170765906966 -0.6648763441779215 -3.363053365958724
frame0213.jpg -0.056684576122396975 -0.6682834204251231 -4.182839467136258
frame0214.jpg -0.056934346436407136 -0.6723318226229267 -3.2536057613070666
frame0215.jpg -0.057012776618555215 -0.6716177681593717 -3.678953696385839
frame0216.jpg -0.057854624169788926 -0.683054444447708 -4.100191596208121
frame0217.jpg -0.058792310889389514 -0.6892542889250808 -5.052688530249796
frame0218.jpg -0.05929186935076106 -0.6884245905138314 -5.153753140177264
frame0219.jpg -0.06003563749496212 -0.6926539030552022 -4.851137449743048
frame0220.jpg -0.061044775405131015 -0.7018437875392215 -3.8043494056215215
frame0221.jpg -0.061836923518929485 -0.7097646719329076 -3.42031519315533
frame0222.jpg -0.06222913708252874 -0.7102208400501515 -5.739262349413174
frame0223.jpg -0.06261699297523662 -0.7125542103111887 -4.970366806599576
frame0224.jpg -0.06350206402627863 -0.7169497471990071 -5.490100865030828
frame0225.jpg -0.06489368797073175 -0.7280840318208667 -3.893140439489922
frame0226.jpg -0.06579209409226827 -0.7318928701163372 -4.866321056580933
frame0227.jpg -0.06643144697088398 -0.7367894708794108 -3.3493512544504287
frame0228.jpg -0.06658467887631325 -0.7375826261074792 -4.2934940174408505
frame0229.jpg -0.06752542252078714 -0.7493235432823863 -6.637620928734688
frame0230.jpg -0.06761825082311138 -0.7466719858687191 -5.948190203271087
frame0231.jpg -0.06874551325181355 -0.7568549259184657 -3.366013334275208
frame0232.jpg -0.06918543432232482 -0.7605554392824848 -5.448734429552126
frame0233.jpg -0.06997179236619963 -0.766967581575293 -5.24458137351554
frame0234.jpg -0.07087980432311791 -0.7732051019730908 -4.603227783746566
frame0235.jpg -0.07151899916869561 -0.7770851832035267 -5.345117972845144
frame0236.jpg -0.07216787914026435 -0.7820524098049627 -5.6353994850754585
frame0237.jpg -0.07272518700172631 -0.7873476906560634 -5.671573233537737
frame0238.jpg -0.07315595407826612 -0.7909832819680178 -4.940292103305568
frame0239.jpg -0.07404895059596256 -0.7960334148524644 -4.294100207058248
frame0240.jpg -0.0749412267490586 -0.8008022847649937 -5.651115779597068
frame0241.jpg -0.07558249896341462 -0.8064478260012591 -4.838396090496727
frame0242.jpg -0.07615938697538095 -0.8118508520641499 -4.5639474975236665
frame0243.jpg -0.07667695141004639 -0.8155074156436456 -5.766736416677259
frame0244.jpg -0.07738463563133054 -0.8219759436490695 -6.048103025435008
frame0245.jpg -0.07782886209241513 -0.8261992331056841 -5.796760463770325
frame0246.jpg -0.07819792322784544 -0.8298462854716973 -5.611639855316546
frame0247.jpg -0.07886689937169925 -0.8327730624218608 -5.422913284580676
frame0248.jpg -0.07965423025657789 -0.839803958456315 -5.559345200116776
frame0249.jpg -0.08056850677932903 -0.8448645204068463 -5.220765797933619
frame0250.jpg -0.08121396550073443 -0.8501752343004193 -4.848511761071157
frame0251.jpg -0.08175279023036029 -0.8532180567057543 -4.423777540227826
frame0252.jpg -0.0826466300305781 -0.8598962426242789 -5.917972371949393
frame0253.jpg -0.08317478068819095 -0.8637842896153481 -4.968376233572238
frame0254.jpg -0.08369892540115023 -0.8685828261516523 -5.176507329739593
frame0255.jpg -0.08404162543969362 -0.8705283413213855 -5.0976802452483225
frame0256.jpg -0.0849217414686257 -0.8772785397884546 -6.066770968998151
frame0257.jpg -0.08574002922138392 -0.8831397269954004 -5.620718357170688
frame0258.jpg -0.0864969257548441 -0.8871389647724279 -5.213342381050059
frame0259.jpg -0.08729449460952404 -0.8933328458510188 -6.4116050520998975
frame0260.jpg -0.08796703114575471 -0.8980708218585478 -6.093982823955612
frame0261.jpg -0.08856668216468369 -0.8994319420974329 -5.657352802045885
frame0262.jpg -0.08971971501634436 -0.9072830566450252 -5.696932465129388
frame0263.jpg -0.0906380726224382 -0.9127900860041565 -5.5822856916499966
frame0264.jpg -0.09122771855300714 -0.9133914851948408 -5.820756912413692
frame0265.jpg -0.09216434882307643 -0.9222896365294414 -6.235201275902635
frame0266.jpg -0.09285372401318134 -0.9269463412437199 -5.673336671170637
frame0267.jpg -0.09356787578469708 -0.929776593093958 -5.974574972882829
frame0268.jpg -0.09443762272592668 -0.9361537937413226 -6.018519737228355
frame0269.jpg -0.09516873645969293 -0.941232043482788 -5.758684556287752
frame0270.jpg -0.09581584796720913 -0.944793966883468 -5.635835663698304
frame0271.jpg -0.09674273479192927 -0.9504448552722112 -6.671298800803758
frame0272.jpg -0.09743829490763813 -0.9555928685078398 -6.385385031483171
frame0273.jpg -0.09811843335526656 -0.959560055019036 -6.097732027330803
frame0274.jpg -0.09877662354670286 -0.9643851677696862 -5.8044305724403085
frame0275.jpg -0.09878477686945912 -0.9644229491366624 -5.800396233498905
frame0276.jpg -0.1002628755232484 -0.9740326368398341 -5.953154461432725
frame0277.jpg -0.10026043380001567 -0.9740421532855044 -5.9582986851304325
frame0278.jpg -0.10190808460577952 -0.983760435495511 -6.03283838495226
frame0279.jpg -0.10257792276415943 -0.9884531480680356 -6.050290748574798
frame0280.jpg -0.10338125862436776 -0.9916712884638356 -6.306279831052103
frame0281.jpg -0.10415998119127116 -0.9978427695345408 -6.130652356210886
frame0282.jpg -0.10495388811570804 -1.0022063432311659 -6.07711774933833
frame0283.jpg -0.10585042145829587 -1.0049225489188949 -6.445322312481794
frame0284.jpg -0.10660966144968843 -1.0128409790969517 -6.551563033305391
frame0285.jpg -0.10739568642994712 -1.0175951623424138 -6.778942040486758
frame0286.jpg -0.10812976178015968 -1.0205180575960466 -6.487779149042167
frame0287.jpg -0.1087940962535766 -1.026368441284642 -6.3163513998986325
frame0288.jpg -0.10938227806430316 -1.0312730543338346 -6.1590078834677024
frame0289.jpg -0.11008468007142068 -1.0350059787589043 -6.320597655291622
frame0290.jpg -0.11085384013809108 -1.0391568900735195 -6.455132881371441
frame0291.jpg -0.1116329613592332 -1.0459029800915238 -6.815479891672673
frame0292.jpg -0.1125393408340216 -1.0506721287512797 -6.639618784530285
frame0293.jpg -0.11326271714232132 -1.0548544133390405 -6.454529325448324
frame0294.jpg -0.11412524129720045 -1.0592942715497091 -6.544849438581405
frame0295.jpg -0.11521269498820533 -1.062458814590573 -6.852578259423134
frame0296.jpg -0.11575531365368773 -1.0694512109706118 -6.612722520163098
frame0297.jpg -0.11664112116090468 -1.0743679363920595 -6.753257396117745
frame0298.jpg -0.11774085840516095 -1.077421112968148 -6.492367015972363
frame0299.jpg -0.11854373423687735 -1.0829379823871956 -6.461170653339976
frame0300.jpg -0.11958430797458405 -1.0863657556312414 -6.847444104248254
frame0301.jpg -0.12024224411443064 -1.0931498640866175 -6.527002248616687
frame0302.jpg -0.12112964224437132 -1.0984074332662137 -7.2484201183072905
frame0303.jpg -0.12202893789590424 -1.1018898532816994 -6.688289928919994
frame0304.jpg -0.12274061612876973 -1.1074733301820217 -6.658820959352957
frame0305.jpg -0.12362245469289325 -1.112116103144814 -6.5892879087880845
frame0306.jpg -0.12442180989426413 -1.1167015282762014 -6.830269575843346
frame0307.jpg -0.12526767369195907 -1.122181007829844 -7.396228891248666
frame0308.jpg -0.12600320099554474 -1.1269072309165586 -7.028564975666285
frame0309.jpg -0.12695015849543212 -1.1311301490769152 -7.361527528971847
frame0310.jpg -0.1290817600234347 -1.1403771609304816 -7.58681736263198
frame0311.jpg -0.12907097692908492 -1.1404174449089293 -7.60165940710668
frame0312.jpg -0.129726681238861 -1.145538501115031 -7.159258685631949
frame0313.jpg -0.13049527146022602 -1.1500296499454823 -7.184885260410143
frame0314.jpg -0.13128356147459674 -1.1553132450249923 -7.662875100890071
frame0315.jpg -0.13222851749056747 -1.1596136959245331 -7.407602086333923
frame0316.jpg -0.13322370432517686 -1.1641824086904378 -7.37042604654872
frame0317.jpg -0.13399623149162854 -1.169202791946384 -7.207163142714911
frame0318.jpg -0.13484654225446066 -1.1747366815020732 -7.794149105599573
frame0319.jpg -0.13577461188420822 -1.1794517997915397 -7.9787565354538925
frame0320.jpg -0.13701854797038254 -1.1835988451664674 -7.6905281116811635
frame0321.jpg -0.13794593979011496 -1.1882332154907926 -7.690751273597088
frame0322.jpg -0.13895162418247714 -1.1927990668333437 -7.446464341381664
frame0323.jpg -0.1395575834996032 -1.1973675824349248 -7.5653162641676
frame0324.jpg -0.14019975390027856 -1.2021429732159474 -7.774267627134522
frame0325.jpg -0.14153121513036065 -1.2070962684100297 -7.756637213877378
frame0326.jpg -0.14214696984518002 -1.2119597335836525 -7.87726581649161
frame0327.jpg -0.14298959433616298 -1.2173676058074294 -7.814018741462289
frame0328.jpg -0.1433939732410403 -1.2216402918474092 -7.917825009673255
frame0329.jpg -0.14435746142117462 -1.2262029544400537 -8.122547558024577
frame0330.jpg -0.14495912298367464 -1.230839698266343 -7.913290899985527
frame0331.jpg -0.14573187686744876 -1.235753595379967 -8.30320078564451
frame0332.jpg -0.14679908909679967 -1.2406512304575383 -8.08258084602905
frame0333.jpg -0.14815839575352435 -1.2457834679298825 -7.7761344450765995
frame0334.jpg -0.1501153315230984 -1.2552913354361095 -7.944140996844765
frame0335.jpg -0.1501153149399727 -1.2552912891320143 -7.9440512726529
frame0336.jpg -0.15040568986890235 -1.2597319451587956 -8.303646305499662
frame0337.jpg -0.1516468343315065 -1.2647236269574011 -8.195642902032196
frame0338.jpg -0.15223160492847224 -1.268883993075194 -8.438013468771867
frame0339.jpg -0.1531274999489622 -1.2736605890499415 -8.61641511903892
frame0340.jpg -0.15409228494932434 -1.2787273686966782 -8.525196312478469
frame0341.jpg -0.1549951744526838 -1.2834416929498582 -8.420024301596662
frame0342.jpg -0.15588647792434365 -1.2882723687874664 -8.423874396606198
frame0343.jpg -0.15723022437751544 -1.2937846223561749 -8.393312223109147
frame0344.jpg -0.15747456260681067 -1.2975402971170171 -8.961339177209341
frame0345.jpg -0.15924720246765425 -1.3037173129917659 -8.75311800117495
frame0346.jpg -0.15947453641644566 -1.3071847876721614 -8.698124994101327
frame0347.jpg -0.16048834096841952 -1.3117699758699564 -8.875574840311362
frame0348.jpg -0.16179057698012572 -1.3170540467200198 -8.811023808003391
frame0349.jpg -0.162886371731432 -1.3220519017442358 -9.256167758445825
frame0350.jpg -0.16382199081136753 -1.326264235036135 -8.995289360826115
frame0351.jpg -0.16498925474788645 -1.330827529210991 -8.998589312206958
frame0352.jpg -0.16720705687824286 -1.3379996187943828 -8.909068997233492
frame0353.jpg -0.1682977016597172 -1.3431585567349422 -9.05581131011161
frame0354.jpg -0.16838395778521206 -1.345338518558746 -9.606947512853429
frame0355.jpg -0.16921217488570656 -1.3497708362478569 -9.923441454707453
frame0356.jpg -0.1703764302263716 -1.3545575336319888 -10.006057194920468
frame0357.jpg -0.17161356320695764 -1.3593890157890776 -9.585414640932248
frame0358.jpg -0.17215711904722394 -1.3634218565958671 -9.37685857144102
frame0359.jpg -0.17350436180855813 -1.3686241829548746 -9.274598653803773
frame0360.jpg -0.174674753497919 -1.3734246637215537 -9.171900069754267
frame0361.jpg -0.17561516392923632 -1.3775346757938491 -9.714341111604083
frame0362.jpg -0.1767125275727082 -1.3821707897162323 -10.040469270261994
frame0363.jpg -0.17789075332099402 -1.3872364835258166 -9.423064075822722
frame0364.jpg -0.17928040488203273 -1.3924288430104381 -9.698498409728947
frame0365.jpg -0.18124534893129612 -1.3998646983145806 -9.3270626757026
frame0366.jpg -0.18100070949562985 -1.4015753689028825 -9.526630049822117
frame0367.jpg -0.18212643868707248 -1.406405870463056 -9.472957264201284
frame0368.jpg -0.18438450936658893 -1.4142981142346556 -8.972812593941642
frame0369.jpg -0.1838813177530804 -1.4153306340457037 -10.192170286549617
frame0370.jpg -0.18497098625144592 -1.420261850971782 -10.377438883761656
frame0371.jpg -0.18577433018660844 -1.4243597788189917 -9.625739996212351
frame0372.jpg -0.1868056318355038 -1.4292741795961992 -9.612697845963645
frame0373.jpg -0.18813508195348733 -1.4349462347733108 -9.84859159002139
frame0374.jpg -0.18883733848587184 -1.4387679003633125 -9.718745687652007
frame0375.jpg -0.19148144810331613 -1.4473103153383133 -9.677678719351789
frame0376.jpg -0.1910068228290755 -1.4479438799126851 -9.757571578141834
frame0377.jpg -0.1920292129099632 -1.4525464418369796 -10.394002656778703
frame0378.jpg -0.19462538511832614 -1.4619156801750346 -9.601892205088797
frame0379.jpg -0.19432365227456086 -1.4621766752551326 -9.740824110829767
frame0380.jpg -0.1954672359750172 -1.4666247429671722 -9.680153340217652
frame0381.jpg -0.19663521854812385 -1.4716565712931282 -9.932527247371873
frame0382.jpg -0.1976373959387052 -1.4768577430385097 -9.90087723514917
frame0383.jpg -0.19868627152328008 -1.481158272902119 -9.926502705193403
frame0384.jpg -0.19980501394638026 -1.4855569380738791 -9.984026758842518
frame0385.jpg -0.20230022959335225 -1.4947829638880064 -10.087104024459467
frame0386.jpg -0.2038641472229853 -1.501003112506856 -9.514765970912666
frame0387.jpg -0.20353955893191306 -1.5012117854039937 -9.994589045902725
frame0388.jpg -0.2046372335790675 -1.5051078870273882 -10.085810492412463
frame0389.jpg -0.20561296160168052 -1.5096808560351422 -11.332155818127214
frame0390.jpg -0.2067994511113428 -1.515067320651844 -10.115237564023184
frame0391.jpg -0.2080516434832002 -1.5200972747340256 -10.238666479466321
frame0392.jpg -0.2094088662038689 -1.525027237466936 -10.280617275923596
frame0393.jpg -0.21041811826821155 -1.529884463773393 -10.396045457270052
frame0394.jpg -0.21163194298569515 -1.5352664741039521 -10.148142444473164
frame0395.jpg -0.21249771370307866 -1.5385403305727516 -10.058122259796296
frame0396.jpg -0.21397546113780916 -1.5438681771622946 -11.513127009446574
frame0397.jpg -0.2151539678977996 -1.5490115669480866 -10.35097873079576
frame0398.jpg -0.2162632009283469 -1.554154945774157 -10.381239154694038
frame0399.jpg -0.21713183861972424 -1.5578864811101514 -11.531158670703762
frame0400.jpg -0.2181205151970189 -1.5624964463935183 -10.234688423673534
frame0401.jpg -0.21946843408142847 -1.5682178897104997 -10.265806520017057
frame0402.jpg -0.2206702018011225 -1.5727227054481947 -10.242493272855445
frame0403.jpg -0.2213277765716232 -1.5765196944279154 -10.354227628899233
frame0404.jpg -0.22281395067621768 -1.583024643637503 -10.216496668656523
frame0405.jpg -0.2237029334496511 -1.5867804138860826 -11.513714242050062
frame0406.jpg -0.22468954111511094 -1.5911816800351917 -10.432768449619
frame0407.jpg -0.22639589655658626 -1.5981618565768725 -10.465690661631573
frame0408.jpg -0.22842190828097336 -1.6062657553834734 -12.040111270858805
frame0409.jpg -0.2276055544625512 -1.6051339396564197 -12.450843959547385
frame0410.jpg -0.22887109566650934 -1.6108918734377458 -10.601083483531418
frame0411.jpg -0.2301236130397794 -1.6155067568252433 -10.777719057958869
frame0412.jpg -0.2314833337335407 -1.6211848224841017 -10.595882917399297
frame0413.jpg -0.232321945883342 -1.6246995510082247 -10.403156098479565
frame0414.jpg -0.2335618892333683 -1.629643799865475 -10.567390060815626
frame0415.jpg -0.23453859211974695 -1.63404032584661 -10.702863934838346
frame0416.jpg -0.2353724450221358 -1.638485418453665 -10.561271272517322
frame0417.jpg -0.236771333618017 -1.6443149558191898 -10.776241959256424
frame0418.jpg -0.23783513636101575 -1.6489310913845785 -10.74993828852766
frame0419.jpg -0.238690452936518 -1.6528762103292634 -10.754140728325067
frame0420.jpg -0.2401995093903705 -1.6588286781735229 -10.571752877322485
frame0421.jpg -0.24092282252123645 -1.66172268991702 -11.002821365139956
frame0422.jpg -0.2423164424458689 -1.6675970492938026 -11.074307434939001
frame0423.jpg -0.2440602443309547 -1.6733680862284488 -12.76720088742869
frame0424.jpg -0.24453015000466274 -1.6761122042256942 -10.866086304923117
frame0425.jpg -0.2461531895515673 -1.6822845229110583 -11.1393417930575
frame0426.jpg -0.24668414248765294 -1.6844244156138384 -11.103889362965312
frame0427.jpg -0.2480998986089709 -1.6896416854947989 -11.104650588619592
frame0428.jpg -0.24931905474963506 -1.6948146752708713 -11.141606005780222
frame0429.jpg -0.2511916252353229 -1.7013549150271676 -11.160093983780069
frame0430.jpg -0.2520373377452552 -1.7046974379654432 -13.887423235062444
frame0431.jpg -0.2529552033455406 -1.7088040838278955 -11.081423561817784
frame0432.jpg -0.2546089740627883 -1.715529730293272 -11.446881086863554
frame0433.jpg -0.2557602596199821 -1.7190931277147579 -11.50197323414016
frame0434.jpg -0.2558162354384725 -1.7188804745599038 -14.137543050624473
frame0435.jpg -0.2570242852842847 -1.7225138219491656 -11.697651606528506
frame0436.jpg -0.2568292924565792 -1.7213515965766628 -11.953353543514474
frame0437.jpg -0.25698021081026073 -1.7217898575712542 -11.870776442214387
frame0438.jpg -0.2569943716796831 -1.7218670102662172 -11.92332141979098
frame0439.jpg -0.2567811319117721 -1.721309323716511 -11.875527342131626
frame0440.jpg -0.25679897531832585 -1.721381029287235 -11.911212689047813
frame0441.jpg -0.2568191655710464 -1.721422409060835 -11.934310751029225
frame0442.jpg -0.2568724701786339 -1.7217657506312858 -12.014179300030195
frame0443.jpg -0.2569099020570076 -1.7219107748309552 -11.96605333548293
frame0444.jpg -0.2568118082643751 -1.7215466869634963 -11.99190615277509
frame0445.jpg -0.2568709949606485 -1.7217343979015935 -12.006707468555396
frame0446.jpg -0.25687509407494097 -1.7217621965896373 -12.013297761681066
frame0447.jpg -0.25680580736218 -1.7215530589457848 -11.989237677646926
frame0448.jpg -0.25681086212984505 -1.7215755039809468 -11.980377501525442
frame0449.jpg -0.2568818358084933 -1.7218343979073552 -11.989065841856752
frame0450.jpg -0.2572378262442494 -1.7229484134684996 -11.950387168873306
frame0451.jpg -0.2570672868038533 -1.7223506715934864 -12.00500523994556
frame0452.jpg -0.2570537011633322 -1.7223617025004712 -11.986729977309984
frame0453.jpg -0.2570769549114915 -1.722381728087842 -11.963645048260368
frame0454.jpg -0.2570246765109969 -1.7222959806584548 -11.901996511828425
frame0455.jpg -0.2570258921926216 -1.7222989793581789 -11.900129342323101
frame0456.jpg -0.25706158438025856 -1.722315042471996 -11.945934463165882
frame0457.jpg -0.2570620996074036 -1.7223441852267372 -11.947170770717635
frame0458.jpg -0.25695551298014696 -1.7222372503578114 -12.086989504994056
frame0459.jpg -0.25694576559167903 -1.7220908821039989 -12.085023045816069
frame0460.jpg -0.25702225750809005 -1.7222851329805309 -12.047934947583457
frame0461.jpg -0.25702125066164 -1.7223700546957732 -12.102768936871632
frame0462.jpg -0.2571714565960269 -1.7229134417748655 -12.04397378807598
frame0463.jpg -0.2570795074622751 -1.7225245500423978 -11.988254760174485
frame0464.jpg -0.25705227179064183 -1.7224670098939363 -11.98323091032637
frame0465.jpg -0.25707629038940616 -1.7225487919434497 -11.978608475547386
frame0466.jpg -0.2570231186596213 -1.7223754346290852 -11.985571347808092
frame0467.jpg -0.2569967338396251 -1.7223056431967958 -12.000777740675831
frame0468.jpg -0.257011465993157 -1.722364722109731 -11.993023584661
frame0469.jpg -0.25700279124512443 -1.722304534879815 -12.012747387207101
frame0470.jpg -0.2570030341041827 -1.7223087139019055 -12.012205488838795
frame0471.jpg -0.2569891661407797 -1.7222706397879208 -12.018260954424573
frame0472.jpg -0.2570712541611395 -1.72248380081242 -11.983205069699128
frame0473.jpg -0.2570555951921345 -1.7224350868630356 -11.994735366186815
frame0474.jpg -0.2571034475800565 -1.7226048255361657 -11.968416414203904
frame0475.jpg -0.25693379423529106 -1.7219956796460232 -12.015537411644285
frame0476.jpg -0.2569426686728998 -1.7220164189596072 -12.032556033479992
frame0477.jpg -0.25695626644425 -1.7221725697360244 -12.024851682466311
frame0478.jpg -0.2569531521357257 -1.722138612092701 -12.022657177115741
frame0479.jpg -0.25681266840237754 -1.7215739933420733 -12.038951095226025
frame0480.jpg -0.2568839774584956 -1.7219292302075937 -12.036952771772508
frame0481.jpg -0.2568931292751785 -1.7220003824402457 -11.999597411331338
frame0482.jpg -0.2568790608435441 -1.7219241907976586 -12.05148169466428
frame0483.jpg -0.2570007174382117 -1.722282725818575 -11.98908521892062
