-0.0022111198428919013 0.007325804404944207 0.3657228973183483
-0.0003654941817111306 0.004763177235689935 0.6676668539905516
-0.0018497012357438078 0.010269222113557592 0.8161546429161615
-0.0018720767727422802 0.012651656882726424 0.7728735616813914
-0.0017724468239083734 0.014352250689905938 1.0490315887236197
-0.0012487272382627687 0.01622201162668771 1.4892643361707367
-0.00187999400390923 0.02068295694558863 1.4992768784841344
-0.0019969637335018487 0.020875210113695745 1.5346003068685945
-0.0019969637335018487 0.020875210113695745 1.5346003068685945
-0.001928475406667969 0.026277106394545148 1.7993327872265903
-0.0020248362301222168 0.03226270964401545 2.162570921258785
-0.00270279889798725 0.0370380408497578 2.126731704055874
-0.002324445087215167 0.03626726522906591 2.139491560122006
-0.002591792355094911 0.04029749210964147 2.3201565900843297
-0.0028048733930682995 0.04403441865097321 2.4443715919101643
-0.0030842626936441147 0.04742548583695808 2.683589004691933
-0.003048454861630863 0.049879267755448785 3.007868683036416
-0.004090487150006785 0.05455965733335754 2.9953264329658893
-0.003913242714498489 0.05730159709593545 3.280480548150192
-0.0046711012600934325 0.0622044485512928 3.311299672913205
-0.004768099659207808 0.06573099963340549 3.6562726285794778
-0.00539616098310354 0.07389694815790117 4.259702257982863
-0.004519545089131097 0.07568810738343451 4.432010383611802
-0.006379001411293536 0.08225705430426675 4.332651816078129
-0.005477851155195834 0.08333246620358292 4.610513588541452
-0.006588083774463224 0.08830922956101832 4.753994099580012
-0.007384858349046478 0.09320946488131143 4.909109255897444
-0.006229761637517123 0.09422280536654198 5.220028549620396
-0.007482188760944765 0.0994828015422086 5.471603315550811
-0.007297999261243194 0.10220186101045098 5.382746731702649
-0.008799785023353192 0.10820414134853516 5.676481061369723
-0.008788881866666999 0.11112765629778418 5.916611710687892
-0.00951903981062499 0.11551891076353706 6.0723110856308695
-0.009650728554071071 0.11908215094296555 6.0242808417908265
-0.010116478727738382 0.1236355455163454 6.3434522891446825
-0.010639638805218092 0.12788792611065947 6.8512665974620806
-0.01089627460250648 0.12835259570428248 6.81340676924584
-0.010751831340419451 0.13121827983212 6.886450505138861
-0.01039488924232463 0.13363927808440054 7.0319522400667696
-0.012086991544133813 0.13972687694425814 6.977509685250503
-0.012446825452879435 0.143336187530106 6.967879957848552
-0.013284808939096409 0.14796827775572752 7.140909059515858
-0.014039100777115468 0.15231558024995526 7.29078925387795
-0.014522563579531687 0.15614615609361815 7.3649354847209825
-0.014711504038831494 0.1595963253190607 7.490400338609352
-0.015615062292330437 0.1642734410662683 7.778167742156231
-0.016183124936833354 0.17126402706838756 7.9768367677312915
-0.017710348048570926 0.17680326438958086 7.970267851399781
-0.017683281679741508 0.17922705534436004 8.263102005779166
-0.01855947002931005 0.1835633768305925 8.201587703229967
-0.01952033480078247 0.18817640193273752 8.31158616714749
-0.01974702930153037 0.19129153596739573 8.48910918817054
-0.02024433122805812 0.1947881382812423 8.667515256215426
-0.02207063364189393 0.20072576809934625 8.624425200195066
-0.021903103855747 0.2030520961946647 8.716119583517376
-0.022929009182313456 0.20742233309614366 8.843957959904056
-0.02368024167946824 0.21151887285336635 9.006116212984072
-0.02381985683722175 0.2143900250245296 9.202049439060863
-0.024761515348399 0.21888274740880226 9.451605835386687
-0.025185302141810417 0.22256488832905352 9.542756500861538
-0.02515398155024219 0.22249008055640868 9.544724064162418
-0.02554277844884741 0.2261858088539399 9.718820541298292
-0.026623271142264773 0.23067066291534424 10.053787779882846
-0.02712548874557097 0.2339941469700845 10.189724044385256
-0.027577977564139627 0.2375415996658896 10.33617992623719
-0.028165287257048782 0.2410216485478288 10.571400202798342
-0.02885343061216345 0.2448626892391257 10.657042596628377
-0.030411570239199395 0.24988922711290384 10.951572282436578
-0.030632288002379517 0.25263239592321185 10.948326128054935
-0.03107786928982985 0.25615264238520324 11.292329154087447
-0.03344870531873412 0.2655849517790068 11.59014460509974
-0.03418837371769192 0.2692740050467074 11.7519864243652
-0.034924984372536584 0.2731197327687426 12.11558739384535
-0.03559770960014552 0.2766996179057403 12.049716891234816
-0.035809119739208 0.2797183052462209 12.514037092440985
-0.03749310408823736 0.2851419097841925 12.567572643743274
-0.03831270601083482 0.2892562717671127 12.759912504977178
-0.03924948954643434 0.2930728239447786 12.811687844876564
-0.03948505638393854 0.2960222787398589 12.9448680928355
-0.041414696043353516 0.3014834107394161 13.000878017925748
-0.04314848799223525 0.3071272269181273 13.289531432690818
-0.04408291513989945 0.31085652289550153 13.379565721490145
-0.04539992181040134 0.31568168869290314 7.710702252682023
-0.045055503554452175 0.3176141638616491 13.736414713156492
-0.04498064244916719 0.3174972996675377 13.566866094363618
-0.0458406465877888 0.32139228877363457 13.786082483230336
-0.047144583266671085 0.32607797126696914 14.114805376799504
-0.04764004336102856 0.3288431139792727 14.196438327857752
-0.04915893753065445 0.3334153289740383 9.245739231487823
-0.05010293489962892 0.33751601200689346 14.388889880979708
-0.05093304582596631 0.3414176620585229 14.603830135665989
-0.05280547391676663 0.3464258601439506 14.637061969744801
-0.05345038328489304 0.3495312371973674 14.90179312835279
-0.05413254397278944 0.3526265579576437 15.030429993293483
-0.055359313470277255 0.3593731109442609 15.190620671394589
-0.05630771963469883 0.3633023061024029 15.279287110660094
-0.058652670157402026 0.3690270569116912 15.550253349422539
-0.060005325384229674 0.3731331987392582 15.674140920762744
-0.06062737363181789 0.37638427575935257 15.768217878208056
-0.061939007652696436 0.3804906157310587 16.004746578406294
-0.05591634571823331 0.3741589617653198 15.978459416549349
-0.06464686062332063 0.38881375375927785 16.185067088410207
-0.06535823572962121 0.3917605296606226 16.196262965425223
-0.06690919274943449 0.3959652613544338 16.34109810709975
-0.06826544756456082 0.4000671942559503 16.459836610489894
-0.06780412936967709 0.4015053782934279 16.59322076971588
-0.07115856831451345 0.4082896518776487 16.755989415272552
-0.0723581127287102 0.4122906110143745 16.822230501611905
-0.0724249310331733 0.4123774538210521 16.833784266603708
-0.07319959096708968 0.4162060441834787 13.523658976064
-0.07418250331784784 0.4197838002669927 17.16335979779278
-0.07517243544130177 0.4235284290119011 17.394923533914028
-0.0753801747992657 0.42597690863516463 17.5792635645416
-0.07821151810488086 0.43202961027387815 17.70915504570598
-0.0792556316075852 0.4360700624807161 17.75947475137357
-0.07848852591621494 0.4376014777658401 18.073357209821022
-0.08137548525173037 0.4436486652658018 18.146012494394146
-0.08349455114543222 0.44811087712721664 18.283103928016125
-0.08611501059421356 0.4558971320576394 15.43425715522348
-0.08612536505522156 0.4581201026024282 18.71563185004337
-0.08732819222942126 0.4622672829749992 19.027736462966853
-0.08943824757268692 0.4671837994824388 16.018021404549643
-0.08910116329112583 0.468619231306702 19.250293268396995
-0.0921479425035776 0.4746564561054928 16.529719559537988
-0.093511452433881 0.478349989944974 19.552442295412124
-0.0953051852852399 0.4824659373330448 19.743702343694
-0.09576825081829776 0.4849606887421901 19.71358536004965
-0.0972779742718556 0.4889341567040243 19.949623533833122
-0.09946388361692296 0.4939951302754975 19.98287466577866
-0.09994666183209887 0.4968036444554668 20.49759722619755
-0.10101665796025812 0.5002373054296836 20.4974767042937
-0.10237213714621024 0.503814732638965 20.54822189635601
-0.10310569751665624 0.5047693100616476 20.622497201679522
-0.10419972552415947 0.5082762759543236 20.809229739434574
-0.10546137506811268 0.5120994922706883 20.91514796433972
-0.1071595160011449 0.516174351701974 21.24425178473817
-0.10917021106355884 0.5204742367558005 21.292747407720874
-0.11066235275353263 0.5241404111125515 21.493543531544727
-0.1122259215860831 0.5278414853591286 21.691915862036186
-0.11297621451838327 0.5306857503053133 21.86723283812745
-0.11531580846118016 0.5354829681555718 22.164447886738415
-0.11639701632500908 0.538506964722951 22.171425971843046
-0.12009021772188608 0.5462428941782597 22.37862777248873
-0.12213427766729056 0.5506543907442754 20.30072892384881
-0.12369991486312755 0.5540548127614697 22.911432037514448
-0.12574047977611946 0.5583986573146229 21.20472607531761
-0.1268706011041174 0.5613914279621979 22.95026634624277
-0.1272921481791848 0.56380447179888 23.280260970455032
-0.13058337393859445 0.5694217200269158 23.355050785816456
-0.13184692659554426 0.5728833931914327 21.391799490478405
-0.13308176233051613 0.5757705084509623 23.82871602068025
-0.13517024637432706 0.5798316258388506 23.83609576727545
-0.13643010569403222 0.5831044063378985 23.87976628398293
-0.13850785544154515 0.5872122417986594 24.058363603421174
-0.14093318862620344 0.5914645004777117 24.175325231371264
-0.14232480892931426 0.59424650498467 24.291893456275982
-0.142434610019692 0.5943561596185948 24.29204384726313
-0.14409767420989736 0.5977706160299154 24.50943065852231
-0.14659153929420718 0.6026230496391635 24.563281415139986
-0.147620044509309 0.6058518964276908 24.992547007906012
-0.1457014637341611 0.605787316299526 25.264527553129398
-0.15058841932568018 0.6125773429825208 25.08297445079976
-0.15316982047829852 0.6170431044747922 25.285936553087048
-0.1505442517597716 0.616235840999661 25.45101558122885
-0.15634303322855292 0.6240319896897787 25.547656110666818
-0.16080836242543828 0.6317038588866697 24.676169199798284
-0.16172544276825976 0.6343025150312719 25.90205947143669
-0.16331911512515304 0.6378341025046257 26.104130939880648
-0.16577603930499604 0.6421658288032621 26.202156062198725
-0.16431614365747468 0.6426249972076972 26.86003624325017
-0.16893824354084533 0.6488464549203516 26.669978998085046
-0.17118023893261305 0.652716496345223 26.853310039454193
-0.17310982812294656 0.6564654205035132 25.68160912578013
-0.1749453732576923 0.6601247801671868 26.031620713504143
-0.17724995728151724 0.6640779872251406 26.366688512828564
-0.1790493681943183 0.6674103698415901 26.40016275496729
-0.18029496579066628 0.6704053931132608 27.64593639859775
-0.1819115197607934 0.6736194212088688 27.824515738622395
-0.18502515328189773 0.6783452907366536 26.95873843964693
-0.18729217021123085 0.6820457011638703 27.015182274639894
-0.1872578437281416 0.6819971236176489 27.11495126424392
-0.18879955528340264 0.6851055753311122 28.259773505174362
-0.1907581142780183 0.6888502291150542 28.40671962501204
-0.19284172662534094 0.6927702556811556 27.881608865622574
-0.19293392666683312 0.6946878077041245 28.004950110207435
-0.1972859247912696 0.7001294608820753 28.06464327734159
-0.19879187116571867 0.7032203375011877 29.033629259778014
-0.19756436249738546 0.7043074180265789 29.39088830275993
-0.2030787047864788 0.7109672091694361 28.45389061459512
-0.2045723931739169 0.7141278642989659 29.644584174593128
-0.20977131807636945 0.7218599402368889 29.84733557968711
-0.2113848233605341 0.7251198707907844 29.83831087844833
-0.213517004167642 0.728935398597548 29.948108514291512
-0.2151611734403832 0.7323467600446038 30.149104949547528
-0.21459947205866706 0.7337894779941592 30.83485836679405
-0.2199390923908004 0.7399169438259401 30.06975613503382
-0.2223202672028627 0.7434462135224373 29.89416380139657
-0.2235987358015027 0.7464929237138181 30.696405628471762
-0.2262827208030819 0.7505724878569708 30.689231177172555
-0.22847252001003826 0.7541260827869672 30.68895100404725
-0.2310193222517583 0.7579103639264294 30.211500977887912
-0.2331845391017455 0.7612291284432449 30.614903253842392
-0.2327283194068305 0.7629725725013696 31.62243113710976
-0.2374314831825087 0.7679513997228695 31.019515369064308
-0.2374314831825087 0.7679513997228695 31.019515369064308
-0.2402485904113905 0.7718248839522418 30.399883725969428
-0.2409723210384302 0.7746378712946789 31.231704089692197
-0.2447814971523536 0.7791208197546429 31.48857163080818
-0.24463761129638475 0.7812141791523131 31.69050723534113
-0.2470121582639036 0.7849851691406821 31.851942779458927
-0.2505813678446479 0.7893221186804524 31.96924102629591
-0.2509789780843269 0.7918412687345971 32.13437780118105
-0.2530004313870985 0.7954829113096507 32.36338384007438
-0.2597513933189949 0.8037914010457501 32.07915699636446
-0.2619462436389172 0.8072099192435223 32.31488359017502
-0.2641281571155454 0.8104107734767458 32.72593503886043
-0.26559558631123564 0.8136005506934879 32.920528714520124
-0.26794016693999106 0.8174066585578709 33.0061053820923
-0.27045467774193954 0.8212924945674351 33.11778878967576
-0.2722752399743743 0.8243232271181906 33.564138787218226
-0.2745438601302671 0.8276384718645629 33.56056781794121
-0.2769302257868386 0.831284907611606 33.618626167025056
-0.2791623409020189 0.8348888128781992 33.97934705445957
-0.2806983126754367 0.8381641858293416 34.10319385585116
-0.28256873711001196 0.8416621379823037 34.51960695563515
-0.2863462952500808 0.8455903911284477 33.94368177006921
-0.2888268266688017 0.8491768105227082 34.34005058363155
-0.29137329086412284 0.8523877987663495 34.485365793105075
-0.29137434720300937 0.8523888189248616 34.487083831878714
-0.293986228877015 0.8557206765258771 34.75671152206006
-0.29601713558077164 0.8592189428638413 34.77026518484631
-0.2982737200790768 0.8628326802016175 35.24594325165682
-0.3000453181737185 0.8661916343147211 35.07640153985857
-0.3015039308787455 0.8692578526912419 35.64328236470199
-0.30411665885529776 0.8726918030274615 35.75916140161017
-0.3077975781108685 0.8762297813696703 35.63866949245846
-0.3127195599061745 0.8833482408747084 36.00012726648839
-0.31249871391842404 0.8833312616207426 36.0243190182931
-0.3151633653793457 0.8868078365663256 35.796902607553676
-0.3203855523788931 0.8930590895207606 36.65356645111109
-0.3219408069432088 0.8965581724415468 36.67806175253351
-0.32498389591514165 0.9000776300712119 36.83132105447759
-0.3272563461824053 0.9034439199559936 36.86898191301276
-0.3299086980327563 0.9066915831973597 37.23318007366079
-0.3327914789559416 0.9095145565792404 37.15342929737953
-0.3353659132472335 0.9127350921788816 37.35161140905544
-0.33834691950992146 0.9160080321922854 37.194161006261396
-0.3410593582020765 0.9195794597824716 37.751694035862
-0.34278439814613 0.9229711594329352 37.90025131516458
-0.34568396792548056 0.9259604088982922 37.796338482243634
-0.34885609266164874 0.9291729076722308 38.10484666930048
-0.3515091738790622 0.9322527812632908 38.43384822548594
-0.350863066026232 0.9325368631424104 38.36514604288057
-0.3534235289543036 0.9358605093230186 38.376368050457046
-0.3572220579263602 0.9385508097037452 38.46993348004421
-0.3593364523768437 0.941499805765456 38.725118044522866
-0.3612494918380016 0.9454032220225828 39.06846614452983
-0.36392256748858975 0.948756939473948 39.154003626964226
-0.3664397486977002 0.9516864303924076 39.4069516792189
-0.36923947237410143 0.9547997649303314 39.7190447815734
-0.3722590501236485 0.9572586265515088 39.54025789867044
-0.3778311546723511 0.963980226741212 39.91923513931479
-0.3804495288559056 0.9671389576573416 39.83893530672472
-0.3830571322443101 0.9701065301421641 40.40403154955378
-0.3854174009627761 0.9738179653067962 40.25938935206203
-0.3884471801185589 0.9764055878117452 40.79000410176768
-0.3908080986669258 0.9807143695722484 41.04134615500881
-0.3933838612658837 0.9828627112412972 40.871215472890135
-0.3958786995977691 0.9854809935604484 41.193607462037896
-0.3985386884450441 0.9885700897611126 41.415258718569
-0.4013902388827436 0.9915557004076372 41.51696407352311
-0.4043547986811656 0.9953654969625338 41.642793872137105
-0.4069927106852472 0.9995221930387992 41.98675452620496
-0.4099204713681943 1.001689857831228 41.97258510038776
-0.4125452144132693 1.0048716836250615 42.03965597712215
-0.4155876536584205 1.0084740768182192 42.307624435250894
-0.4155885850564732 1.0084703833301454 42.30122549505758
-0.4183381661879323 1.012204518053939 42.49868267395156
-0.4211726976287766 1.0140535543643254 42.70075189763926
-0.4240194572562575 1.0174105777570075 42.5357980568909
-0.4265445596799304 1.019987113226496 42.989195548025855
-0.4290656472498951 1.023229998914756 43.1212639384781
-0.4317113783181088 1.0255707344472509 43.45472577096121
-0.43459744123708105 1.0287609671255944 43.27190623515015
-0.43752541539057055 1.0317922381770064 43.681761410311935
-0.4404056831613857 1.0348967145694734 43.539994691525294
-0.4434980654295054 1.03775635055602 43.7471822462753
-0.4493170752535559 1.0437490243380327 44.08523173507879
-0.4522673988181741 1.0468657968647466 44.07961547220536
-0.4553383549237272 1.0504270877498434 44.29392994237877
-0.4582841196296034 1.0528668550960736 44.278447694971256
-0.4612031474690941 1.055670572045994 44.546597054345455
-0.4644519024007086 1.0589778092285342 44.67142373664364
-0.4673336841374514 1.062535101041403 44.83992969744977
-0.4703061551408371 1.06553574979832 44.951348417778796
-0.4729928842745589 1.067899614483952 45.076455618976574
-0.4759795045474989 1.0707961685506775 45.365205980487254
-0.4790332872316787 1.0733325735130292 45.29262335106553
-0.4819035024194711 1.0748899610310552 45.63666113967199
-0.4849879017285398 1.0777945234273485 45.62810387596241
-0.4881455109189233 1.0809123891136379 45.74254205502162
-0.4885008010588302 1.0824768324688891 45.8119470233977
-0.4920365916051823 1.086342799857582 45.97951495368096
-0.494892706073217 1.0884041129096622 45.36613221561268
-0.4967462202995277 1.0894041350516153 46.7503870212056
-0.5009440830442171 1.0945949879891137 46.77706481311884
-0.50427439231969 1.0980287697121256 46.51658818247165
-0.5073182911398155 1.1009735870992698 46.556703457727394
-0.5096272482501226 1.1022369691195562 46.81326913694984
-0.5127246209125447 1.1051873036456894 46.747737623656704
-0.5187792729334018 1.1103130476911822 47.16370560204039
-0.5202815684983322 1.1101852755711636 48.49530637929777
-0.5235142533012187 1.113523172373522 48.23840723977428
-0.5265824298030284 1.116521094190018 48.608992355390384
-0.5294977200109612 1.1192143881218908 48.72089475351866
-0.5325720321210387 1.1227926862200006 48.955417100676314
-0.5353766320652034 1.125607900788451 49.39332746126938
-0.5384614616692163 1.1285517643790657 49.204785849263295
-0.5423651377595182 1.1328580525184089 49.49886049405737
-0.545273334661646 1.1350210385555721 48.13958612929503
-0.5486479145161671 1.1383623119331523 48.17318071353543
-0.5516081344685135 1.1406281885109448 48.72506331116587
-0.5546707977985381 1.1431228524859465 49.15130707824874
-0.5578433429921101 1.145719278294375 49.29934309072274
-0.561149284496825 1.1487364264734352 49.680621765603284
-0.5611499636949193 1.148737837147689 49.680939982897215
-0.5643824465962313 1.1516662110261078 49.833311105113275
-0.5679621838387818 1.155205030795678 49.95629674294876
-0.5719099464763533 1.1596097948835724 50.343577859119605
-0.5743321195673543 1.1610137420627693 50.052233103711735
-0.5775682794413817 1.1640303074491178 49.92496509702711
-0.5804314113244645 1.1661839389673958 50.540489634997904
-0.5836338446549763 1.1689289483283107 51.052741718401116
-0.5904327237818072 1.174615671555698 51.71917195071468
-0.5933476941570106 1.176679759859664 51.0880647460365
-0.5963042581143817 1.178724605485978 51.42157035891768
-0.5996684478439651 1.1813384840143069 51.845558614693395
-0.6028980654187581 1.1837873307631377 52.38337678349843
-0.6073985503133381 1.1885167556831058 51.67404145810129
-0.6099707069914726 1.1903502658067624 52.17064880410082
-0.6128941830778829 1.1921614668638634 51.418764214427384
-0.6159565628187942 1.1944358844211602 52.00471194063242
-0.6194438775497177 1.1974378377347723 52.22374041041833
-0.62324404132457 1.2009845495947815 51.69018936164985
-0.6255252662120574 1.2025594459824358 53.737242212989905
-0.6291077779328326 1.205609649424668 53.80713168526681
-0.6341222601129402 1.2098294193099193 52.829744975335615
-0.6359933058369239 1.2094003569267655 52.26946192721032
-0.6389671495172106 1.2112421548093215 52.50106144721542
-0.6390299326337372 1.2114364965799451 53.03087338478026
-0.6446116962115677 1.2174163168061902 53.11496511858384
-0.6471541488650345 1.2193071698968654 53.81327007869485
-0.6506562655786651 1.2221174976822735 52.82249658680627
-0.6528108297710649 1.2228759840096368 52.645841975499
-0.6552215320222766 1.2242320513430085 53.8683506174838
-0.6594315207860635 1.2278429896661152 54.26309942054218
-0.6640788817230513 1.2319944453977054 54.667098952669924
-0.6691869013526639 1.234534940129696 53.25906537098795
-0.6720572904922999 1.2374108779358666 55.429482930214355
-0.6729962758796438 1.238070652428119 54.31121362412736
-0.6720178342879572 1.237590607917138 56.62323288135799
