-0.0003551929101513433 0.006271104552716385 -0.09160396920162132
0.0010366242447648118 0.005117697573211839 -0.039332318992245735
0.0007885507848652486 0.010376350999829049 -0.18726827960906284
0.000490788128890429 0.016676362183859414 -0.41274776931082025
0.0021113380198335826 0.01745904266144073 20.560826009354294
0.003977689472047161 0.01802994247977929 19.687088428296487
0.004326776083701175 0.024045940733179404 0.18205713288546288
0.003508578078314178 0.03423836179518396 -0.00975296021158134
0.004346473924617033 0.03948327163459344 0.3082613704786301
0.0056024290060777615 0.04304426183888195 0.6955879829771796
0.004735657522737692 0.05284691637350681 0.3185983651287805
0.0068801731002437715 0.054017709402725 0.383328983526874
0.01104539186502546 0.049599211307985 18.868599051294225
0.007876374656488848 0.06670766034806233 1.0257876429113768
0.008423524606510583 0.07452578213827979 20.24907148890076
0.011097480973789531 0.07461018684246172 1.7208746848405354
0.010805964191111149 0.08251148536028982 1.974777866200112
0.008945739702610964 0.09659216925657413 1.7767933297288998
0.01398046041076429 0.09071362094005724 20.24579431483968
0.014950816022901802 0.09467989852062086 2.2569073152321235
0.010577432741788129 0.1150289988819175 2.632818800785134
0.012572915908979332 0.11879726341942252 2.79687008859236
0.015225561229102116 0.11888608152747893 2.6947829510706187
0.014473893427506044 0.12817056611602973 19.930473612501626
0.01501607387679456 0.13467059030067094 3.302721313429625
0.01796584797676271 0.1342981387871419 2.575699836820853
0.020521548165181383 0.13357038095243295 3.0314628160138795
0.017501224079269618 0.1491748500481509 19.583525908078066
0.0191731680060408 0.15370453789376445 4.02763904021424
0.018764753281109738 0.1615755180508316 3.575818056458341
0.01998254560233861 0.16530316728254082 3.830788919572621
0.02174505868657355 0.16816042495373815 4.688569833379233
0.022791563626211958 0.17230057662601458 4.951445439529933
0.02270152435609923 0.1805819373299028 4.394408270348031
0.022807481549638776 0.1878307055469292 20.458885269746908
0.02377130106599011 0.1924579896422844 20.225602771818746
0.02529120618274681 0.1957654034503796 5.710302750380567
0.024536907176130454 0.205475588828278 5.487940539455507
0.02435481163634164 0.2131119884342463 5.619294458603863
0.025070227177948226 0.21854770340704405 5.84276258372253
0.026608322758285133 0.2216355456788725 5.9892810477714375
0.027370352240877114 0.22620321559084736 6.212748894853954
0.02654434085348609 0.23496280792913066 6.087419347178625
0.02748249462151361 0.239559855008074 6.236384295239196
0.027661409522100174 0.23920189169544484 6.242973298766963
0.027528524777816702 0.24618076147083284 6.506548169582065
0.02883316555011401 0.2558629320172814 6.4332065462381545
0.028020416414238185 0.2642590728380871 6.593601805093857
0.028135692233075302 0.2698088276841897 20.030979241761372
0.027954232063619203 0.2762427319199022 6.795423744423776
0.026847606804093014 0.2843166532045854 6.776661327463727
0.02683551551160898 0.289266908264732 6.908301456022526
0.0270873184074635 0.2943328710112071 6.986921886600418
0.0270556197001506 0.3001176004013766 20.019027325078426
0.02844137877055317 0.3036423519504955 7.584506612294756
0.029725152450537487 0.3073144781308876 8.042491273933273
0.03021873277556065 0.3129075043078133 8.478202341106815
0.02933684661178232 0.3216095069182231 8.45621705257977
0.02961202196256322 0.3278784909185938 8.310686950312254
0.0297513141568654 0.33406660829821044 8.108545995855119
0.03128119249395277 0.33795566323821885 8.537341164698661
0.030297215405220974 0.3465924900124307 8.86701190025077
0.029543681696146355 0.3540897631827392 20.343831903307635
0.02993439639668783 0.3597122867926956 8.919141778407699
0.043860352078743725 0.33700892823323864 13.834483035252564
0.03003350365700613 0.3718616479801966 20.34865755110945
0.031209437241121324 0.3758764894043639 9.744782188239382
0.030557823655610723 0.3828784657760333 9.897028020070788
0.031556898055803466 0.3871975770131584 9.993105575783757
0.03420119892634861 0.3882487770914841 10.765865411063645
0.032846725791847727 0.396916122552735 10.698263522250675
0.03320569074494127 0.4025142904943805 10.52656669395827
0.03258299214459666 0.4097511932566416 10.624469901169496
0.03198802690031103 0.4164152961265276 19.877754479807752
0.034149396144857416 0.4184052007353844 11.005480687734382
0.032260504215590666 0.4279505144983529 10.841239573579529
0.042642374916330834 0.41454367098716455 14.984065490339036
0.03303904603095146 0.4379772183067116 11.307969187548512
0.031172564101041945 0.4467391422196851 11.283516312524323
0.030393821067644905 0.4533014250000231 11.659777276549265
0.03009960002554142 0.4594860027589193 11.747269300971587
0.02991068630853207 0.4655971893494924 11.632657968439815
0.03032292783949315 0.4706866509616879 11.813345886311765
0.029476598854897493 0.4777163611082109 12.054981623084116
0.030040426591504632 0.4824352544221587 12.290410244060011
0.030216801045566045 0.4878142795679457 12.524979429181034
0.031137916251202376 0.4915416108146718 12.811797517236595
0.037391126784376436 0.4861579210175248 13.971816460522986
0.028655395165612437 0.5059932614355662 20.88303541899629
0.028111152759345674 0.5120928448286198 20.91476137352292
0.02838690029811168 0.5170166699998381 20.632218338712388
0.02872180130546443 0.5219465095781389 13.266893352659654
0.02935729176980157 0.5265288563917729 13.597184034974385
0.027758157110650626 0.5346061230348539 13.84893212705006
0.027038135110361662 0.5405875188048598 20.932404597178174
0.026160334674920627 0.5469384665451706 14.169094399046465
0.02595384061078676 0.5517049964745107 20.80074296261518
0.025393491665948748 0.557421598115649 14.38867364734972
0.02580043536154797 0.5618897584182098 14.628950215348668
0.02433816096087509 0.5689646347207857 21.37913004871179
0.024045272202599964 0.5744674709687647 14.822981094752224
0.030042439413554174 0.5701890010017903 16.521325035999833
0.022085170098270053 0.586896915736016 21.462731264577275
0.021601471694422128 0.592856433629396 21.56667657936566
0.02203950008121596 0.5974040135121249 15.895834288054012
0.02008089665153304 0.6051045426252462 15.942935044002464
0.024579482562986445 0.6035660793940171 17.06752532202118
0.020011489608585568 0.6153206934756807 16.81404236793111
0.019048163223280627 0.6219774478640295 21.871350147435933
0.01802811881290003 0.6279014710625753 21.954503010694538
0.0191555279999938 0.631197852713537 16.639472398830332
0.01702290540714159 0.6390883500339534 22.165405222044267
0.016836215725429496 0.6446102449911503 16.724829998388035
0.01972391742285582 0.6454292375876219 17.852148897509966
0.014276851140985591 0.6578250239755352 22.70450550758096
0.014559025687564515 0.6623923004502199 17.8630350040643
0.01769575117387041 0.663118629276479 18.68687943590473
0.01458530356376355 0.6721928348993788 22.37080251945918
0.012008013218780766 0.6802475972274887 22.83423059409748
0.01269453870804579 0.6841539398626388 18.301148544510557
0.012847006750678298 0.6885194297041514 21.63080381587347
0.01032458068541723 0.6963002451932645 22.832681087835113
0.009271457074781485 0.702090144984722 22.978366675797755
0.011707809126075544 0.7038268210522555 21.926309141971192
0.008419264292378437 0.7127118721057775 19.245776778264467
0.006715483250811713 0.7197476845910509 19.1740853769207
0.005218477002833816 0.7257963307419326 19.398291208624848
0.007743775167548816 0.7274362037047657 20.41109639898932
0.003489536446020645 0.7372603851303536 23.07016160176668
0.00368436071043373 0.7416031961125337 20.226310850807
0.0007199770493477378 0.7497018718407474 23.645038772629146
3.21931856945637e-05 0.7550579734189794 19.901214545018338
-0.0013680554030682385 0.7608823459460909 23.42287102481357
-0.0027286789899013605 0.7667335672781904 20.60219803254737
-0.003753962089025325 0.7724961091504734 20.469660965682216
-0.001923699321212037 0.7748952217021091 21.066777687173296
-0.004931070014877064 0.782560582462004 23.36199815627697
-0.0060974877004918784 0.7883813552200413 23.627634849140247
-0.00635390564042013 0.7934498320753101 22.297339928427558
-0.009247823512579443 0.8010023717249297 21.85690198589485
-0.007309603877506336 0.8040011300313757 22.31841940148047
-0.008064278095791372 0.8046869998805981 22.392886285931233
-0.01129129732662991 0.8127194738821651 21.55461028323743
-0.0142094249155086 0.8199744195047132 21.672044368373236
-0.013618310140862693 0.8237279261310589 21.883097509756823
-0.014933362839378073 0.8337584944610006 23.01132221681875
-0.015201074543488919 0.8390240043095182 22.560970723365642
-0.01775752019983768 0.8460590563520849 23.02325972029324
-0.01894397067405712 0.8518237556756665 24.563004626498884
-0.020189598900235143 0.8575983067563104 24.67369304322525
-0.021693523091170442 0.8637220074595106 25.13362029029739
-0.02112863033315065 0.8681775433621561 23.36727187831361
-0.02216145894404576 0.8737175415017875 23.781926665857878
-0.02483684793798243 0.8805366865476054 23.415494563854523
-0.027089623525458743 0.8869908883563863 25.67608245936777
-0.0262155828429423 0.89121237624386 24.155164273609465
-0.02866186856852428 0.8976234108711331 24.12223552281849
-0.031239549481993707 0.9043866495753072 24.140700922658812
-0.03154704129596896 0.9093988236434252 24.692219045770802
-0.03221781424388357 0.9147471981372588 25.229814221454145
-0.034368207647924795 0.9210652157737872 24.454544517091012
-0.035322520570727885 0.9267310306407526 24.93357920118636
-0.03580695818016695 0.9320326103834652 25.603110171496247
-0.037351088672008516 0.9378861193932936 25.64268740441733
-0.0391040022606005 0.9434537730556865 26.13511411731421
-0.04235197784066171 0.949759421024675 26.015811231872625
-0.042938209851785016 0.9546341800774087 26.281070990339966
-0.04488773478078651 0.9599132514355306 26.341646320628747
-0.047041230352165855 0.9659284999278084 26.42999089848846
-0.05029819841804199 0.9724915964244506 26.66580963210803
-0.04938902834952492 0.9764326895009452 26.636514999039026
-0.051925698372792733 0.982450991905922 26.276253211849113
-0.05288606301686617 0.9876889551123696 26.951471164999386
-0.055700005675615206 0.9935318854335392 26.910955863719874
-0.05690422540449715 0.9987096939690596 27.165347561490545
-0.058632086482111274 1.0042361887499105 27.0740965412223
-0.060044355986679086 1.0095102525081998 27.36844832258113
-0.06306301008751239 1.015534470509704 27.46326483069469
-0.06463561063461687 1.0214099192209254 27.12887321275668
-0.06717703498278907 1.0274386970650895 27.708746406605467
-0.06703357753332255 1.032372456931287 27.916263969403644
-0.0689495678535334 1.0382048147968566 27.862504512195372
-0.07069262771118777 1.0435778664126538 27.95979406666873
-0.07364701009964206 1.0493987414138206 27.92733994068044
-0.07410586429493476 1.054770720778084 28.36235441622204
-0.07705714007707436 1.0609990919471768 28.56208869360033
-0.07900894317367332 1.0664550328859124 28.46250436996991
-0.08144151310796599 1.072265165248847 28.871474828400828
-0.08362234423824606 1.0777658823642529 29.62723368430787
-0.08328025642602155 1.0827633032884614 29.37783435082521
-0.08648722719543349 1.0887879446682869 29.67519293815541
-0.08869936154692704 1.0942041076983071 29.384881341392962
-0.09134091792645264 1.0997177778306324 29.874036723403286
-0.0922303624860215 1.1048114039300008 29.93809303078706
-0.09427338833182386 1.1104261865857217 30.40026280961103
-0.09624527647740216 1.1161890828478005 30.38773472103281
-0.09858065197970853 1.1221075502609537 30.44945093908225
-0.10179391350558 1.127654665389081 30.99530937446321
-0.1025807805284715 1.132947099583484 30.842648405307816
-0.10412940508348496 1.1382117941613294 30.7893708767497
-0.10648744308335227 1.1436014406951482 31.02464374362048
-0.1100565134700958 1.149350954381364 31.01373044823945
-0.11095465109779967 1.154709429337127 31.317244372167586
-0.11314194962439765 1.1602745227567328 31.433606931701664
-0.11433781165642268 1.1659001995702551 31.86438765637887
-0.11793054105546193 1.1711584954893064 31.788666840980806
-0.11859044902928705 1.1766571201257885 32.04907322878588
-0.12278275297080644 1.1823776997986448 32.47304995761565
-0.12432497529669928 1.18776070151482 32.159039613059946
-0.1258687341101858 1.1932591710897398 32.52249402591609
-0.12882367783763354 1.1986608546525606 32.72402458892311
-0.13104288920546125 1.2042095534548158 32.74667234732042
-0.1324219569984897 1.209760959350726 33.084333664032954
-0.13605691033557113 1.2149043633316696 32.905214058094394
-0.13672417616346524 1.2203910732282732 32.85869215160801
-0.1403604632078385 1.2259161610672729 33.214744517634806
-0.14364129736537393 1.2312328611047314 33.400816964235474
-0.1448687624730804 1.2367996935293115 33.21558735837509
-0.1488186328028091 1.241528221588927 33.666336756588585
-0.1506588664210823 1.2474274469879612 33.52236380998902
-0.15369571369926627 1.2520092460397405 33.75446656401791
-0.15613198199839587 1.256969805932984 33.921234076466106
-0.1584356803152246 1.2624750772885869 34.269710292453425
-0.15965319619371868 1.2685731108441485 34.07081079518315
-0.16227110495093985 1.273993418798589 34.02288092536775
-0.16483464343665274 1.279554476795319 34.81979864243942
-0.1674227165530806 1.2853131461008662 34.651087472720945
-0.17065025939631304 1.2901894898939197 35.08535043024422
-0.17494110749779535 1.2947433767956065 35.047437005968966
-0.17701528050940682 1.3005920397111779 34.55760355652101
-0.17886200882150233 1.3065598126661158 35.41693025590836
-0.18245585976919032 1.3110281931521637 35.488357737964186
-0.18372980924381066 1.3173817209083976 35.60957474881789
-0.18691175818793665 1.3223823275940405 36.0409454575658
-0.18922566908760888 1.3284696721185296 35.86541278485161
-0.1921854764943279 1.3333418577250395 36.362789571545036
-0.19449176659573209 1.3385473472249698 36.099488527348036
-0.1974479651165568 1.3435792344257491 37.18443031323749
-0.20067340932722344 1.3478369372767736 36.906846433947
-0.20304975880744056 1.354139360294777 37.1605833749931
-0.20634559738189606 1.3592575178377868 37.22615021789271
-0.20895528808811745 1.3649899221896653 37.209411164693925
-0.2119627057747385 1.3699991700625038 37.7543196038277
-0.21539358229122896 1.3750309049975995 37.75263346422509
-0.21886753463417405 1.3792611766353544 37.76844613816983
-0.22075979686889888 1.3866064663852185 37.70885760052022
-0.22346550684682265 1.3920501200175848 38.87047146284724
-0.2272973738534597 1.3952954363923529 38.617321314177296
-0.2305883081908651 1.3998826387225904 38.67488166465556
-0.2330287272905729 1.406462916576406 38.81568317533756
-0.2356875084175357 1.412181677211512 39.10493686998415
-0.2387009533920917 1.4171194607941808 39.47147135261157
-0.2422322728193393 1.4212763064283849 39.36098067507186
-0.2448804576578769 1.4268148143797794 39.3919762684088
-0.2467135539583821 1.4356815083297272 40.20528091329006
-0.2507832739689436 1.4390184699450896 39.63626422512
-0.2544354849756046 1.4424922706215728 40.11106561729826
-0.2572748856169633 1.4483260793374837 40.225189470187495
-0.260564797020173 1.4534660307845295 40.20850282181015
-0.2640341519264883 1.4570243931497249 40.45525708784548
-0.2664922519741248 1.4639416128376062 40.75679177822939
-0.2699426795480737 1.468238987879927 40.5362517708448
-0.2731489607542791 1.4740825589654711 40.780513209994396
-0.27630966398075385 1.4796404717814542 40.56828686311549
-0.2797665870344889 1.485001831744632 40.89550063095785
-0.28317115079564803 1.4883945146208428 41.18047153560708
-0.2863703098502285 1.4933977166106038 41.31999566647273
-0.28949015547955986 1.4981249517402306 41.398990721619725
-0.2926579919811793 1.5028054366313466 41.55822491379292
-0.2959666631685132 1.5079778870475973 41.66437300698702
-0.2994821188939449 1.5131551932299452 41.913299601593415
-0.3027938335779143 1.519042870841164 42.03215395907192
-0.306571364937132 1.5227341049024037 42.32797518006416
-0.3100382848335794 1.5279353234861068 42.40165127091071
-0.3131763951507702 1.5327338986259489 42.828246582551216
-0.316345561239506 1.5387537700925005 42.942484975327524
-0.3198726276417799 1.5442268060511388 43.19421683234788
-0.32334150959190994 1.548172224227989 43.31205164586347
-0.3265067736212651 1.5522910310615532 43.57837360545518
-0.32949587605076075 1.5579514640948502 43.8721509383861
-0.33276278036667106 1.5625465740103164 43.91293242060415
-0.3360217265328645 1.5675321515954117 44.109600984650214
-0.3391358644680409 1.5742700708817443 44.39488708673519
-0.3423829316426005 1.5789022305950309 44.35341411215441
-0.3458865792785744 1.5834749495045055 44.67472833123605
-0.34930529854969106 1.5870353853334804 44.708088659459015
-0.3524636459672557 1.5911242250917366 44.736936098460426
-0.35607042409600786 1.5949986550660655 45.11573082930774
-0.35945750551066064 1.6001897969164978 45.12925603391572
-0.3624638290919683 1.6058411868726663 45.20227384590845
-0.3659161966374682 1.6114482711068945 45.62066650440558
-0.3693019162195241 1.6145492631885427 45.531319662639675
-0.3725691246560594 1.6189557015076967 45.783049417594796
-0.3763970050013529 1.6243187855676469 45.83170689126346
-0.380072388173154 1.62782677838664 46.08440163798234
-0.3836615481698433 1.6336031069803687 46.2015776498633
-0.3873321529839357 1.6389334960525102 46.45095626295975
-0.39082273765649306 1.6432793611657392 46.595501962573785
-0.3947249537351327 1.6488708496677245 46.66764332859914
-0.3984847130290545 1.652596816482136 46.86062918117866
-0.4021220959811755 1.6572024939456202 46.98730010364604
-0.40587958384020784 1.6617009494683603 47.159324544418105
-0.4095618303970916 1.6666789994789284 47.352875379359844
-0.4132068571368387 1.6718135657833393 47.65038852189736
-0.4171019096183299 1.6763030607736598 47.62421923918418
-0.4210140535947138 1.679099248282218 47.69745649625741
-0.4247063014114221 1.6836445037313374 48.02488820846917
-0.4283545123723247 1.6871664893190097 48.2368084046086
-0.4326355627925507 1.6933009819645108 48.07742473703329
-0.4364162857963305 1.697914384500196 48.360075530023394
-0.4397939300794557 1.700745617278319 48.38179035298271
-0.4434453694946329 1.7048115442825433 48.60309102780892
-0.4472387075243017 1.7097042217860996 48.65621061958585
-0.4510554740366026 1.71311903066283 48.692433449369496
-0.4546928386908106 1.7171654060714807 48.593294534791575
-0.458128088113943 1.7200287237303218 49.10411984286426
-0.4618505980265455 1.7247080793424938 49.29073461118799
-0.465984199731155 1.7313714439107468 49.46436769705213
-0.4697321930590629 1.7357361937937978 49.59911718633697
-0.4736483745607352 1.739710913881008 49.77341718916757
-0.4779271720501442 1.7460817522431151 50.11930562393529
-0.4816285653723967 1.7504113161380348 50.32399888950554
-0.4856922793578157 1.7555184152836354 50.49338942283244
-0.4891489507390631 1.7583239512282176 50.73609900586703
-0.493330956067764 1.7640478859934752 50.83250131664961
-0.4972999363225881 1.7686955400592963 51.034106906807395
-0.5012548061889615 1.7727876116602257 51.20438854081944
-0.5051113376627752 1.7768951826971535 51.52594547592685
-0.5091636210973441 1.7818619326629872 51.492448881351315
-0.5133628974125222 1.7873013415242862 51.66726889859585
-0.5174704088725606 1.7912553398329891 51.74819054855645
-0.5212850995786484 1.7946307898070402 51.98711889917428
-0.5245755189803137 1.7972095091826816 52.31794371784788
-0.5295765714951015 1.8052208340181293 52.413886306857215
-0.5334569093885974 1.8082223102431487 52.45761153201726
-0.5375739210874261 1.8136343537857609 52.5999289073737
-0.5413477323569946 1.8169696788965115 52.89923818911005
-0.5461101494174613 1.8223947309959607 53.062987953516036
-0.5499135535912326 1.8257289269284565 53.21481908755161
-0.554156937316337 1.83029827972785 53.30974601289747
-0.5588639579254214 1.835329955169304 53.41190337303203
-0.5629333283821156 1.8389475662588117 53.63620482063346
-0.5673395016902517 1.8437997114515703 53.73704781301021
-0.5722138855520431 1.8493943116192204 54.08351644582962
-0.5756215346741578 1.8517195318834097 54.30827694335908
-0.5800287287866739 1.8571125857245856 54.430977743054505
-0.584073030895681 1.8607691819670733 54.425270666587245
-0.5886145785386999 1.8657862179721263 54.43338647447773
-0.5925763640594228 1.8690656432936883 54.73379411304858
-0.5974495121143961 1.8747792560008627 55.05455132153312
-0.6011181338737434 1.8774856531729307 55.15568152057156
-0.6060438036091655 1.8833739389942576 55.30893620003053
-0.6107402714264433 1.888093901225229 55.41325401262014
-0.6148442224880121 1.8916460024801642 55.69578574483429
-0.6194802876971471 1.89625216371634 55.78209088212824
-0.6233091649516768 1.8980908613719285 55.98504830387666
-0.6273171918251105 1.9014041812752809 56.106883582570774
-0.6310745795375113 1.9042667661323005 56.4305652531475
-0.6336735477314014 1.905305788339661 56.872618259072354
-0.6354197298132347 1.9054335752620968 57.25315983282055
