0.00315885396794716 0.007558656010956693 0.7151919131449316
0.00533106251316505 0.009682954530853695 0.9896499672598584
0.006186983874098301 0.013304531322093669 1.3158689175590514
0.007007021887512403 0.017503087769509894 1.4745863359043607
0.007098299236647219 0.022076574225835213 1.504184577949113
0.003848052049588439 0.029142675112265762 1.6821715279533822
0.004944813532190456 0.033170987010884105 1.6905897646184849
0.0050864916358097645 0.03799865262734353 1.6080488339747627
0.005308105967228012 0.03782294890578343 1.5703311842182004
0.002937095680290921 0.04424622028612544 1.9687085995593248
0.003249916119080803 0.049103661797672025 2.1267396414494857
0.0026216996386634987 0.05502113610677853 2.3615718166836297
0.003919085526065503 0.059595787942679584 2.4272033176763563
0.0013994450536222273 0.06675611383817816 2.6022965932393856
0.00217495204817595 0.07198243616936549 2.7386297599278
0.00158546917398681 0.07815342860551135 2.9672705417731526
-0.0010571022569359906 0.08524181057511095 3.0663528492649075
-0.0014425831295858185 0.09135013493689466 3.4630875992385937
-0.004246970032080508 0.10514125555614176 3.956734516282337
-0.005503865430807942 0.11155267393466074 4.070561428867654
-0.0051295445170919645 0.11684431830294012 4.326521978763053
-0.0066128006097654546 0.12327304986834607 4.629794203113012
-0.009891856985340891 0.13072481732926253 4.699540061241759
-0.010138965429756834 0.1361495163294464 5.103445644689144
-0.009803746178361064 0.14112507108247108 5.229995813358807
-0.009680894041591906 0.14656419063649714 5.396845084754824
-0.012254939247689077 0.1535881040447559 5.723333880301099
-0.01447591646393061 0.16017994474345915 5.685713824893927
-0.01473999331859526 0.16589063857181813 6.0176624350223
-0.016324411184125115 0.17259945017773268 6.153376995859317
-0.017974713198703283 0.17877161698659952 6.430463781845432
-0.017363290179277555 0.18382451123282492 6.7899996523110095
-0.01733981764840281 0.18381785035412088 6.814178711696018
-0.018507027147903414 0.19007926124182456 6.818763835859747
-0.021607090103950614 0.1971757995475003 7.100420392712167
-0.020923914692122625 0.2023983795951652 7.425729168513602
-0.02167539991646452 0.20888111986699512 7.4314786517424825
-0.02203745623495032 0.21502557172542947 7.546370660373796
-0.02440485919283511 0.2218945155308608 7.724870290585855
-0.02645610989516943 0.22880382574303354 7.9814033363957275
-0.02576202267926412 0.23432863781216506 8.065865109017219
-0.02713538290766361 0.2408636023120979 8.350025309669121
-0.02914408355831538 0.2481752689607873 8.313599844444544
-0.032421914600396604 0.2608828324198577 8.819015690403882
-0.03301228799029739 0.26648906193582483 8.806055965112892
-0.03737611592188657 0.2733558592436337 8.925386904922542
-0.039347592382566285 0.27906277828566073 9.454080879384641
-0.04183559606847742 0.2852119284456345 9.810392769889363
-0.04507594599565738 0.2913573780909541 9.637512813905744
-0.047563141238136056 0.2968437008354829 10.013015780011623
-0.050963199332493166 0.3032240316391329 10.16654848456961
-0.04951708413647267 0.30678129725260705 10.441669427202637
-0.051432684493423635 0.312295241683777 10.378658453369725
-0.05530128344500583 0.31874921682257384 10.47411750214318
-0.055276776719433415 0.3187162528015949 10.474224524368656
-0.05858493692540787 0.32469247372666543 10.646113065276277
-0.05940337086424196 0.3294284406498901 11.444392654092205
-0.06124668771988551 0.3352284478863897 11.547744449880025
-0.06369344828350074 0.34073537385985503 11.388846318095641
-0.06469074030338595 0.3456599789527041 12.755589450997114
-0.06861782437696545 0.35217139375705503 11.615448495417732
-0.068527262931387 0.35690149324083903 11.920932180182842
-0.07165096193723758 0.3628973834776635 12.088858664088773
-0.07289563884367015 0.3682126815220119 12.820490656190335
-0.07506649789859221 0.37374387223027455 14.697387049558511
-0.07930964647328495 0.3801951351775814 13.11410216130558
-0.08643344633806183 0.392146510876061 13.066869914022982
-0.08720288406318262 0.3972752875491127 13.422215456179233
-0.09072223128520174 0.4035088186512691 13.396083787850001
-0.0931530225174398 0.4090105310714621 13.711339272423508
-0.09518094522899133 0.41454981025991344 13.798588760334823
-0.10019178331963416 0.4209746320514003 13.847102833512285
-0.09893090446644544 0.4247148847679089 14.110756291344385
-0.10289204364219476 0.4307916720588324 14.488907184331536
-0.10868516896075606 0.4371870616068271 14.686210261703598
-0.1058185862231516 0.44060189412502 15.46694744436455
-0.10188485830162536 0.4442038858278348 15.533746167016554
-0.1111693696463832 0.4518668440136106 17.570890770612053
-0.11590398437511346 0.4580730742702721 15.70416545369261
-0.11904186019908085 0.4636049300870082 15.616922920630548
-0.1196621631537054 0.4637823447129708 15.476998222128762
-0.12217965621146612 0.4690911756558135 15.830215540478928
-0.1210284125334232 0.4735376717247883 15.993654500981275
-0.12428462118986268 0.4794850318718621 18.554453212168816
-0.1317173192235154 0.4861538492153524 16.077336300887488
-0.1344262621743143 0.4912607675334876 16.708127916283786
-0.13694292123188762 0.4968069537898453 16.697617266045633
-0.1398299017739618 0.5019612327235574 17.88812458903946
-0.1364517353172911 0.5058465668010049 19.16764403601131
-0.13925394583835704 0.5114579192420529 19.93159592166483
-0.14322848536113147 0.5172278422876125 20.040331316080405
-0.14934241717461225 0.5232166978217256 17.922181252147148
-0.15349839081815428 0.5342345239252801 17.39033185375372
-0.15403954602701084 0.5392310868595127 21.44589948504271
-0.15672377258225986 0.5446439926985546 21.09742113615076
-0.16038077569136092 0.550242150292183 21.551089992024284
-0.1647260516555726 0.5554275679933868 21.77242152369779
-0.1664694551057704 0.5604567516156824 21.5079098845327
-0.17175142906628899 0.5659039845991379 19.741843372428807
-0.17271674745524554 0.5708909217913887 21.867622903593727
-0.18247880114491155 0.5768454446477693 20.29788261053989
-0.18307611615000646 0.5813996514025077 19.26020040039774
-0.185018576317958 0.5862485510569251 19.94622110715996
-0.1889533457257655 0.5914242145933356 20.92025271091764
-0.1887593829145568 0.5914411184943145 20.46410523746357
-0.1932193769163148 0.5963747943125157 20.60705440714112
-0.19396157272672265 0.6009454118942568 21.061751638053643
-0.1979127378108154 0.6064497845339486 20.262723286976506
-0.19738431448222152 0.6110483850199547 21.971815121650373
-0.20457683034111904 0.6166025995227977 20.419889689134727
-0.20724803357096994 0.6216599038350538 20.44992364938464
-0.21186162169629869 0.6267398340239367 20.92190429663234
-0.21054296394220165 0.6313256516696543 23.06580750353789
-0.215907191582104 0.6368279574641225 21.96933725780268
-0.22047201243123946 0.641781279312146 22.649674040553517
-0.22052091733243084 0.6463863539077145 25.830050673840372
-0.2277852229018519 0.6566582235012127 23.864979193842142
-0.23438452184724376 0.6618949334646331 22.498628420192155
-0.23826230072883026 0.6667302725146931 23.339127151768928
-0.2424275431852483 0.6714567117274742 22.946993026691732
-0.2411127035637088 0.6765145188177353 27.231189164791413
-0.2506613172026207 0.6816238166647662 23.27101194300129
-0.2553265408717842 0.6862910999131728 22.597794374007684
-0.2531225766010077 0.691439120748899 23.967326981931876
-0.25698530727665136 0.6967511620238209 24.59541419623952
-0.2640473831237413 0.7015227898613758 23.37914452022673
-0.2677047958954541 0.7063491334368891 23.98423757799161
-0.26612195537012096 0.7116105681534329 26.821494464800548
-0.26607254531201885 0.7116152660241368 26.792978568183532
-0.2759464923534845 0.7159681817322952 24.12117101673829
-0.2772208836812726 0.7212406265352858 24.70791730602012
-0.2805250455773039 0.725989056955615 25.355971131304823
-0.28189902398552524 0.7306361283643895 29.131500260476326
-0.2877177001537775 0.7351999236664524 25.5424140878192
-0.2897089319679011 0.7402235004165933 26.96302194339564
-0.2942690796335342 0.7448683628850385 30.41056945900191
-0.3005072299497482 0.7494272563138712 25.64836206864013
-0.3032167338414211 0.7541154579193314 26.725223310649465
-0.3111469578450181 0.7637589840267915 26.29341153591664
-0.3146967068548313 0.7683172772187518 26.76672866022745
-0.3165851208534392 0.7731537244645144 27.974121396622518
-0.3195781917567173 0.7779116052094406 31.382139869626737
-0.3203400811483533 0.7833192975845378 29.93155939271088
-0.32670326302001257 0.7874068861644811 28.131961306686282
-0.3333310639742566 0.7916469830353071 27.22017895113132
-0.3338107178670481 0.7969897742083605 32.047465333398854
-0.3391160963085485 0.8011986556561487 32.415351306775236
-0.3431613078818011 0.806019539635179 28.461306454436087
-0.3482410480405176 0.810116759152625 28.332593464423237
-0.3515836518544597 0.8147270687458732 28.73865787279417
-0.35680960934153805 0.8190383796534493 28.40830971831504
-0.35863180115232673 0.8239867131643337 29.31313922092408
-0.35874381228351004 0.8239552080123926 29.305749806807647
-0.3628865319624464 0.8284086779000227 29.116891017228518
-0.3680745059723812 0.8328783096713521 28.93885485798819
-0.3670051044577364 0.8390533972280978 32.09558503863293
-0.3759539102031843 0.8422719652577262 29.519406249169755
-0.379454767305291 0.8465881284123521 33.69626740301377
-0.38246990019816063 0.8513536759238698 33.93892541481883
-0.3832314605887586 0.8572345319598391 33.749183237973824
-0.3919917519646618 0.8605697231641825 30.46029549315468
-0.39841946996987054 0.8638831252093749 30.22478534337504
-0.3991722711612959 0.8691216851002117 34.29178993171261
-0.4053462216888897 0.8732552178372459 30.652747460751105
-0.4121068951485966 0.8819660927019175 35.25828316320576
-0.4156264225436096 0.8863134912767284 35.01314682710076
-0.4216919966167833 0.8898292945133472 35.62702527552633
-0.4239632818880757 0.8949418013001764 32.08205525652209
-0.4287537445613753 0.8991127252466737 32.426146778704
-0.4315504383288415 0.9037923175758252 35.77687834314929
-0.4366867956743846 0.9078803833415636 32.72441904648901
-0.4384382770592429 0.9133006627128132 36.33967740916839
-0.4444121669758817 0.9168999112611088 33.42468862622971
-0.44787900232419936 0.9214373439307966 36.65060497261232
-0.4523364036988472 0.92599361278119 33.80313703623804
-0.4545225479633789 0.9312419810236108 36.824893366621296
-0.4537242863209445 0.9317468409757026 36.805225570391606
-0.459118627862161 0.9355114761157879 36.923409199004496
-0.4655509442482599 0.9386953461375328 34.14692446089905
-0.4707325096714853 0.9424378256433296 33.92291935505702
-0.4752887832076297 0.946541567873448 34.095650030485714
-0.4802621647953635 0.9506290841031814 34.03241063820013
-0.484273676239199 0.9549622074965184 34.56491645323612
-0.4871317560298986 0.9599727203735942 34.96662622812478
-0.4908458385234746 0.9646264113840068 35.26509534538879
-0.4957589060348954 0.968382639109555 35.484230800301326
-0.5006662637952493 0.9719131958705816 35.6725556783687
-0.5087264426480951 0.9811551458779026 36.07604290261706
-0.5136402801365587 0.98483434272424 36.01385629552689
-0.5189876351413322 0.9880021189443148 36.1662761836167
-0.5211044771869802 0.9936345031595656 36.80262314991253
-0.5260961604216343 0.9970671766715402 36.97823790094668
-0.5311231264624487 1.0002595602872808 36.93627002448404
-0.5344513601554259 1.0054123921727898 37.34294906700808
-0.5397226294947921 1.0085895087622023 37.50499320671171
-0.5439714863511973 1.0129008759614506 37.613816563745
-0.5490824286476407 1.016058399034525 37.72032224983821
-0.5534451447538755 1.0201479099472512 39.55954806188581
-0.5574139833852583 1.024782464083353 38.147717894410036
-0.5624561391860348 1.027375653618831 38.41544635262503
-0.5623680907754043 1.0274905389485305 38.421195124397066
-0.5654853086914338 1.032636192229158 40.08142102704461
-0.5710828417735083 1.0362640243193482 38.88482318267222
-0.5753505834046713 1.0405756461199551 39.16197292534899
-0.5816744812686816 1.0424814440777486 38.876800418110754
-0.5848480594493821 1.048163640667188 39.419027488467606
-0.5889301593264759 1.0528002608499272 39.74044829571379
-0.5945873398685129 1.055771576461102 39.693189550359406
-0.5989488483174106 1.0606955941264804 39.876483635981366
-0.6087072072468935 1.069142447492016 40.0729435979402
-0.6132023380987672 1.074317285599348 40.37144840571065
-0.6181890345503263 1.0777776640181234 40.545793942219184
-0.622649779728965 1.0815026850956442 41.3957163492233
-0.6276655152086845 1.084710311781559 40.99100743725068
-0.6308736278806081 1.0905985781128693 41.85273839819466
-0.6356241018282829 1.0945899398669348 41.61785292116204
-0.6419430984154549 1.0953485590570484 41.50813199650528
-0.6450550380445229 1.1015913768793777 42.048158988171096
-0.6507205646457318 1.103963222569342 41.80524875712085
-0.6558259585149671 1.1076099654791314 42.002931711064896
-0.6602531205262405 1.1110639257708437 42.46425069529409
-0.6645205449081923 1.1146004291187177 42.57361230998651
-0.6689936855420069 1.1191498014884709 42.621294841059104
-0.6741690861988978 1.122485137660265 42.929284302421436
-0.6741088929092215 1.1225571003665489 42.89590399363762
-0.6786495960377519 1.1266734794250468 43.199492029507866
-0.6837015464799572 1.1299910191447502 43.264437007356825
-0.6888959692413623 1.1329585507187252 43.48159488665043
-0.6932253979573809 1.137235929536083 43.892376491240775
-0.6976393605046692 1.1411404497728683 43.92163990301725
-0.702646533730549 1.1439586314196897 44.113872855146504
-0.7073734800237044 1.1488905755807828 44.25841923943722
-0.7132068364630454 1.1508502664611209 44.23919485399149
-0.7179506717522183 1.1540850699351388 44.55254017892581
-0.7219473336812399 1.1602508020966784 44.92581202352915
-0.7331075072228252 1.165029609158385 45.1147935437014
-0.7378355842537179 1.1685702102938471 45.32464128194723
-0.7424692663568613 1.1725397135900706 45.42211138264311
-0.74754999319107 1.1755299765696163 45.53894100057175
-0.7528857894583459 1.178895788279489 45.57724153947434
-0.7580109722013559 1.1820641894944446 45.924670775534636
-0.7625467626142239 1.1865571525829488 46.48553423493045
-0.7678907205660538 1.18828467613468 46.259898243468726
-0.7724396335588257 1.1932245908965542 44.918955795003434
-0.778057354031523 1.1943534777067415 46.674051887543925
-0.7827255021924132 1.1997737483306323 46.98532896353559
-0.787960976380826 1.2020083958360068 47.05845530272566
-0.7932674233073986 1.2037932507696951 47.18716067854048
-0.7933116029270122 1.2034039253728388 47.12271664505406
-0.79842003006194 1.2071994665434689 47.547090974510795
-0.8031916306463085 1.2103063214268652 47.804174082129144
-0.8083827577880622 1.2143235027829944 47.80784919639456
-0.8135330944189206 1.2181091919306062 48.136282647370926
-0.8187870135491806 1.2214619417371244 48.28617798067898
-0.8237431897452495 1.2247285641044283 48.479715485079886
-0.8288844200177916 1.2293519017338113 48.73244355000871
-0.8341725554601489 1.2308589836059558 49.004882145205144
-0.839283885537808 1.2337366903957605 49.035273942971976
-0.8446501569816965 1.2363031354904832 48.977530215998144
-0.8552436715374114 1.2432201560186165 49.52927294242246
-0.8604496126524277 1.2472402003873104 49.70941450314957
-0.8657331555530229 1.2510414435822401 49.782371827355
-0.8711448552750635 1.2536101084983398 50.09155699703138
-0.8764953859532312 1.2554771760066463 50.289922871300185
-0.881919059143667 1.2600566206676809 50.157590395834774
-0.8872258111867899 1.2602198105601876 50.48503198508908
-0.8927147502144495 1.2660478205715024 50.67158833289639
-0.8978855444205569 1.2671760091748792 50.793874030512754
-0.9033570270707556 1.2721583421802292 51.03499960255603
-0.90859666935158 1.2738166086189533 51.446193830077924
-0.9136978186898672 1.2776416197430915 51.74255689740932
-0.9184137342322058 1.2772981506234855 51.651034558321676
-0.9184133213490552 1.2772948350243327 51.65066503708265
-0.9237237501616664 1.282131137347497 51.78804175780174
-0.9293250661400154 1.2856807253244105 51.9945925024976
-0.9344291007119904 1.2868139108681729 52.24858277166934
-0.9394548209421959 1.2904655482180294 52.44851860817862
-0.9446793903535708 1.293532719933309 52.7284200380303
-0.9503575495053316 1.2971289834223143 52.74150955600575
-0.9556551162051604 1.2990010350954588 52.99311528036061
-0.96097810974947 1.302089918743247 53.179436632276
-0.966402828109294 1.3051348723423093 53.397484875630596
-0.9719779701113168 1.3080018682286991 53.452089708154716
-0.9830933057989224 1.3143179232925126 53.823271615463455
-0.9883650666932527 1.31687374665937 54.14724555231818
-0.9939704670990346 1.3208170054907704 48.89235007508709
-0.9997907393286682 1.3223259147130102 54.26173145645322
-1.0056009537240749 1.326355413675411 54.41010189308618
-1.010150744038265 1.325242983745758 54.8844861553802
-1.015827695542205 1.3278698395995887 54.8187754132661
-1.0219909018458724 1.3320449835179464 55.03724301271076
-1.0271619646621113 1.3339012776381969 54.935939908028146
-1.0327843754612849 1.3367840508841788 55.22279287670663
-1.038158695577445 1.3379731172347296 55.23898675104067
-1.0434968237151159 1.3394555823017602 55.43173122236537
-1.0485178503976968 1.3403090818170655 56.04231971752717
-1.0484414915037632 1.3400232618677084 56.0209355798789
-1.0547592813425246 1.3448648882414804 55.965973108376474
-1.0596892477176325 1.3451454916025374 56.2356313539717
-1.0649605823358648 1.3478868625041804 56.47219315152354
-1.070775502200314 1.3518907054854603 56.711946033685294
-1.0769479937012911 1.3564153668362526 57.05278852104083
-1.0820921795832763 1.3572083342011854 57.32078776535412
-1.0874115898482395 1.359008444152031 57.35477758441022
-1.0934693931903037 1.3626535824111006 57.36089054462701
-1.0991070091090325 1.3653811066867396 57.705188177378616
-1.10905715289287 1.3657399851686065 58.17378692287461
-1.1147838533312031 1.3686482603480412 58.49123542028211
-1.120817128385314 1.37256615752742 58.5418975307606
-1.1264280878648114 1.3748048787235627 58.89892548488923
-1.1322637969928366 1.3778585232489573 59.178002703112895
-1.1381712864683358 1.3802146528708643 59.292592459113614
-1.1436321201300177 1.3818331555117305 59.439552720282066
-1.1490948433310333 1.3834826656308743 59.58755635493434
-1.1540289483533364 1.3835505254793394 59.712113884268646
-1.1598106995164863 1.3859145521590788 59.83444689905322
-1.1667101405498943 1.3908226138652002 60.102447349296035
-1.179167868445078 1.4093199442588509 54.49616968385149
-1.1778730541357856 1.3945539275225631 60.430954337534196
-1.1827176912350057 1.394295860560134 60.59638453680663
-1.1827721374228521 1.3944105260335586 60.598373824172725
-1.1887532346253866 1.3964511062010536 60.792259798378296
-1.1949930346030069 1.3993655148566464 51.00679854694257
-1.2024975960866406 1.4047972445756771 61.1193620286491
-1.205512427090969 1.4014585911144222 61.10586753680077
-1.2109434953770366 1.402336143767588 61.10656666015727
-1.2182715399285478 1.4067139662002217 61.75153022779256
-1.226038423071879 1.4133187352825374 62.0048073313131
-1.2310651299127349 1.4139491485120297 61.85408827619099
-1.2312330664413758 1.4038310718146751 62.2358594450848
-1.2439465737026951 1.4191837530378415 62.77355461500335
-1.2491973555292075 1.4110466457756592 62.40501530853923
-1.2558434240884773 1.413956366877 63.040788135274994
-1.2675506199761235 1.427762423594615 63.594949605427075
-1.2727336608884898 1.4281060358748912 63.47695206573374
-1.2736384998034824 1.4200959857434885 63.40991407165736
-1.283596146998493 1.4298976347365149 64.15988158642517
-1.2907723915343623 1.4343601210978345 53.18677368428853
-1.2915876109342823 1.4263704678863136 64.57246446444246
-1.2981666957098892 1.4297795765529215 64.73265664686325
-1.3078863679270305 1.438452657244831 64.74523032270845
-1.3106107753002585 1.4348712431897392 52.26312661788925
-1.3180521954382698 1.4386155658897195 64.99023652748423
-1.3242767455656224 1.4414277540889735 65.24495013709839
-1.3248803149609878 1.4424069021106107 65.21924356282257
-1.332258653512667 1.4474213853088522 65.728117267219
-1.335845192869383 1.4441665353592867 65.96684114781542
-1.3432433302568625 1.4475074465091389 65.76853296734346
-1.3500245442120344 1.4504853318104978 66.0824216942087
-1.3543883075430383 1.4499115107455811 66.47305404507496
-1.3619384106447434 1.4540185761914353 66.09654979522253
-1.3671470534429604 1.4535521753413818 66.48848096790105
-1.3727584179011585 1.4545456432458193 66.9982045469155
-1.3786782349235267 1.4560473485926786 66.69680837101205
-1.3873760413915348 1.460974459598701 67.24266388250953
-1.396386432729403 1.4602303987836849 67.74708718087497
-1.4018202601673548 1.4614856640908862 67.79380925626265
-1.407374126996228 1.464466405949146 68.28843506650665
-1.4080930249990842 1.4621666593373563 69.054209611759
-1.4094583797797475 1.4620536734592025 69.63006640927877
