0.0014577701323672508 0.008668884013113073 0.19544494598931336
0.0012644217135680221 0.014229713932331562 0.1726308409592749
0.0020558848454573387 0.01779893542707691 0.5353196564673072
0.002619381511552361 0.02318457026955665 0.2532481700471123
0.002850273126586229 0.02952566979086525 0.3919873320197017
0.003295196554267465 0.03484432073308517 0.4575186893686674
0.0058935463177475144 0.035170967045386366 0.6949828729415645
0.005040562831362431 0.044048191452648766 0.8403586697839415
0.006494876573498625 0.04753917091057285 0.9967079670946424
0.007049198124540617 0.05401177318766177 1.3235496496418118
0.007109884937164678 0.05385562608928612 1.3291950540767232
0.0067513751224319435 0.062037717890806185 1.305924317867164
0.008579381984166485 0.0721918160106537 1.454337840198566
0.010410014005312577 0.07537352579163725 1.817887606167571
0.010746741036465814 0.08281209179977593 1.8654809741896765
0.011874171865576549 0.08797385318680456 2.0513284181042013
0.0125559364423188 0.09397480619798126 2.00511432338358
0.013621159694622995 0.0986961814801428 2.0615276364133
0.013428592057781238 0.10665486922786868 2.2095939467388765
0.015326893515158053 0.10972895108472014 2.6167588150512784
0.014483285524436087 0.11892487667810628 2.6994746230692797
0.016916452950596374 0.12023667043624604 2.5543557602886846
0.016453336368551345 0.12877515268224635 2.8467816835106614
0.017224912931750654 0.13511513783277015 2.7692711799445613
0.01830468285805046 0.14001732145992052 3.100399605581668
0.018469630063246003 0.14721313793221213 3.123264870735253
0.018992967467714228 0.1532247453650429 3.2721701414759887
0.02014196269087257 0.15791576192042056 3.504434006899221
0.0210556644974518 0.1632768650214968 3.613615528339544
0.02181891009518199 0.16881654824413725 3.8224266766626944
0.02142564876372259 0.17712715341967278 3.7400171540488816
0.02276576707077652 0.1810812332199832 4.118192717442935
0.022789160593151718 0.18788120851664605 4.079638000047424
0.0234025187972442 0.19387664392335505 4.471366721444236
0.02341144657247194 0.1938569025664613 4.47190817777951
0.0241014091200833 0.20006906644684275 4.4749255200369085
0.02515217943356064 0.2053163720038194 4.690518381323343
0.024780373715910232 0.22025691677541234 4.8702213246369634
0.02498715502399932 0.22698012793629765 4.955129126113877
0.02801330343575788 0.2283960065400337 5.268287684185299
0.02778094151684916 0.23524710231864696 5.9281906218815985
0.02791728914284948 0.2415029144002623 5.668576135510834
0.028279656273423524 0.24708903276172864 6.096531530244088
0.02908925137709095 0.25230374351482104 6.006747036848504
0.029370848037071205 0.2580211164343392 6.174146154215663
0.027887896073915973 0.267632427221248 6.3545227392959465
0.029462973546855013 0.2711303971113998 6.681234470451857
0.030858522449363508 0.2752221701269971 6.924746212075178
0.03004635774747972 0.28280230912463034 7.03138807090623
0.030723903482452908 0.2877652899819532 7.065365259375953
0.030002156266318487 0.2946482708723456 7.079112193329856
0.03157200698458944 0.2983118268624563 7.772514034287897
0.03050582773996119 0.306529853330136 7.134406503152944
0.03120204893663002 0.3111688651841069 7.695077600425041
0.030408750902772688 0.31867642198757834 7.388466320219813
0.03275977927565689 0.32084156793273577 8.1141181133022
0.030784199120179694 0.3302664650189563 7.873867142563723
0.03171603650804713 0.3352756410279784 8.219637308561397
0.03169166834033932 0.3353118948974449 8.221619886880893
0.031597408794993516 0.34174866672203463 8.370548212206218
0.033042302995645645 0.3455855784175408 8.457244123395881
0.03216425165049455 0.35283805875630475 8.538729992762578
0.0324882182103005 0.35917062069188804 8.549232845285681
0.03155781798356755 0.3722276835410929 8.918625885688389
0.03309297577181895 0.3754055069853866 8.985575098821752
0.03138072748278255 0.3835600250580415 9.102364187615454
0.03227774776046313 0.3882463924922346 9.319622360754554
0.031220135317898925 0.39626181753499856 9.352014676165876
0.03160412973744213 0.4011963580926582 9.922294193513094
0.030745633988788906 0.40838744392833204 9.999701312059084
0.032935496846296534 0.4111010591027533 10.106087284417065
0.0318223467460423 0.41899642860974 10.144891309723796
0.03089913805486005 0.4263462941932573 9.788774969291381
0.031898542849733334 0.43057225474261657 10.625600612115516
0.03128742872340158 0.4370677006630999 10.159955742236509
0.03169598886591084 0.4422063162802056 15.320680499039776
0.03271473751912177 0.4460707947878891 11.13960759714142
0.029116070513856993 0.4571770016009427 10.415732158309265
0.031215334808421664 0.4600215078206225 15.560373879716105
0.03002692352205688 0.4665465223229008 11.602472085845553
0.02828893509327145 0.4749213800316196 10.955462101775815
0.05098649111126674 0.4486372475909176 11.821547975447686
0.04319921428734887 0.459666428543818 11.762914565753304
0.028736748298797576 0.4858615387771651 11.608367022355758
0.02782680522594508 0.4933131145825173 16.944303325200934
0.026894715789826884 0.5047570743301901 12.146059106389982
0.030443560501019762 0.5061293789086241 17.048034010835636
0.04169602207609191 0.4964376430880228 15.753301226472836
0.028590025509511882 0.5186708975903094 12.422718661216045
0.02299907625837981 0.5320987353928011 12.800428712548143
0.030582500053554836 0.5281601778613549 13.5329933379705
0.02533810866736931 0.5398619518665871 13.125365203969956
0.02526408859610969 0.5460352232684615 13.631215795472922
0.030116626567935432 0.5456575598555209 13.25426749427086
0.02566994828715187 0.5565868129423782 13.232724861397333
0.021733732025305097 0.5675012875991418 13.659255906827733
0.03055651116912335 0.5616350320305488 13.558076923605595
0.030536403932437006 0.5662735184723058 17.62358459256059
0.021343052513641183 0.5828427214659171 14.218319258732755
0.021319398818665486 0.5886162503187775 14.135567803430748
0.024947418604846103 0.5893214581863601 13.744073461830135
0.026817562612169586 0.5919071081777689 13.918131976300788
0.022159402899287056 0.6022614363137624 17.70397978338385
0.03452506094614277 0.593144154333924 14.49254446271208
0.022804250760693503 0.6120080999940907 14.511676910574613
0.0220352377569982 0.6179514939379882 13.911582558077376
0.021851829058678496 0.6181483228026455 13.9042704180523
0.01960694274937011 0.6253606955607278 18.489965332157084
0.0178389339814837 0.6327737240021923 18.208455007877763
0.02083505452697182 0.6404961384974557 14.786718228412012
0.019707558683195042 0.6469289553481653 18.29613419292513
0.016734972879355298 0.6550583384434626 18.03688661855545
0.015357271272176731 0.6613793964466181 15.668118409890786
0.01505879057202861 0.6671362478446297 15.570251385277588
0.015131095158243762 0.6722619416225251 15.598634844666105
0.013680213189430412 0.6790414946800377 19.27224117409166
0.013757006893226205 0.6840159155103293 16.13258188971179
0.013075714830591806 0.6900391990337025 16.303650138075444
0.012482425158463872 0.6958509541437707 16.323097932537266
0.01410958960077996 0.6994952499096738 16.566845178776234
0.011205589609421085 0.7074407701709607 19.467770251387265
0.011537516009062332 0.7121099958983519 16.962526474293348
0.010439122049504451 0.7182902983571144 16.953626125739895
0.008433380583448946 0.7252326405871454 16.886301339196866
0.00792573342291586 0.7304341881455713 17.419936517713374
0.007342710446673562 0.7359459335581522 17.392045879935978
0.006890021001463603 0.7408406461590458 17.447229316196033
0.007721140026115014 0.7450632335307988 17.71787535949004
0.005744508115771679 0.7519998178012222 17.838310095944916
0.0038477188094483694 0.7590386329493072 20.498979861808948
0.003886776173294443 0.7590100639575771 20.513774714288626
0.003429800872957495 0.7643541552316218 18.161329937178053
0.0018817010706212718 0.7767040551830138 21.26451871466163
0.01488312778899212 0.7712820724901561 18.96625502061816
0.0004369368328852319 0.7878856023797515 18.853394970112365
-0.001081675485283512 0.7947815755176197 21.41118806630679
-0.001965252064889317 0.8002147127083326 19.07043692501769
-0.003005460896713497 0.8061794539823297 19.116739645453567
-0.0040555788386473215 0.812457658390989 19.31481800122056
-0.004504556846692598 0.8178852876143009 19.375437722708853
-0.00451554986446534 0.8230458143062429 19.44924883376632
0.0017214613644444265 0.8244419953734684 21.05946308415565
-0.007356143129594317 0.8358701180382195 22.00698948825003
-0.008208131709853017 0.8412805573984715 22.12220378262956
-0.002328246371195747 0.8422626111380643 19.64346991794849
-0.010305435281829423 0.8523308338833272 20.24363260847718
-0.011868359726706136 0.8584643089281436 22.196325527042074
-0.012280264156403651 0.8633867717995855 20.219368633668584
-0.01431075575821014 0.8696378825140145 20.42030157104721
-0.017241191494054148 0.8767376158536978 22.99325893353809
-0.018115199121087944 0.8819700908095892 20.711729269273523
-0.01908222971766116 0.8877800957200637 20.95037273447976
-0.020009131072555447 0.8933069701703089 21.023202960811023
-0.020959849857270733 0.8987575876682109 20.952512943332394
-0.020959849857270733 0.8987575876682109 20.952512943332394
-0.02209901822757768 0.9046061809721772 22.78345045621079
-0.02373247206587137 0.9161003830185288 23.19897639384045
-0.0260524648649115 0.922433153437736 23.19989304908089
-0.02192611035044098 0.9253239475830616 21.866127439210373
-0.02928027139453856 0.9341168217360616 23.984847289955788
-0.031017760658197637 0.9403178486291422 24.283001583309908
-0.031477834144238936 0.9455804366516648 22.62633119360188
-0.027052994279531117 0.9491191799433883 23.397333515527137
-0.03147071015256705 0.9561243766025288 22.96188242764773
-0.03365522635290569 0.9624027690476016 23.063005211680213
-0.03555386797532832 0.9683767636061514 23.35533455893968
-0.03705687667323016 0.9742869016161848 23.573364358461923
-0.03835516663455879 0.9798242347775922 23.756385159890947
-0.03908079932267855 0.9849590452300172 23.62857496546309
-0.04166090542281548 0.99109684455091 23.97123526164612
-0.0436844841531534 0.9973301259980456 24.14495318294448
-0.04587211160595853 1.0032885771333009 24.245221387552853
-0.04734139543948174 1.008971721074145 24.396555359889582
-0.04867680158450874 1.0145412779578369 24.453930735933145
-0.050458782482184716 1.0201915832106858 24.747631840078398
-0.0457133349376182 1.0244461815395671 24.591648755699943
-0.04573430451936128 1.0302709741022555 24.75135079907227
-0.05516598322488955 1.0379682971814972 25.96092202241725
-0.05617239723853845 1.0379280415366676 25.272665532247128
-0.05743735722197546 1.04376100316936 26.14660764768464
-0.05941898404132024 1.04965135243533 26.40790926615181
-0.06240843125329373 1.0606636957297786 26.749395630394325
-0.0642343824954405 1.066495098295393 26.820771483585204
-0.0652871560499699 1.0717571456258528 25.945405474129906
-0.06669372374056376 1.0773439167415668 26.104868750047736
-0.06278673698428908 1.0829240799284958 25.973310944867958
-0.07070246065261387 1.0895121941231851 27.105523793989267
-0.07288587617086276 1.0951580361946804 27.438267303158426
-0.07510266951340397 1.1008231280881977 27.300302454338016
-0.07470952079523191 1.1057851956186573 26.74903039152323
-0.07286474707805908 1.11110110580605 26.55140371208788
-0.07865827967267018 1.1167258631517725 26.865677505385694
-0.08084550021261785 1.1222122676235218 27.308017098560605
-0.08316014796485341 1.127571948843913 27.524019468393327
-0.0844853838533853 1.1335208262667855 27.761960178226552
-0.08599437159201417 1.1389830011082769 27.374434593205663
-0.08898232906588338 1.1447587001250583 27.9615269527109
-0.08495608364134663 1.1509578984080595 26.88161339977267
-0.08646297406715514 1.1568071548422338 27.214194484155826
-0.0946279943551188 1.1617112187052374 28.344359143008703
-0.0955112010487174 1.1671682880029857 28.39987203815059
-0.09724953684868426 1.1727579055663242 28.38069762880161
-0.0973349176436479 1.172747296977687 28.398247637579516
-0.09941237661261568 1.1786374972879248 28.58638264276679
-0.10233557895504827 1.1841223764816204 28.524139765895594
-0.09949292403547304 1.1971977504334412 28.642079526429434
-0.10715971185457407 1.2017309755284795 29.338932203538764
-0.1097571050861386 1.2067021060521914 29.67560778052227
-0.110042732762733 1.2131020715875385 29.959442426210213
-0.10845528718192213 1.2198063926671854 29.36302474979516
-0.11106281254099463 1.2251707013138058 29.30160387458289
-0.11762758446710245 1.2292301182074816 30.31624000358623
-0.11577564900307465 1.2361022761221925 30.201627784175123
-0.11654875631484785 1.2423662052766593 29.857958107388953
-0.11869587527927508 1.2479379706077542 29.8612951865586
-0.12145426426207068 1.252834528758042 30.54049024757772
-0.1269243829005004 1.2567571754325966 30.77711659741266
-0.12442630891346165 1.264274806600895 30.683555960646657
-0.12701330299787306 1.2695973932610312 30.83036431841473
-0.13334083615911113 1.2728949202452502 31.247846778677612
-0.1313389697349828 1.280754593462282 30.798038959703412
-0.1335091791563676 1.2862355293452254 30.441733586573005
-0.13537525270343514 1.29185028220276 31.325435238881212
-0.1375716919854912 1.2978538402888562 31.46351727300219
-0.14428157319291868 1.3008817822004513 31.5657204071087
-0.14596177363867713 1.306476044137124 31.523131891566234
-0.1459406627537988 1.3064908312538521 31.527523268912464
-0.14782329911745182 1.3117153830493409 32.573750753354304
-0.15104426581889294 1.3168416605877726 31.991425517907384
-0.15518423514268254 1.3283249660257952 32.24405294253277
-0.1582205774304477 1.3335088481427515 32.29960404516697
-0.1604819647893193 1.3388988274190132 33.53015929317823
-0.16027267723263794 1.3466300518571532 32.923207188567424
-0.16132125168819794 1.353441946393782 32.43355006111861
-0.1646815125677677 1.3581459651747152 32.54682811789872
-0.170779328711358 1.3598717652779164 32.851909364079255
-0.17249813492802168 1.3651422879699928 32.94902982842619
-0.17102274267463874 1.3741243085974006 32.902327365997174
-0.17699869244314995 1.3753253854828391 34.54407225470793
-0.17678338946873115 1.3834523253164737 32.91791089457072
-0.17848146940751625 1.3897658254601002 33.51174675991821
-0.18176410816471766 1.3947794158134692 34.229875841774145
-0.1837841984291116 1.400234826297512 33.782630089257204
-0.1892970124088431 1.4016493765899345 33.93171115794899
-0.1911308432830646 1.4079731042802726 33.84602079872885
-0.19354666457710368 1.41270969571453 35.3583095328773
-0.19384142906879293 1.4209408891868585 35.01467384894886
-0.1991740025663466 1.4219201647934616 36.51642661265975
-0.19940911887166884 1.4302979108934777 34.33690358017047
-0.203151821889574 1.4338878713749506 34.48979917873968
-0.2015542536420484 1.4358734805143971 35.46147456213974
-0.20451855411083816 1.44120625696939 34.99700731649848
-0.208331717327584 1.444571948859788 34.88209739243713
-0.21178794831127104 1.4577525207672752 35.77700341010117
-0.21472111266555333 1.4621953594494423 36.48504209986892
-0.2165625893535436 1.4692883520433415 36.330622614002415
-0.2202260154845938 1.4733975290762875 36.14271623925404
-0.2225516894520302 1.4788725753333962 35.941365958415716
-0.2271390317575398 1.4800424131072192 36.069446968390295
-0.227660494736218 1.4895314693972783 36.44015885362626
-0.2306501336373793 1.493307968055502 37.72033052464983
-0.2343215966281737 1.4958383320352076 38.8155327657294
-0.2375912068170032 1.5004627381721418 39.12308239560007
-0.2385674168607822 1.5101066595576502 37.44981606187588
-0.2432191316783391 1.5108079119815132 36.53786129724973
-0.2445512457633563 1.5187792528809656 38.53613727822338
-0.2486366027477164 1.5202380321615283 39.446825480271
-0.2517280759530909 1.5244082715510072 39.69012319541621
-0.2541020048243785 1.5301167310034132 39.2378280418953
-0.255072234826313 1.5402343034028434 38.36156804079384
-0.2599720819556149 1.5401828206965933 37.26492791640364
-0.26055254446973874 1.5506342775657038 38.74314372673457
-0.26544995027140184 1.5507713206968126 40.075023686580174
-0.26894640000927417 1.5561011232948778 37.81874711483512
-0.26899471873295866 1.5559723047434115 37.837485213679216
-0.2708159266227884 1.564190921761563 37.94467059062588
-0.2781450189537117 1.5702270728659833 37.912908214352676
-0.28066290266185073 1.5770004555252544 37.931955375106575
-0.2838497029027778 1.5805368568214817 41.287638972536826
-0.2867991601417877 1.5857958612676566 40.93090913332417
-0.2884555813551779 1.5963893484859568 39.1630933899844
-0.2928060442532916 1.5955501926973807 41.560803938933695
-0.29545616280426057 1.6022822679231203 41.17434735914589
-0.29908905725811796 1.6054840219975537 41.54074972429077
-0.30162276437031105 1.6122040545059182 38.54276194968585
-0.30325937940390835 1.6220650868123192 40.135862807761015
-0.30660966183637395 1.625176667298344 40.53679247636853
-0.3096812238674246 1.6312800412202917 40.37337794573069
-0.3142381796145041 1.6304365357588146 39.73152597247965
-0.31717113694991217 1.6358205697375572 42.63604802232825
-0.3202819482215949 1.6415707493158471 39.83892434977729
-0.3237680012855292 1.6454985709521148 39.85257384660339
-0.3267766570076403 1.6510047399279195 40.18350217591668
-0.3292654689317948 1.6563926171876395 42.733992895020656
-0.3323779214030846 1.66141246293901 42.893592419847096
-0.3352511590665119 1.6657988933265315 43.45015237919442
-0.3383491985589713 1.6695425449274437 43.874185550654985
-0.34162597210699025 1.6745204036653565 44.474785435486275
-0.3451419702656905 1.6782764987433587 41.59496041509936
-0.3451618732620757 1.6781706563268008 41.58906133632645
-0.3477279182789585 1.6858442693374458 44.086675352250566
-0.35397374564216744 1.6969412435749107 43.963194844997474
-0.3568757470984058 1.7024925774665185 43.476628141841275
-0.3601582554616863 1.7058569805659702 44.37224304120628
-0.3634717934554679 1.7104918762609709 44.62421210650399
-0.3671031541071538 1.7129764344652498 42.12207878525072
-0.3703589144711781 1.7173683209405717 42.30878144450196
-0.3728069130451232 1.7294038143665904 43.5146439171359
-0.3761020639931571 1.7362449954771877 43.06110291764615
-0.38033168932349776 1.732497437854078 42.31953200939383
-0.3833579536020977 1.7396140722891105 46.241329119689375
-0.387349459635601 1.7418672895197278 43.005279052316055
-0.3908820532763431 1.7480972273622788 43.036287881827796
-0.3942303366098497 1.752325043721393 42.85254881226978
-0.39747299873390574 1.7611653951758617 43.20775380614645
-0.4012934688177242 1.764394117453879 43.29225082040463
-0.4046018748024536 1.7674835324801532 43.62330748933115
-0.40794549120232143 1.7744591658961242 46.9457616551884
-0.4117512249478151 1.7817220625611654 46.5591285386781
-0.41535535463422224 1.7832837089739275 47.279800497922274
-0.4190302959962343 1.7903029779597093 47.318927128282006
-0.4227604841266584 1.7921787340645734 44.17146033190851
-0.4262454196391554 1.797842431972026 44.56965708208907
-0.4262418608762569 1.7979706088675134 44.55908903942917
-0.4296540993380301 1.803055209496152 44.427375332514345
-0.4370034028097504 1.813136556210252 49.03400170469593
-0.4407703033090272 1.815931124018364 44.95505622327239
-0.4439759079272747 1.820120681398654 44.938166099094715
-0.4474822995748948 1.8274676047870069 45.634077562833525
-0.4509779144117931 1.8296368267418104 44.854421333939065
-0.4544081536958363 1.8344993880795 45.231768156804655
-0.4575603612750776 1.8400635022057548 46.06662566153496
-0.4611490414077266 1.846064466076945 46.31165260289809
-0.4646479503791766 1.8496644418047241 46.17411717793605
-0.4681063221221025 1.8560906722505688 46.59907604892182
-0.4717569718008817 1.8613224434454307 46.460450072030106
-0.4757891276787414 1.8651686320600616 46.61959925569712
-0.4792396407757411 1.8693270300981983 46.92403215447532
-0.4828567356830578 1.8732198539904128 47.0136341444785
-0.486830124980993 1.8796193063732642 47.12416711087484
-0.4903301909876392 1.8818511820212669 47.07319579514754
-0.4943420658447412 1.88850586028692 47.321272446977645
-0.4978429183682595 1.890419390411194 47.46887710945588
-0.501662267638742 1.8959454184866569 48.01970323292935
-0.5053080961003986 1.9002218013432168 47.98396923726154
-0.5092531598926914 1.9053779746295545 48.31145082776239
-0.5130969030033261 1.9110457816201327 48.51493443355892
-0.5172585194161989 1.9161595270474399 48.669160890096045
-0.5213141132549948 1.921331700737397 48.647715613145074
-0.5246675743468519 1.9236668815987736 48.86820408172493
-0.5286771511655064 1.9284973419077007 49.39592015977721
-0.5330345350403218 1.9345474634196147 48.97544141739465
-0.536140240860565 1.9351430784299493 49.20035948164673
-0.5404581118743994 1.9421447494343185 49.61206051441846
-0.5449171679116671 1.948662399975797 49.45116564160672
-0.547997263669044 1.94920306480904 50.108648145328424
-0.5518017388209661 1.9544565249133523 50.41620941954586
-0.5546797012436426 1.956708948365642 50.88344644258892
-0.5566391295889662 1.9594493444535832 51.33507527978215
-0.5577426044434296 1.960724638234796 51.62447721950868
-0.5579232249274891 1.9597210973591208 52.203389827967385
