-0.00026775501612707423 0.008607993076754495 0.5507875641996115
-0.0006565547575732103 0.012186238267839494 0.7184141257792022
-0.0009907981471572354 0.01541393275077742 0.7244358892560778
-0.000676423646743007 0.01684037384530857 1.184707731506116
-0.000859401159577949 0.019853201887559745 1.22002605711111
-0.0012622976736022446 0.02350898449812201 1.2943035768625084
-0.001891232522268697 0.02810935219244475 1.4250441792888688
-0.0017383020252405307 0.030749893038100405 1.5242404076778038
-0.002608379667280659 0.036116384388073366 1.5123646627587854
-0.0010941995618115217 0.03539387035383476 1.672778031993546
-0.0020657320606986174 0.0417507483970513 2.0212215230110173
-0.0022156121314343587 0.04553624100964332 2.1939274590782065
-0.0021615472449420907 0.047909975646460726 2.1140727877868724
-0.0016835986893467929 0.04977357164500852 2.228144930070881
-0.0030606701732993212 0.056806192442218885 2.2118736744271965
-0.003767381028111593 0.06161374443243384 2.7078962528155093
-0.003266695791715912 0.06403252113512259 2.8395703809309945
-0.0034289368347755755 0.06778561198875252 2.9984483003605282
-0.004273670854587637 0.07250452475183378 3.097488621247697
-0.004611581602306882 0.07616508662940581 3.1147563495616986
-0.004006254180457164 0.0773805072644061 3.4865391648722865
-0.005440192814289355 0.08400511359635457 3.65882346633171
-0.005360754106766946 0.08714223902059365 3.7150057064858406
-0.005958036881900814 0.0925250981892614 3.835019877304117
-0.005520324505549554 0.09475874851378116 4.1122764058667824
-0.006832788081476422 0.10092640186529712 -2.210877908768792
-0.0063976204584111785 0.10329992823537497 4.369814187787694
-0.006339293333652886 0.1067946099216564 4.455963226706547
-0.005495843445940389 0.10812388358319787 4.8721832089037775
-0.007005621652644442 0.11499921092728832 4.8330451394045095
-0.007326330519302163 0.11869306005693325 5.230929410986253
-0.006908764766613632 0.12034429667828955 5.333406155303998
-0.008105869795396917 0.1259302509302575 5.600197168573035
-0.00885144828939114 0.1304673711692747 5.78061650014122
-0.009059853343896834 0.13339569887151526 6.015125104917713
-0.009260649244229806 0.13650027724140978 6.288887392329527
-0.00987881278781625 0.14111287452742155 6.301158101157607
-0.011122218240843848 0.14654422556769292 1.3498718362084772
-0.011823666898738622 0.15087104710340518 6.472649888462324
-0.01222771065688269 0.15431724893215848 7.1010109111695945
-0.01314088180022166 0.15883205332975847 7.193791554505856
-0.0139804728362065 0.1632563589799434 7.4128250715312065
-0.014373297145446315 0.1669264434057466 7.548756053462433
-0.015232344240575247 0.17113519449996015 7.761092723502878
-0.016137119534098687 0.17536711808705016 7.771529818120812
-0.0161053833764742 0.17805923212982527 7.616782758918598
-0.016771701699639055 0.18224282317053486 8.209209548663926
-0.017351154360876364 0.18581262498520548 3.6910006579579977
-0.018785386824812816 0.19185959264631464 8.260695555898335
-0.018565785966715542 0.19387212046457292 4.367015599250991
-0.018195746327036258 0.1958015754394888 8.891787223404679
-0.012437710460670034 0.18561450294729048 7.624116150086661
-0.020218175580500014 0.20560852756023612 9.165199665610363
-0.014516740863004262 0.1945754308072187 8.608645343000237
-0.02297049824765658 0.21536133031856453 5.632395010148422
-0.022156574780568386 0.2160592616471021 9.633717945113682
-0.02497471461938124 0.2243984601328487 9.753767231449972
-0.025560340978178442 0.2278791726902901 9.771109614405672
-0.026495232014740147 0.23200813838591364 6.182757346535944
-0.02721897092224529 0.2356473554111693 9.752382574793488
-0.028184760483944207 0.2402456880475247 6.9033419100094235
-0.02824417908269665 0.2430848113258959 6.970525420828898
-0.02895986833316505 0.246932756142283 10.68685199206484
-0.028440732450834005 0.24776645895423835 10.720551368725275
-0.03049058521376013 0.2545233655348989 11.028586454084463
-0.03159640335543292 0.2594972326549713 11.115074997634368
-0.02811011363584797 0.2545290056558018 11.343097349570453
-0.03372939586247435 0.268689729898417 7.8458031423056145
-0.03390444846677804 0.2708421154010513 11.453255701837197
-0.030520453373802686 0.2654158324374624 11.774349707869446
-0.035676369404957387 0.27848360112653936 12.178562432465739
-0.037248993538656114 0.2841897641266236 11.949941598820267
-0.0385202466163035 0.2889854520515582 9.662526227680386
-0.03890559595188876 0.2917598658895526 10.056775050898066
-0.040023609131197235 0.2964229683386689 12.618154781725922
-0.04022331760222991 0.2989573953169992 12.895978165486634
-0.041800337184151486 0.3041737533834852 13.247156092011304
-0.042744728445301 0.3081902239953301 13.125286528655725
-0.04009183591862106 0.3049326461248177 12.553439819009874
-0.04032347553132655 0.3075446516977465 12.581274372591885
-0.04526656806579527 0.31964811547836897 13.335784169337494
-0.04511470850067728 0.3193866167846324 11.321666597208711
-0.045860341609246486 0.32283040446219 13.870480839547687
-0.04829084611195048 0.3313092981160729 13.928784259782159
-0.04914726727995075 0.33524290091524506 11.990444417131009
-0.04992340209810822 0.33921128007677803 14.68111487956902
-0.04749965105458745 0.3363129499937747 13.408720624555135
-0.05180414277794723 0.346854629356827 12.612568669685515
-0.052862843345827526 0.3505552665237409 15.320509633577386
-0.05415059778363679 0.3550233022072692 14.901342644792352
-0.05611883048103111 0.361079140452634 15.0699467169711
-0.05747135153947086 0.3655469973515201 15.761253311216619
-0.05686256858271519 0.3659571668590039 15.426718066512528
-0.05926294805778656 0.3718542178238505 13.90804340124291
-0.05943193964979629 0.3740059485642865 13.854128802509393
-0.05787077990918112 0.3725370349982477 15.305856365918356
-0.06363009014374113 0.3853455846214914 16.318029826937366
-0.06369468110794793 0.387582819841901 13.958885899565342
-0.0652434372572877 0.3923481475058867 14.744702750614548
-0.06404446687336715 0.39183094542253305 15.721064369509678
-0.06583220116501902 0.3971507024308553 16.41113409417395
-0.06787898119519697 0.4025457431290945 16.917622892744795
-0.07019061049330623 0.40857241595102667 17.70781650524216
-0.06911905681625577 0.4082286392985932 15.416609703936262
-0.07009834162033013 0.41121375640015945 17.215570937297404
-0.07228565424163297 0.41654999113880176 16.64664604111698
-0.07297526312153085 0.4194268989726072 16.88155553343123
-0.07405756151839657 0.42294534045233534 16.923235907365342
-0.07767789414339141 0.43113714399766695 16.152544033830335
-0.07925108348002027 0.4359821196650929 17.495429425877948
-0.08000261437362394 0.4393199299471591 16.336578610478636
-0.08227238005165817 0.4449041345895922 17.97721544939144
-0.08181605126026531 0.44517443752106217 17.86803274018982
-0.08440599161647003 0.451193438407914 18.47367695512511
-0.08418859735039066 0.4524078496462681 16.884177846310347
-0.08687274698047218 0.4586669001929163 18.28991464216157
-0.08719004132879501 0.4604887667451514 19.639505982118823
-0.08967764393266743 0.466712399914529 17.606005963997532
-0.08914770510625561 0.4668056257935499 18.46148068433454
-0.0925521106255652 0.4742545021370645 17.86416179766533
-0.09434296710717828 0.4787784810970669 19.60216259708562
-0.09434826949590827 0.4800875600294193 20.522970644884683
-0.09493879696106187 0.4825343495099307 19.32403266482639
-0.09779333331587894 0.4893655828056442 18.94143139956674
-0.097639711009766 0.4905633674829506 20.35165117139756
-0.0990939293183072 0.4945724521632773 19.175040969922016
-0.10003149786231899 0.4974286672244352 20.465437092119192
-0.10193500288774526 0.5018761079449021 20.55805794348013
-0.1037224136397775 0.5062291383212415 19.737760884536762
-0.10513328805290592 0.5099065068632056 19.946528609679564
-0.10831204684596228 0.5164615848183624 21.514875936355704
-0.1091967253025691 0.5189821519819734 21.304087022408574
-0.10987860020252097 0.5212963475417602 19.971911276514653
-0.11214587522962843 0.5267100821838377 21.433755485651915
-0.11326392457923712 0.5300576522319194 20.329626681286268
-0.11388017301496856 0.5324569128596602 21.26178869463795
-0.11562357883288728 0.5367344732207476 21.28081542345093
-0.1182077448698212 0.5422164340815581 21.81826464467412
-0.11979239796699262 0.5461953687375918 21.29770860684264
-0.12186668107434308 0.5508084314214692 22.392991297365707
-0.12226418412655428 0.5522875630460851 22.89338055944416
-0.12384771410431007 0.5563244504617167 22.837960484070567
-0.1262217467004251 0.561298098003361 21.790279988381005
-0.1281513422760093 0.565450326231893 23.493945039345213
-0.1305814963244876 0.5706227036277135 23.32842781800079
-0.13219981392859098 0.5740426967738905 23.56278560098855
-0.13302107674238106 0.5762178485287879 22.73424969216341
-0.1350081028790936 0.5801268315879841 23.61009499678577
-0.13738029113407432 0.5849090649610877 23.69178094080534
-0.13838681433563166 0.5873989975056226 24.805365540951943
-0.13985633478637424 0.5909071701028104 23.812164877575512
-0.14290195565755606 0.5968050656816436 23.81988951165385
-0.14374324471051994 0.5986782123749681 23.886148288168712
-0.1468941065781152 0.6044704743173648 23.478264009233406
-0.14829343332239178 0.6072317548173621 24.005495832382394
-0.1493861491222677 0.6095385289855896 24.639213170189517
-0.15114875572405034 0.6132571340437736 24.43423690029011
-0.15316211523581655 0.6177792323994895 23.938653182589224
-0.15467984045410255 0.6208656010371832 26.16810213161059
-0.15749905331478545 0.6262093505998347 25.456268331370282
-0.15896707858175402 0.6289122786830528 26.508531663433512
-0.1609497921664556 0.6327718623755941 25.395342927791482
-0.1624482485850427 0.6357809055591009 26.89511761914089
-0.16428996728565118 0.6396947673290811 26.053963807030787
-0.16683160756117044 0.6441983206766843 26.29115644922201
-0.16913736142924848 0.6481260680765797 26.723866024608466
-0.17039141157237678 0.6504618780580177 26.74369848922999
-0.1733484835904934 0.6559492399808802 25.249870272833746
-0.17432610481002267 0.6580892456524852 26.98070086176491
-0.17635738310109875 0.6621629170661703 27.153457060744053
-0.1788732105953894 0.6667872217599286 27.210769457168325
-0.18010830557468102 0.6693939088934464 27.250158619426518
-0.1818102463033508 0.6726373322352691 26.699732445561303
-0.18326565249421928 0.6754565329430944 27.00138413846093
-0.1859101040625332 0.679982106055353 27.802689186008237
-0.1881319522721196 0.6840898448721204 28.304435375497075
-0.1893980751260442 0.6868317353126614 27.85495766534104
-0.19118567658104052 0.6902307760621068 28.49649735946191
-0.1939684222325781 0.694955768858156 27.72371040122633
-0.19641770992266813 0.6987658188896224 28.705626842784284
-0.1975401272492205 0.7010478954034001 29.084297504281782
-0.19951240432366213 0.7049176680810094 29.227064774264136
-0.20111858280297013 0.7082245062017414 29.244197941322888
-0.2044262089897824 0.7137529349765505 29.20544080377105
-0.20646216234772607 0.7175493808056345 29.101492696868053
-0.2078720841820607 0.7198754810457919 30.02615112225198
-0.21029541567046786 0.7241052621341704 29.933798750112963
-0.21196788489462204 0.7271920329925632 29.825441189363165
-0.2137987494285964 0.7302184857926481 29.920026865249014
-0.21581029034944926 0.7336880424664275 30.2894407125668
-0.21800857039041388 0.7371207995799975 30.73092630538332
-0.22031562686085712 0.7411085655247125 29.656625780133812
-0.22273955959483646 0.7450025919392456 30.739677766255326
-0.2242691192909967 0.7475208411742307 30.51499418487535
-0.22738106892572696 0.7522178135461142 31.094820574135607
-0.2296794032441556 0.7560677825092761 30.10617430458845
-0.2310006747258756 0.7583641657185891 30.921174156964533
-0.23344817483461885 0.7619796517485874 31.683801416540106
-0.2358346628095844 0.7654905811073953 31.23294582090928
-0.23875059418649905 0.7697417353466256 31.59945744846476
-0.2416342714623132 0.7739922235750746 32.039030605917475
-0.2407771487538333 0.7727726203911163 31.612314419109875
-0.2440181527083873 0.7778328165388411 31.22709686360457
-0.24839127006631914 0.7842249012477783 31.2490999152776
-0.25058195258282145 0.7875177704258631 31.46925747970036
-0.25239697196532584 0.7903605589369068 32.48458926688741
-0.2552404993481595 0.7949713537372826 32.530927315095674
-0.2576863910553028 0.7984493980521485 32.51351679356931
-0.2599300214210676 0.8015164135040881 32.44884686812681
-0.26180206240122383 0.8040565489038749 33.11589439343391
-0.2648143841579329 0.8090424736438172 32.039993837206
-0.2671467150355329 0.8125249980804667 32.480870487953574
-0.2692515676001018 0.8155857541178013 32.718077834834965
-0.2714064931802949 0.8185052998157757 32.89858024722043
-0.2736136924188565 0.8218044870648497 33.06564294739242
-0.2757100287229051 0.8251235286137568 34.044104621697194
-0.2783016316449015 0.8291070349965352 33.77903267391185
-0.2809774664519048 0.8328232892474874 33.61629930134878
-0.2834119222132453 0.8361499040875504 33.654050745896
-0.2857641713125298 0.8395691345509384 33.93748580473474
-0.2881172585652877 0.8429550255020432 34.071018673401035
-0.2895460748219713 0.8453810965993455 34.762624524731415
-0.2928717473971356 0.8501084645175219 34.88526876934771
-0.2954340880924538 0.8533946401904575 34.96752164920882
-0.29797173632920404 0.8567041120475369 35.096702043730374
-0.3004772212822072 0.8600475283634609 35.11427877671948
-0.3030261110587236 0.8633513818829668 35.169425256990564
-0.30563752739344696 0.8669770670121812 35.3173187077902
-0.30809870117715565 0.8704525812842236 35.6402853754656
-0.31036019424135186 0.8736336816152197 35.90450968363098
-0.3127164586940949 0.8769712576696653 36.11858634876658
-0.31531589907910906 0.8803585298245309 36.18494351443643
-0.3176714417997704 0.883593817105417 36.361689910637146
-0.3203167578400365 0.8870216259994509 36.45555388765208
-0.32275796347302776 0.8904253471475665 36.41385159959685
-0.3249239806618036 0.8930816322004637 36.56022682139814
-0.3279079528807125 0.8970921861303183 36.68598437219422
-0.3304014818841626 0.9002940759312684 36.799460560719695
-0.3328874967376798 0.9033768305050748 37.06404844963551
-0.3355661182654611 0.9070417269877744 37.24951583527928
-0.3382807626721728 0.910779022794641 37.25287506649337
-0.34019988192850537 0.9134824347595726 37.66723952568577
-0.34288595458999355 0.9165277749410036 37.97316825643642
-0.34586038906611793 0.9198226128605012 38.21204748614336
-0.3482657224692815 0.9228487752071304 37.72508312373081
-0.3509691512917411 0.9257938491695378 38.311988542408756
-0.3537930270108657 0.9288646583353732 37.89626238235174
-0.3566045405217311 0.932284071575492 38.19304269356528
-0.35923613245117125 0.9353771883075512 37.92487517152485
-0.3618682122143313 0.9386245415471156 38.1339027260746
-0.3646719565101472 0.9419520955019354 38.093695965946395
-0.3675966987562261 0.9452293574088226 38.66415707400476
-0.37039433892535856 0.9486403132710872 38.36306801501135
-0.3727359295188109 0.9516929406894208 38.7305180831826
-0.3754690946054575 0.9550502910124185 38.83150224729229
-0.3779473002282849 0.9580661978714428 39.34995065669082
-0.38084424756351215 0.9612239344301198 39.11384415259274
-0.3834527175325271 0.9640588845515274 39.47945311093913
-0.3862651878950711 0.9671385085444684 39.571575967403
-0.3890847608314972 0.9707671153936659 40.024639791709795
-0.39189736349498094 0.9741039046396538 40.172800884738
-0.3946174145473208 0.9770924482516876 40.05882612991221
-0.3973881199099303 0.9800519599091354 40.40247425252351
-0.4000762311887306 0.9830717948355024 40.46767763947575
-0.4028284488045786 0.9861793425093588 40.64404790993628
-0.4055347225448482 0.9894442036536388 40.646260426709155
-0.4080425886488629 0.9923774862968984 40.84714619771438
-0.4109333646956386 0.9952116385202612 41.269446235671026
-0.4140293625521317 0.9984853605177202 41.27297519338697
-0.4167894382997724 1.0016802158855258 41.70366962833052
-0.4197481731967753 1.0045894540276945 41.81489629077951
-0.42229584401842185 1.0075536920862207 41.659512831664884
-0.4254628001939576 1.0106832729410806 42.02130852143455
-0.4279609065741019 1.013529438046453 42.02966632109828
-0.4309713205024107 1.016677127353891 42.20637874152746
-0.4340335558927075 1.0199372953565216 42.74105782429246
-0.4365144409012138 1.022413037356372 42.74506444978249
-0.4397208421940346 1.0257563095387727 42.86029973843199
-0.4435136348607 1.0297328057135335 43.034793877722244
-0.4456142212368851 1.0320467744990385 42.63913921383449
-0.4481934799690867 1.034762158946187 43.79306344769249
-0.4513637715822476 1.0379809006179297 43.50885057899389
-0.4543492714774939 1.0407001274495908 43.40983336233529
-0.4573592572467294 1.043952456214105 43.78885799251504
-0.4601536678489575 1.0467275351342176 43.94837816390722
-0.4630477821860534 1.0495647587564725 43.87892882985487
-0.4659542977985897 1.052353609377355 43.96137298038021
-0.4691237010361242 1.0555179326764268 44.110271545105284
-0.4715655449528535 1.0580371515482605 44.205894281432265
-0.4746447272083826 1.0612542550682584 44.37780144963389
-0.4794866982103907 1.065978935107019 44.793062365868394
-0.4808033643233493 1.0672105729215515 44.58963191822195
-0.4838582503763301 1.0702036903022405 44.27387145333583
-0.4865827978118018 1.0729283903944815 44.793683619377155
-0.4897531189169913 1.0755533880667094 44.216953838970944
-0.4936361998688935 1.0791538177966786 45.01913275976122
-0.4956669404072238 1.0809643728850409 45.20865591539153
-0.4993937220332762 1.0845698995080504 45.501747729388754
-0.5030262234013053 1.0881951619835002 45.4101988002956
-0.5058189578547222 1.0908696190432299 45.56270644460395
-0.5081127022726076 1.093194826407579 45.8130983449417
-0.5113213388609688 1.096113671935464 45.92384606313202
-0.5142836685241314 1.0988527475643033 46.15400976836988
-0.5176370834714721 1.1018998321779852 45.658627454330045
-0.5213767908056662 1.105550501710201 46.32540590334313
-0.5241338558201372 1.1080689117320466 46.448882717079705
-0.5275108747316376 1.1110186110282882 46.873091296791706
-0.5308146244979755 1.1139877344347715 46.85176639846386
-0.5334661745744342 1.1160957268377258 46.027732934465334
-0.5369793707148336 1.1190993336792332 46.016818973214576
-0.5399523305087246 1.1220293274739843 47.27133924648879
-0.5425230686716767 1.1243820912213458 47.49852308125069
-0.5456565049261963 1.1271446866828054 47.22639759619404
-0.5492164941518095 1.1301802626687314 47.31548354739116
-0.5529520031175504 1.1333703228572278 47.39086500792396
-0.5557898715592829 1.1359548028837738 48.28598986144914
-0.5590002450690742 1.1387336921221631 48.3819887954901
-0.5614189806765407 1.1409982888022638 48.61933158959989
-0.5653149179240121 1.1442859339371851 48.78424799396151
-0.5686219414354744 1.14693904116096 48.81059963876052
-0.5708544195342261 1.1485908443580342 49.07814429819689
-0.5707428348660585 1.1484346032659076 48.92062755831336
-0.5782991241545125 1.1550949282540548 49.22879764080336
-0.5806199282481315 1.1569925349753205 49.42815377952291
-0.5835588431770038 1.159421408556103 49.6266892647367
-0.5878197108839814 1.1629502435206125 49.84311153470994
-0.5910260593051222 1.1655752062725004 49.83536693355039
-0.5935989596826818 1.1675860274274503 49.864375500071276
-0.5966382773705508 1.169961662728184 49.96283153676039
-0.6005242409989766 1.1729004056421146 49.23919849471181
-0.6039529444149352 1.175750706213217 50.312870756753576
-0.6067427594617437 1.177844338370713 50.40600974460217
-0.6114322732321562 1.18165068652356 50.49292491063333
-0.6140919730949121 1.183645957849563 50.454971955228594
-0.6162730855833526 1.1853590260627789 50.697230457893426
-0.6200060064686442 1.1884462112636658 50.888654786323436
-0.6241388117676888 1.1919685114710827 51.04093746573607
-0.6277411464467243 1.1948882812051382 51.27001697597082
-0.6301275820954214 1.196545543471303 50.369097758624534
-0.6331310897651765 1.1989577606677135 51.38705326298894
-0.6371816146386821 1.2020436046883756 51.645416909011075
-0.6401853747331878 1.2039637928117837 50.65595599625125
-0.6432803388231052 1.2063779962656267 51.72900840503474
-0.6463965282458206 1.2087671922851972 51.899333631035134
-0.6504960486013853 1.211749986140678 52.15610298607418
-0.6533389455084035 1.2137681221598389 52.241325172180126
-0.6569604661166069 1.2165614305878367 52.57667068471977
-0.6604791957843058 1.219317471011952 52.54460093967493
-0.663336504031265 1.221414422542158 52.6503973142765
-0.6679550054633576 1.2250513719424083 52.97601363603384
-0.6695278039877404 1.2256689720000642 53.0586120368635
-0.6736842871114793 1.2287994448383337 52.9725759060921
-0.6758912311401102 1.2303523372413665 53.386851180722324
-0.6814716729293526 1.2344478434391222 53.36719746951075
-0.6839557931099808 1.2360430278604295 53.66977484372357
-0.6872095068829667 1.2382352830207195 54.06613890446364
-0.6895046348052478 1.2399220514414229 52.8613741007833
-0.6908611440021366 1.24109042811474 54.417793193861314
-0.6915676540088584 1.241718350531063 52.858438326043064
-0.6926010941299758 1.2427308189248365 53.858985548394976
-0.6925338610094329 1.2425604482546244 53.95994241028162
