0.00016044425062173908 -0.006766663225978086 -0.1355290252389959
0.00016322020301995626 -0.009411962462413893 -0.2988917508450937
3.07525373303575e-05 -0.012813343404609963 -0.3859739561251748
8.463493491615067e-05 -0.015675114019572143 -0.6398885215034149
-0.00017848336462002352 -0.019757259561189226 -0.6977585415970616
-6.789622505724152e-06 -0.02277041123553928 -0.7512479364508916
-0.0003712735429500964 -0.02707697621567148 -0.9685600849315948
-0.00017093361531705237 -0.030605708842181424 -1.2866523216634025
-0.0001580189938575026 -0.03471826815424545 -1.4585687101006608
-0.00011796314387788748 -0.03850296910969215 -1.5460188591489723
-0.0005053741760967165 -0.04326347205499498 -1.9102728891362644
0.0002832424792025764 -0.045382030848733775 -1.9424746574883784
-9.371420068408217e-06 -0.05041308772047773 -1.9439245909205225
8.968001324668323e-05 -0.05466025560362677 -2.082580144661139
0.00016372756284139048 -0.057959635114134524 -2.254032470650265
-0.00013913968850611316 -0.0619121762777379 -2.4483305197187284
-0.00015776469869398582 -0.06199212176072344 -2.455652094770004
0.0005280713993328981 -0.0632954970745245 -2.92245174224464
-0.0005048636146476397 -0.06978875034377352 -2.9519144006220626
-0.000632638504571334 -0.07428848960838004 -3.1115682967299265
-0.0009902165057354972 -0.07864669077277259 -3.4683916382925557
-0.001210966334593562 -0.08257864697930775 -3.8638837608511447
-0.0020452988872210823 -0.09201931523904047 -3.894831301566257
-0.0018312382631867907 -0.09523007456183408 -4.175808924786994
-0.0022022938638710447 -0.09995115673025604 -4.400714886619316
-0.002725049661130484 -0.10510422439910327 -4.642721458574067
-0.002679939145935055 -0.1087050053364596 -4.803539328793815
-0.003234660627512431 -0.1134864779916672 -4.830192302770182
-0.002948625776443302 -0.11599380687600927 -5.002864946422055
-0.0033855829439392512 -0.12045772457976105 -5.459413606566648
-0.0049376611416909535 -0.12782012317418687 -5.493608799833506
-0.003907874541694063 -0.12924702445681174 -5.9513877125596135
-0.004432627417712616 -0.13405116029984512 -5.915411765808799
-0.005257717688482898 -0.13970706616522707 -6.021733044037036
-0.005724161038799885 -0.14418846220343107 -6.079987522220925
-0.005626585872994971 -0.14739699691092276 -6.285490510878091
-0.0055489791833138605 -0.15102807164605153 -6.540872789196161
-0.006043576508072746 -0.1561454845425284 -6.53485669693527
-0.006051908366650261 -0.15977904876045002 -6.612302314643358
-0.0066335569915234715 -0.16447997938113135 -6.701219072835468
-0.006573054634867362 -0.1643440784404612 -6.827558397012199
-0.007246501501422739 -0.16926177760184102 -6.806845508398436
-0.00791486370220884 -0.17423480856926202 -6.998391094424252
-0.008545120994589428 -0.17889700931069066 -7.067997593067052
-0.008156048397311197 -0.1814393163420128 -7.066839979560628
-0.008913458780637304 -0.18628371626973267 -7.591606048219117
-0.009946033404463164 -0.1952438320354252 -7.887437326084293
-0.010399499216783278 -0.19957784469167847 -8.133125543630756
-0.011030098060517884 -0.2041357200572546 -8.444658436340786
-0.011509684638971064 -0.2083022049151436 -8.445425120185819
-0.011830362468650518 -0.2122385753330387 -8.5241866003103
-0.012185509287919285 -0.21609366019073967 -8.524802315752781
-0.013336401158391407 -0.221687396563716 -8.528868772926623
-0.01391693615487101 -0.2260212180238497 -8.702291032251276
-0.014578109117973428 -0.23029356988677555 -9.104825351944674
-0.015047747223712368 -0.2346503643314672 -9.195852220837995
-0.015090424156514529 -0.2381101505300697 -9.369977039343373
-0.01615268397621683 -0.2428570782877277 -9.564985255098458
-0.017038974019617778 -0.2473310147112285 -9.755679725304013
-0.017367071767898284 -0.2505424937942573 -9.742501473978466
-0.018074194389228682 -0.25484507153445 -9.956720170010724
-0.018618933555579947 -0.25903192618292803 -10.2063032405632
-0.01891322987582869 -0.26265617147782616 -10.135075021237883
-0.020163174680679463 -0.26787486079495715 -10.571640126178432
-0.0200972377764856 -0.2677458915052517 -10.578114593912128
-0.020992454198359448 -0.2721133847198872 -10.869373602981026
-0.022662810516467586 -0.2779655502705254 -11.081725890382797
-0.02324852521694612 -0.28150066297160403 -11.107534276970988
-0.02439701565394485 -0.28655834838799665 -5.014096173678596
-0.02513084063301209 -0.2903015229537073 -11.403693754047866
-0.027342390104709145 -0.29979229868281 -11.691876945466822
-0.02567001774425361 -0.2987542406816389 -11.479853823982332
-0.028667169341386606 -0.3071938985765489 -11.645095544162025
-0.029815454557305218 -0.3118212611066056 -12.103552923186744
-0.02998994952387526 -0.3147594160960775 -12.330209829889345
-0.030825659246181025 -0.3191074214284471 -12.638493707599778
-0.03232614290214303 -0.32394260948215514 -12.549926817659385
-0.034823503245821674 -0.33061761209038665 -13.126101131701148
-0.034256995751600045 -0.3315745749200334 -7.775660498930369
-0.03613291687177755 -0.3376173444247704 -13.116420932699738
-0.0361524794000149 -0.34056712803319744 -8.270939934372278
-0.035849998734098526 -0.34203785969124706 -13.655285008541211
-0.031560724708306065 -0.3361646579634991 -12.774464871166508
-0.03931363247924522 -0.35358119637891017 -13.886225239347384
-0.039682771049108584 -0.35730070183127793 -9.724743833201318
-0.03956820303300526 -0.35956023283132044 -13.890863673451033
-0.04029777080374428 -0.3634820384205307 -13.975760675467242
-0.04180420662035039 -0.3689702007804524 -14.694040901198258
-0.041718544232961896 -0.3688155601923361 -14.686049081094758
-0.037407016594153186 -0.3629479282513448 -13.670761204516635
-0.0438671539997387 -0.3773525911856319 -14.846479475448437
-0.04494827477976834 -0.3814886412994462 -10.437137094215018
-0.04607286560540544 -0.3857820740763891 -10.631450642005072
-0.04624137554504401 -0.3886511851978775 -11.280080336323426
-0.04940516140679235 -0.39897048391396667 -15.01161893469008
-0.0510693177120308 -0.4040037673615175 -15.41908904632149
-0.051920514280958896 -0.40754049268975545 -15.496382080758707
-0.05295699108315298 -0.4119314761484601 -11.713608124586857
-0.05337741558586631 -0.414915356655124 -12.80178900394744
-0.05547106569193992 -0.420839300269904 -16.35289743294828
-0.05755918546784836 -0.4265566230531888 -16.251813673692038
-0.058876569372694726 -0.4308385103651844 -16.887659771844184
-0.0597415895827397 -0.4344720656758791 -16.538815661829574
-0.05959386101624151 -0.4362863813393681 -16.30353900134212
-0.06100897976376848 -0.44093854589464704 -16.49705030167432
-0.05941847449991184 -0.44000632061956896 -16.911374565213375
-0.0639340132677288 -0.44997280437844606 -14.210089139770016
-0.06469902442230853 -0.4531894804320029 -14.955071277589564
-0.06669513598695165 -0.4584761781445448 -17.810793329386453
-0.06805465088966747 -0.4627023824228734 -17.500679985797188
-0.06912602489790162 -0.466725426539921 -17.513928526391712
-0.06934761826398023 -0.469276638732018 -18.077012210937887
-0.06936149478603004 -0.4692995221899522 -18.09651481737233
-0.06969087294719856 -0.4714985747670414 -18.74286774709277
-0.06941284272254239 -0.4727668248508568 -16.748352505497234
-0.07383619857602758 -0.4820942318097233 -15.660243683903134
-0.07242300557230666 -0.4812429607747505 -18.52337100886595
-0.0753524276718344 -0.4883210607822047 -16.956024541099538
-0.07991195125682474 -0.4993943394637298 -19.12083917611669
-0.08038277936848395 -0.5015181753183245 -19.371184748206012
-0.0829399969267621 -0.5076650662095037 -19.84408210392516
-0.08293782517579529 -0.5096300633349479 -19.372586982711564
-0.0837658690586651 -0.5128652379058738 -18.894440001434397
-0.08474100822782638 -0.5159140875404039 -20.922283482272665
-0.08636640087652761 -0.5203444439207294 -20.797025371018826
-0.08855322040226657 -0.5258511215998066 -20.92345632170878
-0.09073763629957317 -0.5313166521272016 -20.54413380379459
-0.08885608247014345 -0.5297742482872203 -20.24351710386165
-0.09009920258023196 -0.5333657842922916 -20.46633699293947
-0.09501664892635736 -0.5433771707269728 -21.42834751459293
-0.09505742638521336 -0.5454886054618115 -20.37581449219368
-0.09772031387061644 -0.5513568990045858 -21.182923647811037
-0.09798812560386122 -0.5532782244470138 -20.420441504435708
-0.09993547458666918 -0.5577955013206198 -22.477372314553765
-0.10127320973004217 -0.5618339029449432 -22.79251620824921
-0.10295935141763153 -0.5665714479238887 -21.984922894437148
-0.10338851493327976 -0.5672845788019332 -22.02752867285952
-0.10392400332440148 -0.5698271510657491 -21.298872305322227
-0.10670874806297673 -0.5756400309327588 -22.462475914918734
-0.1082209475435332 -0.5794980422288573 -22.371210936166843
-0.10888761764208592 -0.582199059427592 -21.239798749179975
-0.10823000301819802 -0.5827329057964027 -22.320279729943962
-0.11143779340064468 -0.5890589389994121 -22.703019860072843
-0.11312378107933205 -0.5943664247985979 -23.17108045796957
-0.1169044695706801 -0.6017591865334935 -23.553599326156892
-0.11890691560300833 -0.6064437039377765 -23.60959940464612
-0.11999160208282605 -0.6095230618046392 -23.55303131457855
-0.12225981884618732 -0.6145667240792116 -21.93376651515123
-0.12299093746699705 -0.6173139530162484 -23.721886423942014
-0.1255217722759911 -0.6227293590170961 -23.060954046424595
-0.1271838359328729 -0.6264797381924548 -24.185141786424786
-0.12801957976077868 -0.6289847507858066 -24.049873288578
-0.13073795925372525 -0.6341805983263217 -25.08227224646505
-0.13226337821324755 -0.6379888560643684 -23.032111134196683
-0.13272046292572687 -0.6396645690872682 -25.271128564870416
-0.13473895313647127 -0.6438645298186438 -24.22737102347593
-0.13803971677225582 -0.6497093484867507 -25.60020272676139
-0.13978112554229347 -0.6536249600131584 -23.92043590825573
-0.1405412677365813 -0.6559715518040568 -25.60700218937871
-0.14306768649617446 -0.6609144649013781 -24.714715306792822
-0.1427647481357842 -0.6603541945803352 -26.001564314547487
-0.14426295975355194 -0.6636748894501849 -25.93043663748571
-0.1461866725925947 -0.6676195670941332 -26.559437052407922
-0.1484993961614337 -0.6723568907612861 -26.30065143075723
-0.15103256827973874 -0.6773803257999742 -26.68402194914053
-0.15217725965868226 -0.6803249675080549 -26.53719559295341
-0.15496128921914426 -0.6853622709920386 -25.54417570083745
-0.15692695411717686 -0.6902791779749314 -27.235905187159005
-0.15810077568124628 -0.6932119311415934 -27.98216386759193
-0.15956230425114004 -0.6957737535590444 -27.32146539301163
-0.16424285937781805 -0.7035045894851849 -27.2281405687984
-0.16401770412615785 -0.7038725013947709 -27.645933452480808
-0.1673279809036361 -0.709424966511925 -28.420202054472114
-0.1680665312927329 -0.7115947988409472 -27.863510767102646
-0.17080120737172594 -0.7163376060655585 -28.552620185771453
-0.17323774092764924 -0.7206657684955117 -28.581995775100136
-0.17567800598246633 -0.7252444576021339 -28.67114012993464
-0.17675353122904064 -0.7277621266150247 -29.400869821931767
-0.17908407752544336 -0.7320295485696696 -29.161326960117012
-0.18006247796515432 -0.7344622353985064 -29.72832833386516
-0.1840427108016415 -0.7410730329359039 -28.482228690382765
-0.1845848387842972 -0.7430925135244271 -29.554696677055755
-0.18760274098348434 -0.7488255485714509 -29.79581737695089
-0.1883725954704953 -0.7514236852301437 -29.317480126786393
-0.1883230480054982 -0.7513636315187534 -29.32928328610748
-0.18987790410971145 -0.7545168601868228 -30.250706284112677
-0.1928212009543783 -0.7596480725681597 -29.59327607161283
-0.1938855215105688 -0.7621228908955148 -30.387605600722672
-0.19601605058028412 -0.7660973745286483 -30.487137444789358
-0.19897614030032387 -0.7711367724018767 -30.661489501447054
-0.20046827482515192 -0.7737120111972934 -31.004184997137536
-0.20408991832263126 -0.7798853073021506 -30.809600156078385
-0.2072158409351811 -0.7849841297119576 -31.412005629081047
-0.2094188534230496 -0.7887890193378376 -30.79238140598258
-0.21156668086211972 -0.7921597823749132 -31.79202626688185
-0.21332926556652365 -0.7953151002700196 -31.92503823591652
-0.21652969397594435 -0.8005587019870385 -31.77627920792357
-0.2193109018213108 -0.8050479321962707 -32.1273431500294
-0.2215178251914352 -0.8088540714196906 -31.835610380912534
-0.2232592308206109 -0.8119145947805715 -32.138718374623394
-0.2245113319093225 -0.8146773058436843 -32.41145871408453
-0.22788601785295906 -0.8197261859236212 -32.597825219150124
-0.2302750349532554 -0.8235167700249817 -32.6640167543663
-0.2326692969295819 -0.8272425874151813 -32.82022722164741
-0.2350013032738197 -0.8309936779599972 -33.072326193965246
-0.23751913253441925 -0.8350358139283193 -33.551097869309444
-0.2399969785537995 -0.8387831303130825 -33.53189042520341
-0.2424196214365269 -0.8422185949290301 -33.66058332695729
-0.2424101585438302 -0.8422105212475473 -33.66110006677141
-0.2451399627189925 -0.8457871043538164 -33.87202953351086
-0.2472142713960732 -0.8486655413336432 -34.119653828289145
-0.2496832572044753 -0.8522374358528287 -34.18701171784699
-0.2523114931409066 -0.8562651961260103 -34.23565035985951
-0.25471521977232703 -0.8597839118396777 -34.451099309947736
-0.2577604160234225 -0.8644085978180236 -34.719237436387864
-0.2620170524616856 -0.8699895554197706 -34.90587590368603
-0.2631687401370719 -0.8717784767630994 -34.71548823279447
-0.2660917517055237 -0.8759473634844963 -35.13341433691164
-0.2694788913160151 -0.8804300581296118 -34.80840796429783
-0.2717042699363604 -0.8835608980374171 -35.797594065063585
-0.2739597402180588 -0.8867017914976741 -35.798255417224205
-0.27635911799158625 -0.8900136926401441 -36.38887600598464
-0.2787583030214185 -0.8934213618970291 -36.56232684000236
-0.2811589451630308 -0.8967920125718509 -36.80814868401173
-0.2838046994889951 -0.9005722208853347 -36.79912777970512
-0.2862923152643099 -0.9040411710211884 -36.76618988879921
-0.28867777963535995 -0.9071864709768176 -37.16716468420567
-0.29110797556712364 -0.9105146484504656 -37.18373597913942
-0.2935102382860136 -0.9137423736436268 -37.36301133888356
-0.29604189193612684 -0.9173949640564149 -37.36883194273686
-0.2985210121522828 -0.920980943143994 -37.59433029446164
-0.30085837512573266 -0.9242953765333736 -38.18897691315612
-0.3008541766182575 -0.9242909962629624 -38.17358958409292
-0.3032900365783918 -0.9277771104108534 -37.911211940526215
-0.30581143698457114 -0.9311734009730348 -38.044926228367295
-0.3082826077537223 -0.9347358038814608 -38.00165267883581
-0.31071014502903904 -0.9381878382920608 -38.316102330553946
-0.31311913452755635 -0.9416577570087998 -38.48976144100431
-0.3158085855625097 -0.945020789539356 -38.597157207663976
-0.3211039231211256 -0.9515751360170828 -38.87967115965282
-0.3234477217660491 -0.9548012313140416 -38.84217579996991
-0.3262677340773936 -0.9584962712800418 -39.0807051641024
-0.32873905118666746 -0.9618785679482408 -39.04959946763928
-0.3309770646986582 -0.9649737917244524 -39.29909834862619
-0.3334994477303645 -0.9683809948149484 -39.40843676669847
-0.336212247383714 -0.9715662532142384 -39.606682376184594
-0.3388288165352228 -0.9748322955502752 -39.70558796165211
-0.3419224950252531 -0.9786917277824999 -40.04610603865069
-0.34423635236258865 -0.9818789452715904 -40.01107286968351
-0.3472374135788704 -0.9855814039278056 -40.216681027431065
-0.3500315642998224 -0.9890148489033204 -40.43178251242679
-0.35267337122328385 -0.9921649482688712 -40.90404061319038
-0.35592878127944305 -0.9959008730894988 -41.18641699664417
-0.3587197478956368 -0.9993023543939944 -41.08588469884287
-0.3613475388197696 -1.0025018184217225 -41.03259639575578
-0.36423762437981655 -1.0055576562841215 -41.39944626442232
-0.3642372975192147 -1.0055580879151542 -41.39818508721625
-0.3670876570747351 -1.0085148740019658 -41.70514905317111
-0.3701303986140312 -1.0118384195722177 -41.61237662494754
-0.3728990631284757 -1.015000634814106 -41.84547219340261
-0.3756792873442945 -1.0182442686718602 -41.990972866809
-0.3785143281541165 -1.021542885476032 -42.31590262545246
-0.3844226613246291 -1.0277491034069033 -42.85169343088271
-0.3874546180402905 -1.030921567276078 -43.20076627905813
-0.3901265085251111 -1.0338754176518208 -43.096079901523105
-0.3934493089057425 -1.0371079647744958 -42.91744409010828
-0.3961654232089539 -1.0400284918297218 -43.30525968230929
-0.3992313879105664 -1.0430861619976914 -43.601154338439635
-0.4022449104504579 -1.046210817090751 -43.882524464091
-0.4056737445473695 -1.0497599033815344 -43.62763626157767
-0.4080457085894221 -1.0520468132228626 -44.22308472660549
-0.4109532041054325 -1.055235545934362 -44.55955031794217
-0.4141864082853005 -1.0592154480735296 -44.20506099950778
-0.4162908270022585 -1.0614960742738004 -44.57021767210224
-0.419105331301004 -1.0644936839208194 -44.88455669461045
-0.4223400941314031 -1.0678886965715535 -45.00472542427666
-0.4252521158382489 -1.0710956199784902 -45.16422703422353
-0.4279748014048837 -1.0740850685815322 -45.1678014901353
-0.4311120129452295 -1.0778041804794205 -45.2545037073799
-0.4341632098604649 -1.0812823639865865 -45.556142408800646
-0.4345948296598232 -1.0817353598711859 -45.11373933088602
-0.4367046971378388 -1.0837365630999982 -45.78390914623022
-0.4396228087191789 -1.0867108622805493 -46.25908106093189
-0.4428224298458229 -1.0900558671570395 -45.73961135171222
-0.4460275300097677 -1.0937031562825594 -45.58456644439723
-0.4483015628903234 -1.0960158032293759 -46.437335088025065
-0.4553996087567791 -1.1028500693283971 -46.47040842643619
-0.4577200696505601 -1.104865255829714 -47.222472940230354
-0.460861421904336 -1.107963600861777 -46.99478865540828
-0.4642910832604378 -1.1111821278748275 -47.32468995559898
-0.4672347055641983 -1.1140618598508545 -47.24925645273952
-0.4702767795536963 -1.117270082272284 -47.35314147040057
-0.4734944789526919 -1.120419531863279 -46.90816957096893
-0.4764035649882118 -1.1231138500271092 -47.767977118184064
-0.4796090465012057 -1.1260014610494309 -47.39768387471175
-0.4833601926080232 -1.1297150644485434 -47.43744914207137
-0.4858464852240392 -1.1320534358116108 -47.733984734511296
-0.4891333202264199 -1.135244825175022 -48.301987699355536
-0.4924490293896417 -1.1382463622455707 -48.8906496779075
-0.4974483415915193 -1.1428745897502677 -47.96377236890957
-0.4991034291723556 -1.1442437101192244 -49.258051098927915
-0.5042591018610797 -1.1491905569454328 -48.06725847064272
-0.5054906933241079 -1.1499976286540918 -49.59092973875615
-0.5088672110917785 -1.1526799200531077 -49.759370320064974
-0.5088686373585326 -1.1526820622184644 -49.74167979508128
-0.5125158352022504 -1.1556764936285198 -48.907667645989974
-0.5159356956983568 -1.1585037504574958 -49.13425944123424
-0.5196574228371151 -1.1615782391028429 -49.317098917662
-0.5223861708654276 -1.1636488653927641 -49.44138475506216
-0.5254238152870042 -1.1662749768380891 -49.56433570549633
-0.5321020817669135 -1.1724312820238658 -49.81402302668272
-0.5351223927056601 -1.174955155691354 -50.91689049836046
-0.5388026865820028 -1.1779990378306762 -51.54533925585386
-0.5423494971194635 -1.1810080307272786 -50.60754412250736
-0.5456233933116954 -1.1838113258128495 -51.84588835395381
-0.5492437930073419 -1.1866746760353155 -50.91312437393113
-0.5518989811633561 -1.1887233949467313 -50.98655596648098
-0.5548501348707748 -1.1908542483507574 -51.28491746855021
-0.5585981534089337 -1.1939752919402125 -51.26654849408518
-0.5614855344447055 -1.1964628384868157 -52.79702052166757
-0.5676381183307326 -1.2020393011323778 -51.44226316975539
-0.5687902994707014 -1.2025681179781944 -51.83854970975031
-0.5717022223977507 -1.2047122637290308 -53.2148509976431
-0.5753497043504244 -1.207825473211804 -53.5316510052946
-0.5820723980497386 -1.2138108018275493 -51.85493153098954
-0.5816916095918392 -1.212944068743731 -52.450255067879155
-0.5859226062764421 -1.2166630312243163 -52.56782211831728
-0.5885768020378686 -1.218916078652689 -54.204056835579
-0.5885799351076554 -1.2189185574774382 -54.25023279451935
-0.5957723470436419 -1.2254508167260847 -52.662780327249344
-0.5951338618581405 -1.2244500465506578 -52.91374907165353
-0.5979583112939879 -1.2266931198161737 -54.70789385924746
-0.6011274161931004 -1.229259745277989 -54.77385294687532
-0.6058136519943556 -1.2330966307691238 -53.418464237629735
-0.6136392948666636 -1.2398224668423807 -53.597598820055545
-0.6157043215425885 -1.239989052056971 -53.83499142167939
-0.619391854454051 -1.24266760064901 -54.022224665213834
-0.6230599784877595 -1.2454101340283583 -54.15456919864372
-0.627123193317544 -1.2487064293108954 -54.345655774204175
-0.6295726461906292 -1.250548125410912 -56.08578081665518
-0.6329679636551692 -1.2530331068781264 -54.649665514499034
-0.6373295889836043 -1.2563238093275546 -54.792930809767114
-0.6408822497293899 -1.2588770452991336 -54.89540736636716
-0.6438830794272162 -1.2610286604083318 -54.85764699084704
-0.6467361678693839 -1.262822553780503 -55.29263458037592
-0.650579702054495 -1.2654057540686072 -55.42310571906469
-0.6543841226167949 -1.268028525761984 -55.62205967921435
-0.6580680142123019 -1.2707080802552864 -57.97822358759275
-0.6617713891813884 -1.273511322483177 -55.72625898221722
-0.6660784346773533 -1.2769063737494508 -56.099646794168606
-0.6696972123431308 -1.2793041171490949 -56.14823614207041
-0.672004408428424 -1.2805229590033431 -58.85316076940114
-0.6719971148829872 -1.2805168940646672 -58.828326809476
-0.6756831654602904 -1.28321102101298 -56.440592359784546
-0.6787322958998524 -1.2852143917406456 -56.67633416293656
-0.6838255169467828 -1.2888483864815703 -56.93977035908426
-0.6857568183822556 -1.2897025437267562 -56.97088275076189
-0.689100808119019 -1.2919655196212037 -59.413685016940974
-0.6940899643822052 -1.295191951207706 -57.56471680680754
-0.6954007131363747 -1.2961946333339418 -57.7266562284805
-0.6953279524481518 -1.2961602385529236 -58.04573660247526
