0.002443293180670393 -0.009333326995101351 -1.4415559778298743
0.00304271723898529 -0.012409502050795277 -1.853485838789596
0.0035014068619799977 -0.015870750599511773 -2.444262964138636
0.002436312293562589 -0.02617231688190424 -3.6650568986091434
0.0015816928952388086 -0.03145282149981335 -4.119294782356345
0.0016035426268189608 -0.03609406499757744 -4.91727493040599
0.0010732512516294782 -0.04137790102917623 -5.318952292439589
0.0016214116080466427 -0.04540656365185943 -5.9399884193484525
5.665513741412789e-05 -0.052395149915748535 -6.796062708594644
-0.0009530933737738127 -0.05826258021571409 -7.205746027977643
-0.0010817178690160547 -0.058422264626744574 -7.202687347752128
-0.0010468478655637856 -0.06280158621417267 -7.7558057436591685
-0.0011205022423904313 -0.06816258816752556 -8.501025793098256
-0.00292713156606032 -0.07511321020847192 -9.110816560000009
-0.003042701410557156 -0.0795958072311702 -9.777395414133071
-0.003884647653494014 -0.08554577733051003 -10.676316261285544
-0.005581031859540075 -0.09239894609432713 -11.110820945713478
-0.005373002319509146 -0.09653268476847 -11.802741171941655
-0.007187939837493568 -0.10311039664622287 -12.594931999754248
-0.007821335820330014 -0.10873100875624507 -13.149641277887303
-0.008564635658705275 -0.11385360002920568 -13.667931651038911
-0.010633330162620958 -0.12043004999450392 -14.471191352574632
-0.012493551611822177 -0.12657038343351645 -15.081985786063573
-0.012848475825906187 -0.13087581193245934 -15.628242835706072
-0.015701553007650738 -0.14298357931789699 -16.855641465333914
-0.01807487215749044 -0.14938875345845634 -17.485753261043193
-0.020019468195110114 -0.15555230174278767 -18.19710285798847
-0.02037072353018337 -0.15966148811502204 -18.71546222428086
-0.023033625429480918 -0.1659769336582109 -19.45723440317583
-0.024252416704344776 -0.17115243144377335 -19.9266688096628
-0.025416529466222054 -0.17653868589723276 -20.60449795878738
-0.02820188985604348 -0.18316260292839048 -21.237628097087885
-0.02979817587477155 -0.18868134939350892 -21.76080850657082
-0.03167280493525208 -0.1943985093280944 -22.41924503103089
-0.031777765339346384 -0.1944960637358966 -22.42975073478664
-0.03201739957306109 -0.1986867705171413 -22.69416593390769
-0.03499047777048925 -0.2050833146091881 -23.14074658660042
-0.03702792868652335 -0.21027677134827805 -23.795099345842214
-0.03888691381918808 -0.215442984421976 -24.479230644794914
-0.04094833835765392 -0.22111563317591645 -28.193354937577173
-0.043485487845516514 -0.2261378661474644 -25.788739361062394
-0.04520311532010077 -0.2307145476333456 -26.31470914053101
-0.04855803418865847 -0.23659804028476755 -26.876820766379872
-0.05145732423485104 -0.2422932828390223 -30.20694607634595
-0.052801581438334036 -0.2468390553672485 -27.89964930468232
-0.05671133868111493 -0.2530261944282585 -28.60006658948793
-0.05952285149692469 -0.2583412028085664 -29.312993611089702
-0.06123206848400496 -0.2632795226452849 -32.3400244000969
-0.064020832888873 -0.268145359870526 -30.379274834840487
-0.06599558389045565 -0.27249114313007994 -30.94750047655782
-0.07347993799252643 -0.2838513777856689 -34.485813839446955
-0.07521756102701263 -0.28761087471321817 -32.70431568890292
-0.07891126148003574 -0.29321206575526365 -35.646539389182976
-0.07570691026278684 -0.2936880826870282 -33.778726305152226
-0.08521661548534971 -0.3030210046186947 -34.73175287528385
-0.08943807754526997 -0.3084624788910631 -35.158434349261896
-0.09239291368199662 -0.3127172971296409 -36.05016544523594
-0.0964852390869422 -0.3179579306899701 -38.628169613537494
-0.09622080909577613 -0.31777057445190016 -38.617792264219815
-0.09853601929399887 -0.32142189149830713 -36.98926839859417
-0.10364877928178436 -0.3273348933518496 -39.73639083852841
-0.10698369333212776 -0.3319468910172787 -38.60894332500893
-0.1104813082444136 -0.3364969678228082 -39.13137297303787
-0.1088639654267048 -0.33784534952393386 -39.24613429066289
-0.11801655329239405 -0.34583858085204144 -40.24933615888185
-0.12192080251470228 -0.3502295415170359 -41.14121782008548
-0.12580168658241486 -0.3549229560958357 -41.85396092400389
-0.1301014292267114 -0.35974952865984244 -43.69570852723764
-0.1333865532090644 -0.3635167779356404 -43.17709567992787
-0.13366475096813848 -0.3659809202700522 -43.896882304915906
-0.14202004152586825 -0.3731503272788557 -44.7354730431481
-0.14821148444630405 -0.3808931487856443 -45.62138580119114
-0.1537505219127091 -0.3860880273543442 -47.562708533489676
-0.15208424152503436 -0.3868479924330176 -46.22030605656213
-0.16119009450094884 -0.3935888966119984 -47.6984232555484
-0.1662552086282107 -0.3982761934669041 -49.31327246976343
-0.16950037878324942 -0.4018892741453597 -48.61584956422025
-0.17443018865707036 -0.4066344638074118 -50.32900735887022
-0.1752591194799141 -0.4088156057793931 -49.490743716929046
-0.1827799104262024 -0.4146600265915655 -51.68448819327117
-0.1862697633302663 -0.4178164968505558 -51.26775747530617
-0.19068479664517332 -0.4216897095341138 -52.55155202761565
-0.19115153490427766 -0.4219083472756995 -52.66431304399632
-0.19625337299333886 -0.42612931720232894 -53.53108417142632
-0.19732951911972352 -0.42818935441549344 -52.721011200009535
-0.2019430557486317 -0.4320630135177593 -53.17185870363596
-0.2091659490692882 -0.4371082183849928 -54.41453053445733
-0.21194639582976826 -0.4396728968565531 -54.65078592455537
-0.2173372770965912 -0.4431135560746091 -55.521027979115544
-0.22436069752036766 -0.4475104971158543 -57.06421946693719
-0.2290427093776186 -0.4505410936048682 -57.74657181258501
-0.2342839171361197 -0.4537758946636896 -58.454022821565545
-0.2367881622739987 -0.45606277844424603 -58.158397503144855
-0.24213219081243564 -0.4594280267276857 -58.7178216342268
-0.2492613300498956 -0.46336293850178295 -60.24115104038614
-0.2593004766379676 -0.4690717525598593 -61.32012236860828
-0.2645880688348782 -0.471891355653701 -61.809453341257104
-0.2699771658992051 -0.4748012701834176 -62.36997578063684
-0.2750835880926049 -0.4775017629263182 -62.96224464408474
-0.28060763912702363 -0.4803438260600983 -63.955185070703344
-0.28566996612901085 -0.4831585247529069 -64.56738694449963
-0.2906129453756489 -0.4857087371931296 -65.26393443032377
-0.2966849991369171 -0.4881282494014293 -65.87460357233
-0.30185080932964936 -0.4900952596492988 -66.73294077460693
-0.3064379101013279 -0.4923375540071248 -66.87724458739525
-0.31334385570799994 -0.4951353653928454 -68.01691282388921
-0.31333842316161475 -0.4951327906058587 -68.01866752061994
-0.31863305442185924 -0.4971468116164974 -68.35013235164661
-0.32331320591867674 -0.4993712619090101 -68.75417040850316
-0.32867349958020065 -0.5013689026844663 -69.38768644320152
-0.3347452921149455 -0.5035627019725868 -70.22022713770025
-0.3394731747781841 -0.5055168666832202 -71.1087047146032
-0.3451891338307833 -0.5076504943848462 -71.53738193514997
-0.3508505460829933 -0.5095819046457875 -72.18958281086344
-0.35682597595757104 -0.5116288186694222 -72.90243917800295
-0.36182299254544 -0.5132281977903355 -73.34476672496537
-0.3673389088255997 -0.5148889624590547 -74.06193849887455
-0.3731567266463201 -0.5167835081477578 -74.67617818207904
-0.3787230113495182 -0.5184245252894608 -75.88473709756417
-0.3846711851740523 -0.5199579696897592 -76.19848184190913
-0.3907969467851837 -0.5217041132765606 -77.35601150766227
-0.39631711869396696 -0.5231587038051195 -77.99699303167456
-0.407998787732252 -0.5260433594294112 -78.88104529995245
-0.4137655761762379 -0.5275025240931088 -79.40228993197283
-0.4201285612093335 -0.5289354036687217 -79.69574213770134
-0.4254150854289502 -0.5301410981425559 -80.31512134947648
-0.43123345864412577 -0.5312189996468065 -80.95576867779131
-0.4368889302628752 -0.5325493788731388 -81.35963985767064
-0.4429278408074253 -0.5336375532817473 -82.23257179267424
-0.4486828102981204 -0.5347074027811719 -83.05585153205688
-0.44863012382687495 -0.5346918994971951 -83.03720945756784
-0.4550188924670429 -0.5356545557163326 -83.58494460363333
-0.4607601665664997 -0.5363553886779397 -84.28809442868581
-0.4667785758797038 -0.5371145220485507 -84.90758767147757
-0.471998685385516 -0.537577477742389 -85.38406188489344
-0.4782719139112879 -0.5382108641675241 -86.1209345383773
-0.4841218826670615 -0.5387357302716231 -86.58330339057241
-0.4906836055683242 -0.5393825682325214 -87.44263878562971
-0.4957432616419653 -0.5396896890987722 -88.0119748711969
-0.5016652376521842 -0.5400074560141764 -88.48529977514467
-0.5080258461392156 -0.5402683297544474 -89.61098586226095
-0.513173624109473 -0.5402628113500434 -89.7154808353177
-0.5196344883998583 -0.5401728790969135 -90.47417756204142
-0.5267484334926518 -0.5403416073786467 -91.61731426735136
-0.5373202274747948 -0.5397069683581257 -92.66795070323698
-0.5451692297430808 -0.5397455927208306 -93.49717068176132
-0.5499698364601042 -0.5395085336048122 -94.00173736865524
-0.5553425636600585 -0.5389964713470147 -94.12544011976877
-0.562773358001405 -0.538694471911516 -95.33549054174186
-0.5678434759338872 -0.5380115503383028 -95.66032386526884
-0.5749093443740607 -0.5373858039218524 -96.72995745556598
-0.5796368775060831 -0.5367094626538423 -97.24810189186466
-0.5851059067870883 -0.5359861436272834 -97.31906093125592
-0.5909114482398317 -0.5349510809158003 -97.92620543295601
-0.5911778359680921 -0.5348963606420234 -98.32376623914116
-0.5988007832425071 -0.5340389077804903 -99.28789479128969
-0.6025820427842943 -0.5328897894989711 -99.62180768954441
-0.6089308194701141 -0.5319025238047812 -99.95182644845491
-0.6148637185925061 -0.5308063086099779 -101.00708865031162
-0.6199041114071481 -0.5298057252119563 -101.20427492353964
-0.6282044367056011 -0.5286213131701987 -102.63130320510128
-0.6340796475114951 -0.5271916771227076 -103.3342429260476
-0.6372902638735303 -0.5259339048009646 -103.18532225078516
-0.6429972195806197 -0.5246953235887433 -103.77828929187605
-0.6515319760758248 -0.5231575134208702 -105.1997565454862
-0.657563249523043 -0.5215892321395978 -105.91751823017007
-0.6613624865943749 -0.5202875112314255 -106.134334811977
-0.6729175804956282 -0.5171808223086245 -107.79601312942127
-0.6773473696250566 -0.5157022369114631 -107.49140866346531
-0.6829289689886174 -0.5136114967583445 -108.66454529444422
-0.689453640234875 -0.5118263352753787 -109.30042185877562
-0.6951085275559056 -0.5099333705380674 -109.04740845071063
-0.6993846626229829 -0.5077956582267222 -110.54027820858656
-0.7070744370047459 -0.505818969671944 -111.1805691338834
-0.7110834601716914 -0.5040856116084849 -111.64472395995493
-0.7204962245269435 -0.501478463656368 -112.4916181962282
-0.7223124626452213 -0.4996820235562144 -111.93172715360636
-0.7277023490542542 -0.4975635636685666 -112.74010522244421
-0.7274754705376667 -0.4975921938418741 -112.68779006526165
-0.7329646209296203 -0.4951604737242346 -113.31308432022414
-0.7397436958002498 -0.4926463005270654 -115.16699913625428
-0.7441899454228339 -0.4907091401207169 -114.5660776733013
-0.7489639498129936 -0.4884666120938946 -114.99296750129344
-0.7550419545606696 -0.4856987063891196 -116.69524930515713
-0.7602724191558885 -0.4830405911407413 -116.27919049421386
-0.7643255353884656 -0.48033528856853996 -118.0496910856909
-0.7706253360478859 -0.4773724184970751 -118.73732557005646
-0.776249630364805 -0.4742610507980531 -119.64683072592965
-0.7824634105190531 -0.4713717578493648 -119.93506037538572
-0.7868491047504172 -0.4683301556837226 -120.4792067711246
-0.7977016447883358 -0.4644100850653087 -121.86164762824728
-0.8012906905569949 -0.459378082936325 -120.77780623075044
-0.81361409533721 -0.4548560493736912 -123.52029553544338
-0.8113142187944442 -0.4529690209094933 -123.48219012875721
-0.817301965440619 -0.4493456015213878 -124.15400012447365
-0.8229826583347915 -0.4456843338123757 -124.89830418712229
-0.8266851251810347 -0.4425906781331992 -125.52010033512873
-0.8323732358013264 -0.43897521291232655 -126.30397566407144
-0.8366721999926162 -0.4354879339420595 -126.69438782029249
-0.8405715477374129 -0.4322584971189332 -127.2436837190548
-0.8441307602804662 -0.428883353226694 -128.07228324381762
-0.8509776251484215 -0.42461406106547306 -128.75548278022885
-0.8506027155670756 -0.4247003472167786 -128.7079931786191
-0.8543523671500699 -0.421337262049156 -129.13573544087265
-0.859929395833858 -0.41748871560463896 -129.8886782768655
-0.8632710359687839 -0.41417018428406704 -130.3912119764148
-0.8682546723211297 -0.4103960552467704 -131.11833872661023
-0.8732490521565602 -0.4063234742894122 -131.89249714779314
-0.876927140346673 -0.4024590108195661 -132.38525584798614
-0.8814868890417322 -0.3985183731818969 -133.13051737177088
-0.8855263480172788 -0.3947977417693667 -133.78249538577444
-0.8902062030158091 -0.39094881881593546 -134.3646149221384
-0.8927615640705892 -0.3875920140278646 -132.42432406956564
-0.8989651488117323 -0.3833827302901379 -133.13523473828548
-0.9037878604975648 -0.37914084434545137 -136.38588546807838
-0.9128873025172164 -0.3704725320608242 -137.41495264134065
-0.9159370457406102 -0.3668723645571276 -137.927805301198
-0.9222402498345028 -0.3618760274195133 -138.66201989846346
-0.9234969031056804 -0.3586769148543098 -135.85644895757994
-0.9289903811437172 -0.35402145338172675 -139.85382487593844
-0.9332906887186344 -0.3491738126239016 -140.4655102267913
-0.9371704473460379 -0.3448088981655561 -141.12782678000167
-0.9399059757998296 -0.3409760362822868 -138.3944159630659
-0.9450046744893096 -0.3355513254644392 -142.33486309752814
-0.9479171881169812 -0.33146245592626405 -139.4165039358753
-0.9688534240657036 -0.3208121423727986 -144.08291885133482
-0.9687680814890308 -0.32083755714475226 -144.12575578431267
-0.9563624953559676 -0.3218230642787041 -144.51061607745922
-0.9593414491167752 -0.3176806087495166 -145.04144706842936
-0.9629259419868716 -0.3132741537906117 -141.77804075465997
-0.9666209997683328 -0.3078944826402167 -146.22895895557198
-0.9725704252465008 -0.3018045154390473 -146.83829558864426
-0.9743676077586336 -0.2974539881758666 -147.6790536075907
-0.9767174475308116 -0.29271706442178835 -148.19314912020164
-0.980535999444872 -0.28738871642037656 -148.74706080709575
-0.983809280014492 -0.2822994727620025 -145.54011651940775
-0.9869888513413474 -0.2772083818350082 -150.15272370188325
-0.9903945922921592 -0.271817393450016 -150.85279549831887
-0.9933074675582878 -0.2664887520674996 -151.38254270761678
-0.9963885416237896 -0.261231577315739 -152.16148729972124
-1.0014947568685817 -0.2549944811213027 -152.86522014887169
-1.005882554730684 -0.2449295361050201 -154.16883447372783
-1.007781623336654 -0.2397788373321121 -154.79168664086717
-1.0120225600005663 -0.2334733683942833 -155.5341733710396
-1.0129096064870418 -0.2290553658800808 -156.1625176770505
-1.015972616774867 -0.22338653965742025 -156.75983887584067
-1.0198035860871346 -0.21729739687582167 -157.4875466788684
-1.020692496199051 -0.2129538189839679 -158.1645725346385
-1.0247097004674808 -0.20656464117214274 -158.63237656288211
-1.0265831686078368 -0.20128792258763709 -159.37626259631162
-1.0265423221988603 -0.20130237890549946 -159.3772170672537
-1.0289555478956964 -0.1956617032001527 -159.98366223739006
-1.03154019396257 -0.18973490562746256 -160.58525826668654
-1.0335706717042523 -0.18421963823952212 -161.6207838145489
-1.031846238838823 -0.18062564000725448 -162.20440456244168
-1.037066531898884 -0.17317477036932188 -162.97381468287338
-1.038891306879349 -0.16778955271129442 -163.55065893138755
-1.0415880736124783 -0.16168894573449274 -164.09136244607168
-1.046343329599859 -0.1547195082992605 -164.37718084089667
-1.0498781123327512 -0.1481230061801584 -164.9439706503839
-1.0651969533264158 -0.1347319838472947 -166.1932590652345
-1.0472146851234645 -0.1407964538731905 -166.2931908376155
-1.0457610596983022 -0.13675225093476862 -166.65127287064252
-1.0552049586136474 -0.12206828681152668 -162.8472189852356
-1.0567609359304018 -0.11643823893265748 -163.0800355170897
-1.0616483603302265 -0.108480795385995 -164.245068099795
-1.059717284465301 -0.10478351722693537 -170.28292340951347
-1.0618394670216489 -0.09837826876576032 -170.9247997342448
-1.062432682540422 -0.09260899073541516 -171.60171936623067
-1.0623583101813407 -0.08749234330134714 -172.2656021335846
-1.0640941161011779 -0.08095162027438113 -172.6965991432499
-1.0634225912319817 -0.07619146001237231 -166.7009688070403
-1.0675475085138133 -0.06796361651586916 -174.00785048868116
-1.0672076354608468 -0.06286114646323834 -174.7205594992076
-1.0680382536944135 -0.06228581191804891 -174.75689803210946
-1.0682908631757762 -0.05687876261279179 -175.2867300321695
-1.0695415532086294 -0.050296048056554216 -176.07976562155818
-1.069813174642941 -0.0447690993642019 -176.86192875291462
-1.0708265715755758 -0.03859918966360665 -177.4828283066981
-1.0710565076042915 -0.032575453896919015 -178.0547917880185
-1.0716368256431767 -0.02638263895035736 -178.69084202065284
-1.0710996830090105 -0.020643280169554662 -179.25777514037952
-1.07093550844706 -0.014475366727757009 -180.21410128265097
-1.073868673391429 -0.006367989149417802 -180.90358280676742
-1.0735739049222242 -0.00021378370682884065 -181.56115017795648
-1.0740064515588634 0.006351574801645693 -182.24993383147893
-1.0698775942342305 0.009298784722181486 -182.7452124101477
-1.0725759329845144 0.023928857904672973 -184.2770056067477
-1.0723729240200075 0.029925097503511244 -185.04969554882263
-1.0723790499815309 0.03630166716987624 -185.6387827737741
-1.0704660201470395 0.04119555730897365 -186.2776763029215
-1.0716554372545994 0.04856805798529526 -187.0124072301872
-1.0686966578903885 0.052552789000305584 -187.5377588838189
-1.0702319971883598 0.06035959146692418 -188.2464632585696
-1.068425721712852 0.06515544552469116 -188.8417823455888
-1.0683366435347719 0.07145247651670858 -189.5434604941357
-1.0665160169328565 0.07605760688953711 -190.14647238926486
-1.0685068012125358 0.08446392143264972 -191.01264900215438
-1.0686020967947802 0.08454748273319515 -190.99918399187843
-1.0648881581745515 0.08809951307133343 -191.70834601399864
-1.065773662640814 0.0956464845396858 -192.26835456899468
-1.0637676827360183 0.10070917578962346 -192.8328020913008
-1.061424863604083 0.10530931031353293 -193.5744940009697
-1.0610312373086883 0.11154222465604646 -194.28861753211763
-1.0615905963428751 0.11938089019227155 -194.68858240203144
-1.0596480224371578 0.12471321445552055 -195.39924035414765
-1.0586558123309204 0.13065732942236807 -196.02479900517181
-1.0587147083217687 0.13844071789285473 -196.6125213418248
-1.0551677929139378 0.1424144729372018 -197.30244120842792
-1.054603876932196 0.14878989003632145 -197.97928508056071
-1.0514941272997924 0.15287997501052372 -198.5030998266423
-1.0514075367354254 0.16009544668665088 -199.26914168288258
-1.0493691727576122 0.1651809986097948 -199.87096480136086
-1.0451251167421094 0.17581393826909672 -201.08762775505173
-1.0447950418405134 0.18332645304801995 -201.75405254514405
-1.0421446465661384 0.1883715142645428 -202.47413793122925
-1.0406149728878833 0.1942525367404904 -203.12050790215267
-1.0395063418789388 0.20095153556814524 -203.6703615575204
-1.0532889565685482 0.22442811407453056 -198.6776480827856
-1.0327467735680491 0.2093210810962404 -204.89387110054955
-1.0334761946823932 0.2189112899183608 -205.54233100241944
-1.0283246137190387 0.22162135610065936 -206.30242851527416
-1.029011553933358 0.2224149033156762 -206.2087259975296
-1.026672099621306 0.2279427675927773 -206.9264940186761
-1.0246283764688178 0.2343554480025445 -207.52134177483453
-1.0199457916502321 0.2370421818248719 -208.0147707945445
-1.0175917589401229 0.24273606961614205 -208.84555195578903
-1.017770364200755 0.2519379155838562 -209.554093025152
-1.0116334639585471 0.2526355539099754 -210.2206912689361
-1.0107091791064082 0.2601774694614992 -210.92247480353626
-1.0080339219776508 0.2660050160386763 -203.38308000925187
-1.0052975131008155 0.27171572912587605 -212.29010061644288
-1.0033476306586235 0.27864745077629044 -212.8007595527559
-0.9976921374221702 0.2807334042627251 -213.46533574978082
-0.9960659542182516 0.2878314453007286 -214.2482750035324
-0.9927632540455179 0.29309201895385645 -214.92423904292102
-0.9880364063861344 0.29583516050286185 -215.53698851977288
-0.9828600913848152 0.30797978287500005 -216.77061713594486
-0.9791970068255508 0.31283174248063805 -217.51618029844212
-0.9769493276914314 0.3192869678700984 -218.30992521307368
-0.9713348245663967 0.32096928069477804 -218.85903130312298
-0.9666927620779696 0.3236237771921553 -219.39351864067487
-0.965598310129066 0.33204929363959423 -220.1227420157358
-0.9626397272517532 0.3382401809104271 -220.70842935135457
-0.9573171587526966 0.3407340481525639 -221.39980394686063
-0.9532351784095044 0.34476303148953114 -222.1808635323121
-0.9529384887286898 0.34429250641494513 -222.1333171528967
-0.949327030895576 0.3490476406963391 -222.7510609137072
-0.9446776384282792 0.3520312727019944 -223.36238317534168
-0.9434050092624356 0.3610960223491356 -224.00819031815675
-0.937115648361782 0.3618542012167898 -224.43374967989757
-0.9329575212034488 0.3665896922918581 -225.2256505156699
-0.9297918583951508 0.3726561273613331 -225.87771311612187
-0.9250452396250454 0.3763275062777396 -226.4568020136024
-0.9208017289188196 0.3804886808280541 -226.952749228802
-0.9161191782288944 0.3831115981825877 -227.75605515948703
-0.908628094893078 0.3784372803112703 -228.39098542837002
-0.9040912155131456 0.3765499728548657 -228.4794074064851
-0.9001278207138156 0.3740785791777326 -228.690009364003
-0.897732318051135 0.3739408813227576 -229.0777050545282
