-0.0013707428038199315 -0.009292501833933115 -1.4538790903380387
-0.00122876098347105 -0.012032062657835449 -1.6338189844045057
-0.0011062014164165649 -0.014405903931660847 -1.8598098015500777
-0.0009743786492006104 -0.016895481799433384 -2.1422647591667143
-0.0013763803048151585 -0.02065427673158926 -2.4450042997070174
-0.0014953487798913395 -0.02407337022565673 -2.4018116530447324
-0.002339748612606494 -0.030597086413740118 -2.5472515874406536
-0.001320795482359664 -0.031419627223355284 -2.6646638564998937
-0.0017947959673818535 -0.03676229645445124 -2.855795076184935
-0.001842277339650613 -0.03984343260704045 -3.0907825523382804
-0.00243946894040516 -0.04482482105215994 -3.0699519461923184
-0.002619548085981221 -0.04959372983247863 -3.381118694330137
-0.0023775972588162275 -0.05259239692352143 -3.715484020075385
-0.002795684182561227 -0.05798060940104687 -3.7610307799771663
-0.00278346399985821 -0.057885936771773276 -3.717476518730675
-0.0027980646581711663 -0.06166259915821346 -3.807255243997477
-0.002494369426912068 -0.06519486556622282 -3.7778723144315713
-0.0024876683087084045 -0.06957745877459069 -4.1245908041107135
-0.0028727832894007467 -0.07445584100997643 -4.009497841621816
-0.0031827117804748557 -0.08237303825250508 -4.358641626820642
-0.003507330204872719 -0.08768052951278588 -4.450268529767811
-0.003544979262077655 -0.0917966406547264 -4.6667020465067335
-0.003964099647799453 -0.09629590798129067 -4.797958288244686
-0.003935033836068372 -0.09949198317269414 -5.2362838187188085
-0.004388370251437901 -0.10427364003565903 -5.268358662901129
-0.004519155570965279 -0.10823566243414892 -5.3799971014685335
-0.004469054162061753 -0.11180349463334767 -5.52807262585227
-0.004918546932396114 -0.11675448847350675 -5.943082543459557
-0.0050406342063058895 -0.12051652326359565 -5.875920311672263
-0.005361792432915603 -0.12426798695861138 -6.055328048794062
-0.0059229265218374225 -0.12945825415489598 -6.130392338015713
-0.005762442877666496 -0.13235850362779214 -6.258537919877948
-0.005941831535494449 -0.13631656945421694 -6.437725179220383
-0.006486389479344538 -0.14115635620298295 -6.5106735823062225
-0.0070153298720556645 -0.14571848845461546 -6.688406374010838
-0.008136842434449607 -0.15235114461949506 -6.777638221261225
-0.008493310070678661 -0.15644936739898038 -7.096849215199177
-0.00864112923236017 -0.1600060794936866 -7.454379349039497
-0.008736910371237321 -0.1603262320403581 -7.4304819503432675
-0.009091501972220722 -0.1639233815883915 -7.717359556286386
-0.009536206973399894 -0.16814378984253991 -8.217907168357996
-0.010419023596909126 -0.17374651354850898 -8.200280297587593
-0.0111496514271629 -0.17830210065550312 -8.268222142445682
-0.011352542433481952 -0.1814566461762217 -8.204841261811131
-0.011503701639655556 -0.18659519522449253 -8.587263990695016
-0.012442437000237144 -0.1924242647764 -1.53375271863013
-0.013106722566804379 -0.1974164803675302 -8.67588613939978
-0.013973518712275368 -0.20221693202383725 -8.971535040933679
-0.013717201696841028 -0.20335690305400864 -9.184485874958114
-0.010064673825224607 -0.19492921084709566 -9.054475858908543
-0.01617961883467328 -0.21609275420529536 -2.694964399309959
-0.017701555427405744 -0.22284593784329293 -9.623012374488956
-0.01802980363511017 -0.2252902150867649 -9.994747790983805
-0.01800623927236948 -0.22728009107415395 -10.0477105499698
-0.01884333573892891 -0.23204747591654706 -10.51205508392951
-0.017949740102009906 -0.2321278451503335 -10.297657238353356
-0.01902750719458686 -0.2377946502531923 -10.587549052330102
-0.021084286363901264 -0.2459017197614629 -10.927817954432983
-0.02112941203915515 -0.2480713666198886 -10.763034020647527
-0.0214641951350336 -0.25129972709721393 -11.035543012797062
-0.021982477456795102 -0.2546177447849163 -11.459488963236543
-0.016583363829520692 -0.2407895611337136 -11.090530370960138
-0.016412105573855 -0.24029381787547746 -11.048208706205036
-0.023026458951833403 -0.26150217052739994 -11.418906971729381
-0.025264207703228583 -0.27086344079006697 -11.566459023867507
-0.026146618918829537 -0.2759842205225897 -11.55162712331951
-0.026847377363966758 -0.28056780491983657 -6.745639271461887
-0.023155680525972028 -0.2734566120379737 -11.198223601792538
-0.021255745072974286 -0.2708830106981988 -9.873906396176935
-0.029546693695144968 -0.29665932489236546 -12.289264952649653
-0.02960169799752312 -0.2985460519346701 -12.768645554215095
-0.03031119109215228 -0.3018790461276984 -7.855469401594586
-0.031599458055182016 -0.3071179986752943 -12.532645219126715
-0.03411973437148594 -0.3160994138328756 -13.177733543448568
-0.03352474677676301 -0.31616083653694016 -12.88103221512521
-0.03491008678940785 -0.3214593630137805 -12.861260805398588
-0.03574546071033618 -0.3254442565469136 -8.751544766248664
-0.03574589317070663 -0.327448718839286 -13.045886053308866
-0.03670429279025923 -0.33167278396750577 -13.93965032508326
-0.038465418740551705 -0.3378171668946399 -9.342967300882641
-0.04016639376887757 -0.3432245154168413 -9.938308981555123
-0.04102296778453987 -0.3465700423283004 -9.833504045412585
-0.04254959205342597 -0.3530449060322741 -9.896929438370854
-0.037153341738879984 -0.3403373272445808 -11.961412276587502
-0.03936332566918617 -0.3481881831851041 -14.010735492725955
-0.04312341997837306 -0.360169352924776 -14.570145335762506
-0.04527598156524802 -0.36791588677101655 -14.760247430450402
-0.04528981953371737 -0.3679670942872594 -14.79502089638916
-0.04548255977991314 -0.3698199305983689 -15.244610915298937
-0.046847409216419014 -0.37474915381366 -14.802665605972026
-0.04904980739032959 -0.3817417388470214 -15.681048158319983
-0.049984829842441014 -0.38723089424512996 -15.857090222353726
-0.04740450332325112 -0.3812568386438023 -13.904640855268278
-0.053433831662225414 -0.3983139140147306 -16.149221207400018
-0.05503785180528899 -0.4032032581611361 -16.39683269325786
-0.05630656592014593 -0.4076820772269591 -16.126501475312313
-0.05713240999641255 -0.4111984398369304 -13.853642535199823
-0.058021721139043865 -0.4144152696052802 -16.842360698089095
-0.059127358846090376 -0.4177872369360277 -17.287403771034313
-0.057308172844776614 -0.4136681832307651 -15.136788297280695
-0.06140781008120413 -0.4253033414227997 -15.409104602388027
-0.0628354878284595 -0.4304448602742455 -15.257296497028804
-0.060401183084873564 -0.425219182419585 -15.573762374124644
-0.06242051489899787 -0.4312461884588765 -17.21395404221172
-0.06290921462747381 -0.4334043594571122 -16.653629345377
-0.06708451129598457 -0.445626345314036 -17.871787391026828
-0.06822357440207928 -0.4495186691579861 -16.508010647261358
-0.06704340612287968 -0.44685856888028985 -17.93376948887219
-0.06855827051078046 -0.4507103570962145 -19.173219280344533
-0.0727219522893721 -0.46200488472851897 -18.827971694182416
-0.07382279772898538 -0.4662415253782061 -17.931117207679808
-0.07385678169101438 -0.4663176693620708 -17.981179422500922
-0.07564349174637974 -0.4721418630322731 -18.518930953474225
-0.07701017134928673 -0.4766444830711901 -16.550289187734695
-0.0752723892844675 -0.4719379805994738 -19.85297310358711
-0.07907010538911223 -0.4828968935124096 -19.254087486777106
-0.08097696879513311 -0.4908940394375644 -17.94718574244089
-0.08215636834589615 -0.4941146505178523 -17.854367975747767
-0.083782110037279 -0.4979413925707639 -18.9153312489995
-0.0856363330034858 -0.5029928883711929 -17.706473541722495
-0.08455918116815714 -0.5011717570908603 -17.540702771424765
-0.08914062993998195 -0.5137558883208742 -17.049202771536013
-0.08965833550521066 -0.5152783949879491 -20.07324267529157
-0.08962413004647167 -0.5156115011080759 -19.066838753097183
-0.0919629874219074 -0.522126462322609 -18.984114468195635
-0.09397310935261738 -0.5278241301302371 -19.21641909490657
-0.0952296746073131 -0.5312452542962987 -21.13363168653865
-0.0979669931717012 -0.5378612315306862 -21.373690722369645
-0.09851605137671438 -0.5390254746396754 -21.48769117331183
-0.10010777188683148 -0.5431949839870671 -20.492440568719086
-0.10207132599565973 -0.5481342727744477 -20.88594140585688
-0.1041136753332439 -0.5532756511889125 -20.924399998233053
-0.10540441182541883 -0.5570168036062332 -21.469461621843852
-0.10709721459286307 -0.5617625980206359 -21.023410565941145
-0.10858945651221312 -0.565411717851694 -22.38235487619048
-0.10728352640878044 -0.5620852260042932 -21.470814538455336
-0.109854345287525 -0.5681380805843324 -22.46554318140533
-0.11000171739371756 -0.5680006730656681 -22.461932428848876
-0.11251350840675564 -0.5743328611484265 -20.9878121996556
-0.1147636281473021 -0.5806066176196638 -22.46560501386704
-0.11728046758847095 -0.5868424079807022 -22.805431799784397
-0.11936053099424968 -0.5915596889075244 -22.66987443335671
-0.12141128629808015 -0.5963692576658741 -22.738723349512604
-0.12329860627117516 -0.6015762274913498 -22.887067526028105
-0.12557835140414142 -0.6073733805193368 -22.56019342958841
-0.12732900575965767 -0.6113755587751898 -22.74856149153294
-0.12908008375314908 -0.6148549421369157 -23.25142956726221
-0.13064355875719286 -0.6180996928872431 -23.50104254743515
-0.13225107056725 -0.6222039665745069 -24.01423071759356
-0.13366861583012912 -0.6256807460146574 -24.399625640522622
-0.1355406499055846 -0.6297617616076733 -23.78718235825228
-0.1375666013499895 -0.6344991983427829 -23.771603734227533
-0.13985463991426386 -0.6391972819407686 -25.83292516313834
-0.14032598274928682 -0.6399712866106709 -23.226342806832648
-0.14335163360271885 -0.6465543663596416 -25.99423162794385
-0.14347425349969853 -0.6457543809478938 -25.511384115984768
-0.14554978339903274 -0.6499829437668545 -25.990889564597808
-0.1492961694536421 -0.6596382574675973 -24.41733500281041
-0.1503532196632435 -0.6617725415470891 -25.696772948873342
-0.15039652027789546 -0.6618651085364747 -25.70608829009654
-0.1513527667642916 -0.6628657011895654 -27.34073018952189
-0.15253735702214494 -0.6653181951846607 -26.95694596614215
-0.15333266034526108 -0.6674269675705718 -26.21488336336264
-0.1538551550831498 -0.6703778171315734 -26.349403910141767
-0.15916362996741704 -0.6827052956031627 -24.50759993726097
-0.1610858046336521 -0.6861111315357085 -24.499899142111285
-0.1621115515725992 -0.6870751373195151 -27.097115163322663
-0.1655212431585758 -0.6951123026906403 -25.46755991478588
-0.16751967434426754 -0.6996270457753381 -26.873208251276818
-0.1696614137435023 -0.7040011814064323 -27.126627051167656
-0.17052497519684975 -0.7047204610133749 -27.195392864257606
-0.17217182976374995 -0.7075253911429294 -26.682319061020287
-0.17399713312792894 -0.710646993948481 -28.57902524590873
-0.1757961237734954 -0.7140134189029915 -28.315396778585725
-0.17941206775531215 -0.7219132307740727 -28.907589212344003
-0.18201851316092085 -0.7265441553261964 -28.555767622077962
-0.1844618730188821 -0.7311377714520868 -28.700631495511765
-0.1864148923292092 -0.7350451653336161 -28.680784619317603
-0.18853974594552209 -0.7390011814521544 -28.84747674915501
-0.1904702013326673 -0.7429225771319948 -28.83027298271017
-0.1922326379073678 -0.7462842862781451 -29.12577409143993
-0.19408630442806754 -0.7500075002438289 -29.31552876798924
-0.1960339800535837 -0.7537806184311477 -29.410991459509372
-0.19602500643318216 -0.7537580155838461 -29.41116373250871
-0.1970630997804657 -0.754384044765676 -29.258991338063158
-0.19952031443527746 -0.7591887751973299 -30.09194998812604
-0.20082543343745604 -0.7608246858727221 -30.137169476000015
-0.20475804271733972 -0.7680770144814979 -30.044132155308642
-0.2077705228900084 -0.7737039018340623 -30.84279927747109
-0.21031101411590955 -0.7779972574394257 -31.010610123507327
-0.21186621617261167 -0.7797547249116129 -30.528137164590877
-0.21423750777300424 -0.7843243576157032 -30.91186866535725
-0.21722776066407776 -0.7901311440606642 -32.45548225943816
-0.2194751117385524 -0.7943056802914964 -31.856637946775518
-0.22154758977470004 -0.7971263255972618 -32.38330303726783
-0.22300421035862944 -0.798453371324638 -31.37902031989609
-0.22557876348755 -0.8033901998949181 -31.53137976096135
-0.2280435452407512 -0.8075545951163721 -31.731647725754065
-0.23023925029479744 -0.8113543040140475 -31.91981936572997
-0.23234893411250995 -0.8141769611819968 -32.27074732173738
-0.2345977680934001 -0.8176393320107721 -32.662713507467345
-0.2372661231541855 -0.8227913554896894 -32.83931981864177
-0.2396276448911941 -0.8265870549558068 -33.532544038812624
-0.2415990391108093 -0.8293094410827689 -32.62367196384836
-0.2436506356310761 -0.8323304205710426 -33.492896129419776
-0.2456583559894351 -0.8355552953892558 -32.406623781057085
-0.2483198468220888 -0.8404519383975461 -33.73286260936492
-0.2478665507225598 -0.8384670762972121 -33.57538935911405
-0.2505840213683481 -0.8438293009883443 -33.76895585930898
-0.2527810512363372 -0.8468403269684188 -33.06545939760217
-0.25451680368756474 -0.8488149081292222 -33.163846878504074
-0.2593656100575913 -0.8571136231422732 -33.73515862691499
-0.2623288053684961 -0.8627342076010525 -34.77732217179389
-0.2648322255235394 -0.8660433713767786 -35.08509007068549
-0.2669632092576898 -0.8683819939206535 -34.15169966107141
-0.2695247933426318 -0.8717297888430418 -34.265492903665645
-0.27183832625126425 -0.8750408476893258 -34.25999595853329
-0.2745950112171805 -0.8798901788163945 -35.187258435391875
-0.2769177759966188 -0.8834829750013716 -35.360433197579006
-0.2789344665430353 -0.8865067940975376 -34.870628004094726
-0.2814817625506221 -0.8901149295982361 -34.95136654226449
-0.2841119465816977 -0.8936500928226891 -35.256920281910915
-0.2864823740169557 -0.8959041133608677 -35.51919944785893
-0.2890016070295271 -0.9004192038900373 -35.55204642328529
-0.2916817700165786 -0.9040787751971788 -35.548684792016104
-0.2944660606861425 -0.9064314225716832 -35.984553253844254
-0.2969833369296305 -0.9097552598984764 -35.87052670530897
-0.299478139390256 -0.9146567374285104 -36.51572608698966
-0.30196513307041634 -0.9179853134558954 -36.58497624789925
-0.30444522466946805 -0.9220162502048934 -36.706142808968394
-0.3072508080633272 -0.9250163620471044 -36.91253811800845
-0.3072590106933736 -0.9248411415130652 -36.93115952617689
-0.30957708131886336 -0.9283438544378788 -37.055722516325055
-0.3123510349257884 -0.9307157600956816 -37.444178246246366
-0.3148829585763591 -0.9349497294012834 -37.317066298395844
-0.32035553305074593 -0.9417788892069154 -37.84103025757001
-0.3230522030959945 -0.9458886415714988 -38.48897631611185
-0.3257384159814699 -0.9482854495108896 -37.92381114381197
-0.3284912531929856 -0.9521406740206688 -38.67161565528377
-0.3311146441353463 -0.9563607592786944 -38.89970604063678
-0.3341660296467421 -0.9583497663817264 -38.636663083999366
-0.336833369474186 -0.9615434184453466 -38.741273993497245
-0.3392672064371496 -0.96642085466344 -39.76207765537127
-0.3419931509836087 -0.9696901774731576 -39.47503029925643
-0.3446270903507748 -0.9723403326021044 -39.43237880225461
-0.34742165421505344 -0.9756830896040432 -39.718389880174726
-0.3501636799411926 -0.978631079443385 -40.107836453433904
-0.3531686118527694 -0.9813385786987908 -39.57520127516812
-0.3553929409880291 -0.98577529762651 -40.39577073135766
-0.3585699055970223 -0.9881797005516236 -39.985097434104325
-0.3610682745015609 -0.9915384976716676 -40.2477938529872
-0.3631258131986447 -0.9958424104153364 -40.67164522196163
-0.3655481205459571 -0.9988103848533256 -40.770771484242225
-0.3685135940633693 -1.002101859344004 -41.075967586835134
-0.3712333067835051 -1.0055707303455228 -40.95841523391943
-0.3712991732803285 -1.0055068698290492 -40.97071276894247
-0.37412893518210405 -1.0086283366453457 -41.50058203696026
-0.3765425759242691 -1.011722760165925 -41.343388058308406
-0.3792422935197338 -1.0153984956620237 -41.76818851369568
-0.3821959127532 -1.0189196350126049 -42.18023126224725
-0.3881768094968871 -1.0249722535327284 -42.08113512476992
-0.3906509442571551 -1.0283203939447547 -41.972411023310435
-0.393450031028977 -1.031515704233304 -42.475309672819726
-0.39624263942366666 -1.0344375551698046 -42.44367344321814
-0.3998235305814611 -1.0370828430833638 -42.2038864454023
-0.4018151860512253 -1.0406842060030712 -42.89887241823713
-0.4046964756165729 -1.0440746325482189 -43.006192590401405
-0.4076357386153901 -1.0470622901292048 -43.33838877920434
-0.410461463002065 -1.0502052350448037 -43.418041300116776
-0.4132449786559639 -1.0532101380935204 -43.61789658346871
-0.4159140118566861 -1.0564292667738846 -43.90733036163909
-0.4191538661939891 -1.059809500191037 -44.167027698652475
-0.4225537364173321 -1.0631305153572734 -44.10573152993979
-0.4260601843706737 -1.0662673736546306 -43.919546765689375
-0.4285062691385825 -1.0694949307985528 -44.238523633104364
-0.4317096114294692 -1.0726506420308233 -44.171724467454055
-0.4339816094862887 -1.0756422795850722 -44.56187357029057
-0.4369851593378686 -1.07864742049774 -45.092014449354274
-0.4398254635682185 -1.0815045537352772 -45.171002383003646
-0.4398955055596827 -1.0815091652787925 -45.2455283842675
-0.4427387438427399 -1.0842534019308825 -45.52696250437921
-0.4457831186997106 -1.087398581037618 -45.79241587370946
-0.44908062558666817 -1.0909415253162384 -45.37762355286053
-0.45477415489051903 -1.0966230778966564 -46.33077575179733
-0.4599219379900487 -1.1003299597990537 -45.4667228010461
-0.4611451564148647 -1.1029246630647738 -46.65351522732567
-0.4641072244872171 -1.105899266492214 -46.22042698190327
-0.4668056656046722 -1.1086575966553294 -47.0378193942434
-0.4707720061334189 -1.1118655582230272 -46.434710903007925
-0.4748840518605423 -1.1149674640396925 -46.445975065860644
-0.4761126803245194 -1.117595618132336 -47.000057051382534
-0.4795210945209006 -1.1207022059828478 -47.11920771072722
-0.4827878947013043 -1.1234954817157206 -47.85447416954418
-0.4856710666887138 -1.1263470928181911 -47.425577424514216
-0.4880158129772085 -1.1289230158244281 -48.47665867233039
-0.49150937301577896 -1.1320454013297143 -47.532740505181685
-0.4944838609366555 -1.135066285178873 -47.82897807057265
-0.4980260488954482 -1.138272748356978 -47.883786789860295
-0.5013037189972742 -1.1410887669037777 -47.973707176313255
-0.5042250774018646 -1.1438070138417824 -48.03977809178085
-0.5064768435677273 -1.146666563392455 -48.3874595196575
-0.5103662240418138 -1.1497812618343322 -48.31774879698258
-0.5131684292314284 -1.1524275563965662 -48.53005240419497
-0.5128004534938583 -1.1521399957012122 -49.55895082475955
-0.5158954813707135 -1.1551359484997024 -48.86529782653982
-0.5191422818846659 -1.1581663584834394 -50.0365226266746
-0.5224311122744687 -1.161051207408074 -50.268628817604025
-0.5298856068974392 -1.1667680312189086 -49.02226979364847
-0.5288463646379096 -1.1662429927514637 -50.42193200230986
-0.532849169706804 -1.169347484390042 -49.3080804171713
-0.5394407782536302 -1.174905558788832 -49.652232029686616
-0.5427974959944123 -1.177478129525962 -49.75909583961954
-0.5465622340796598 -1.1805227026893403 -49.71831292052144
-0.5497486519562877 -1.1833527331760212 -50.09820631315082
-0.5520907501292678 -1.1857434251882697 -52.0217314147561
-0.5555084044199203 -1.1887814150804952 -50.514472610716716
-0.5590187813189806 -1.1917524088874634 -50.49914407228686
-0.561537226616643 -1.1942090311215667 -50.59042331956868
-0.5651695363601141 -1.197043399390925 -52.459214415370255
-0.5686642971594261 -1.200145197810182 -50.96129350238957
-0.5724569289196731 -1.2031430673418289 -51.184506748128975
-0.5757654238502597 -1.2053479118904848 -52.77051174416067
-0.5845367818618042 -1.2108103845166929 -50.68477325898419
-0.5834955112072056 -1.2112466320225737 -51.27839277167592
-0.5857873868011958 -1.2134436845337209 -51.44936251214984
-0.5942422943417992 -1.2186584345104066 -51.11827741606761
-0.597157637566582 -1.2211182667509242 -51.5128082850688
-0.5923952101678963 -1.2185633068989945 -53.79285046647026
-0.5954881949182095 -1.2213302898209542 -52.18273526226443
-0.5993250517405814 -1.2244309460429637 -52.29417774868421
-0.6024149419445283 -1.227085927030246 -52.59373218305521
-0.6092922883025012 -1.2322567709487735 -52.85603597042483
-0.6199549460250012 -1.2389815558892308 -52.671856096388474
-0.6159000747837777 -1.237775468010473 -53.13554790600006
-0.6201297270760955 -1.2407100257108683 -53.34488917407436
-0.6233259486747731 -1.2431676498576636 -53.42946951561035
-0.6271066708352757 -1.2460561117973818 -53.41009388849026
-0.6295310244050487 -1.2479930699299038 -53.80047281569802
-0.6332232696888793 -1.2506559726738098 -53.90750081736346
-0.6362587101459483 -1.2529933160562252 -54.324990716428054
-0.6399555714426384 -1.2554830714632663 -54.28682434386477
-0.6446586664592288 -1.2586329451573564 -54.44622610019634
-0.6477926043493784 -1.2609453158163808 -54.65269184138571
-0.6510852120567562 -1.263276807391028 -54.70314505454194
-0.6546663127424049 -1.2654964979023398 -57.86478273743222
-0.6578371396680884 -1.2678702531625154 -55.13319607896365
-0.6606756072651958 -1.2700875021795677 -58.45757967493441
-0.6645110895354733 -1.2729025901421236 -55.32220982212085
-0.6680529004742624 -1.275339810221132 -55.423340630426225
-0.6730406562768468 -1.2786551985512056 -55.46627478101882
-0.6762404605269368 -1.2809780753680988 -55.70024054250429
-0.6753008639952139 -1.2804222656388058 -59.06868410296665
-0.680978790156933 -1.2844331984614443 -55.82420819929324
-0.6819422091747755 -1.2855624569089636 -56.1995079581211
-0.6874315409498261 -1.2888674180632809 -56.237342899120605
-0.6927431832094281 -1.2927341052132206 -56.53938165645042
-0.6931679518951257 -1.2929985828468502 -56.608728346456864
-0.697368355030276 -1.2950332864082137 -59.6407710874381
-0.6996191773361352 -1.295751572296011 -59.84591210285762
-0.7000283535275635 -1.2954561377552118 -59.84604627414264
-0.7071487195741452 -1.2990931191366422 -56.67547688463425
-0.7010766094862378 -1.2955082266735327 -59.749225833011295
-0.7011892591238856 -1.2955733576748063 -59.77848076104943
-0.7009232784323952 -1.2954271281804701 -59.80868767845701
