7.260401769766668e-05 -0.008917455934467317 1.4136017146651445
0.0010719075059220824 -0.014820788727649081 1.6330085069517772
0.0010851256841188225 -0.014848881234349262 1.6477823370342015
0.0005502363308809694 -0.017622088033627234 2.0563730914938803
0.001717304311353163 -0.02319911686906652 2.442751609716036
0.0037484397629972688 -0.03101101696965462 2.459139615933528
0.0020061187770261607 -0.031561700635908775 2.830050011788786
0.00390768943223475 -0.0398971021274816 2.899197246872164
0.003654769039697119 -0.043918651443444784 3.387239155817808
0.002564119560061383 -0.04715667999947308 3.532218267210791
0.0041827779935622 -0.05494835459583619 3.8657094756568564
0.0038344319664647647 -0.058902179443073424 4.3156107751653785
0.004299817819825153 -0.06469814349306892 4.244396667471022
0.005336293430440356 -0.0719220630126288 4.593316955732433
0.0061074119330502144 -0.07815737933189296 4.718942664297268
0.005491222811863365 -0.08168314491467428 5.016216701364335
0.006044610639693561 -0.08798691618939378 5.2457465709255215
0.007357897293322965 -0.09554562214324984 5.403324172980581
0.00855767953686154 -0.10274926975301303 5.6128041011321725
0.007738897322331796 -0.1060776636852066 5.953393633541068
0.008836082592574589 -0.11287664744319605 6.203541142157795
0.010035198420284795 -0.11983864833833205 6.4133015176231964
0.009758423168088963 -0.1237789847024308 6.589895864412693
0.010347814900711523 -0.12951775827136147 6.840212274155905
0.012157001239059814 -0.14171954878696166 7.233200060648509
0.012629653714814906 -0.1469147304659382 7.52943677944739
0.012416647611029131 -0.14651411701223865 7.529572333688406
0.012652223051347264 -0.15197512370238564 7.755447399289262
0.014182790293967544 -0.15886500299307105 7.941703955534786
0.01446244349780851 -0.16362763165626873 8.246840515754746
0.01555229041849704 -0.17044863172755048 8.390426688040074
0.016806415080601822 -0.17743823513964732 8.819546096970377
0.017445275256486578 -0.18307423943172235 9.177232680543016
0.016585548710936523 -0.18644921076500595 9.482452682192207
0.018654475623878064 -0.19497892017962465 9.567427654383168
0.019473494209322626 -0.20106952861199176 9.747094951267076
0.02042407347954588 -0.20695834706208285 10.11344637358792
0.020968501732973568 -0.21233748187439397 10.185283549460085
0.023022370811426274 -0.21977815119204552 10.148369992839678
0.02315105832239148 -0.22412084261653292 10.730704771696434
0.024024222064169043 -0.2299040939193239 10.751710022381827
0.02621467939404934 -0.2375566761223139 11.011381562045429
0.026229097664378656 -0.2418200910069361 11.343830988342113
0.028075351450139188 -0.2489709928894003 11.54471321173884
0.02743320016406467 -0.25209870425936265 11.912759376837478
0.02892068587184274 -0.2586097432356748 12.229175433126711
0.03069661470099934 -0.2653567928556899 12.299971992977298
0.031693614571566026 -0.27078737614758963 1.8612678261346087
0.03453420966543372 -0.2827052581904692 13.071690578948164
0.035354023048137166 -0.2878021836838889 13.284223273463983
0.03746837772828357 -0.2948596299754176 3.249564428966532
0.03745235641376365 -0.29483766237865583 3.2503864259115134
0.03954202343865197 -0.3018347228257061 13.469479262018984
0.040253727184480816 -0.3067359127107649 13.939255060744884
0.0407472384861392 -0.3113653389421547 13.978548503577482
0.04315102405465957 -0.3186323819852233 14.111648097298195
0.04469600890999617 -0.3246621583334729 14.465777377433305
0.04644937545833405 -0.3307842075198179 14.733954171502134
0.047290973940707526 -0.3357633223807552 14.894800469354953
0.04946963578656807 -0.34238648654299336 15.133512182828884
0.051411800470682965 -0.3487099302364285 15.397095282429564
0.051969336328650695 -0.35324189909698755 15.54523831567883
0.05300830228554726 -0.3584289588251243 15.718720602860826
0.05600092304515994 -0.3661366806164636 7.945765377547959
0.05696307072033735 -0.370973026215196 16.316584737604174
0.05806133546422008 -0.37623588983509376 16.504836015190467
0.05957991780090535 -0.3819518116443851 16.857847242257563
0.061473527954202876 -0.3879739943429624 17.19507811925017
0.06292454052752658 -0.3937026923127387 9.576489330319356
0.06452631839536785 -0.3994142173374348 17.47619824707247
0.0679251540578053 -0.4110598875572814 18.052569703722813
0.06975839062838288 -0.4169863798885344 17.994056952249075
0.07136377373195324 -0.4221556916767503 18.588813532845503
0.07274732105294751 -0.4270478022475804 18.649706074742134
0.07486133298935871 -0.4331787183515041 19.100065239135002
0.07488191746843204 -0.43320381035623706 19.095624004150785
0.07708189936231744 -0.4394533934762358 19.199291356717147
0.08074486353718943 -0.4471218610572249 19.22897990787372
0.08091693859235663 -0.4506339442690831 19.63555384235141
0.08318558549437574 -0.4566115025484558 19.737254825093718
0.0830384659471527 -0.45939867528562106 20.148201852013766
0.08672889498498493 -0.4669436124744785 20.3758506593278
0.0891750973485545 -0.4732882979224237 20.573532471359595
0.09078691089866077 -0.4782378716933401 20.755502120553714
0.09401913709879224 -0.4850022135150772 21.05509041982484
0.09633782193684336 -0.4910098802253709 21.18673910652712
0.09739675137821774 -0.4952190789312752 21.491622831635823
0.09947116975452107 -0.5009667290981683 21.75599376919095
0.10116662711974644 -0.5061732907260028 21.833992021403432
0.10326021569875474 -0.5119691698600892 22.1765399862539
0.10642097455862462 -0.5185611101093883 22.617574072689177
0.10861203263643067 -0.524132309347402 22.82946702731677
0.1112283991240578 -0.5304711978537805 18.429345543439524
0.1130386615460558 -0.5352237037645398 23.09985935738721
0.11556579803683302 -0.5406309920446791 23.269119621996627
0.11736187545656698 -0.5452515603222591 23.4477855285664
0.12240900619481918 -0.5567068681123906 23.90032818506637
0.12517945669930208 -0.5626032093821485 24.12796612496645
0.1265041857344108 -0.5670379170451949 24.420268465680238
0.12678794151512987 -0.5673574847816582 24.37636460362977
0.1285736123922007 -0.5722965267686112 24.651144032818642
0.13230632730259942 -0.5790752561016419 21.012409951086152
0.13515531597677685 -0.5849386585604337 25.221941064482518
0.136716330223356 -0.5892716344941593 25.284908147126853
0.1396741495924568 -0.5955141491939471 21.87118952263941
0.14188926009877456 -0.6002864854828751 25.89814281159131
0.14504002044459252 -0.6063334804008176 25.937832500548573
0.13946170900399454 -0.6028946775688294 26.1435852752505
0.15003308117039202 -0.61652649775697 26.400650208255854
0.15326451740031216 -0.6225915492228397 23.250630103501216
0.15613197468326345 -0.6281523366849199 23.429332016283325
0.15858331286507427 -0.6329371569835536 27.253258802617488
0.16158357936370366 -0.6382138527040899 27.28599453067545
0.16457792390401033 -0.6437274067883361 27.639103394014114
0.16690896984721948 -0.6486389563487608 27.68924379571557
0.16939412830963585 -0.6533503578693096 28.094087939866682
0.17300056373762185 -0.6593503915785492 28.33019734508005
0.1764479503208739 -0.6649843878722008 28.532417920422702
0.17788833233124712 -0.6688123847232957 28.69070150509161
0.1811546653951108 -0.6745453146438982 28.80674605443034
0.1865419595386446 -0.6845900491369589 29.30518486563749
0.18558547056513508 -0.6860280448267058 28.138595909985124
0.19293601995108994 -0.6955351277529276 29.685275307062373
0.19313238307754355 -0.6957252736796636 29.68658106140178
0.191202618770494 -0.6962814468419634 30.22660175577772
0.19973925053603347 -0.7066402266443179 28.116647446646052
0.2019459515812249 -0.7111277801383303 30.334578006504678
0.20451233480249545 -0.7158739611917868 30.694551350265986
0.20876828489151067 -0.7219594261579294 28.774731409314647
0.2120602337400509 -0.7269301530752904 31.243300650740924
0.21464328991945653 -0.7313092697646006 31.42589032323022
0.21688837512073167 -0.7354257346815785 31.701837395831234
0.2219634998255502 -0.7421379370121088 29.77681473375735
0.22541590303016626 -0.7474744251378338 30.20158851584084
0.2289315991200106 -0.7526495624408931 30.351432579912643
0.2316584278749414 -0.756918576010275 30.93011285255096
0.2352642899403299 -0.7621431283996859 31.274731049495593
0.23811605099308186 -0.7666290574965922 32.686459318352014
0.2417232008079764 -0.7721247864400307 31.303275722721796
0.24444123116935434 -0.7764203994444558 33.330390452934445
0.24395546855215194 -0.7787744755567721 32.69838347959819
0.2473330853586693 -0.7837953959132025 33.978047569693565
0.25165972772535583 -0.7895329437475256 33.39822121538713
0.25747131430822057 -0.7962805351413309 34.31881928842364
0.2648726833293504 -0.8068945609043685 33.737000352823145
0.2644390077799966 -0.8088477824407386 34.88903701963858
0.2712650378734172 -0.8161966824419193 35.25484830924853
0.27123057081702445 -0.8161708853016516 35.257260474168184
0.2713347517639099 -0.8187453049989899 35.43804847920116
0.2793140896250403 -0.8266823779329489 34.74212641125728
0.2825446483778553 -0.8313760363486837 34.791856287951234
0.28376430279893355 -0.8344142562790634 36.198720224310094
0.28596344167567017 -0.8383550246120456 35.85861273397306
0.2921518145529627 -0.8448428519076661 36.53283028763037
0.29628455806310305 -0.8504029647749353 36.079653868309705
0.29966634563080224 -0.8550051969666934 36.42118960067991
0.3011289375697835 -0.8584064160112083 36.652267938671926
0.3074856917339085 -0.8648127228952902 36.448107560189314
0.3087617970992746 -0.8682442369630521 37.39656184742442
0.3142531363196775 -0.8739202239749073 37.66854761182614
0.31850930694241136 -0.8788825822398005 37.407689555053636
0.3219653738889552 -0.8834474246080157 38.01107433034011
0.3238958694322462 -0.8872511287342453 38.21994799318747
0.3275904878484011 -0.891739509622505 38.75938617545831
0.3338367514446852 -0.8974161121986515 38.86902294892107
0.3368487188942658 -0.9019316297763168 39.09787059540548
0.34097911170588113 -0.9063207158819752 38.947725278633904
0.3455328574082607 -0.911334889107216 39.01259367282875
0.3515579878839758 -0.9201667876815138 40.222245352763046
0.3569151148736733 -0.9250024891367852 40.59134434385229
0.3605631774681955 -0.9298074849266192 40.313242487418606
0.36080683127176216 -0.9298473502664784 40.24401718734882
0.364320783141649 -0.9341299749540416 41.10727454913525
0.3681427156963034 -0.9388004080732776 41.10863472447833
0.3710568666613621 -0.9434373558498668 41.3716022491738
0.3746703330274493 -0.9481889868999921 41.7380419525045
0.3802748244866971 -0.9528368240537566 41.4817661514639
0.3844000708971473 -0.9571751827371606 41.88561598124756
0.3882464143192141 -0.961396606192262 42.151383275957606
0.3925495453115408 -0.9657172417381502 42.10457156476964
0.39663125039313707 -0.970464709369106 42.36666107013743
0.40041580927504783 -0.9749788367370008 42.66303748872672
0.40408014479158505 -0.9791361934021816 43.03051127991826
0.4075283720805217 -0.9838010123484259 43.4437963794375
0.4126024941517476 -0.9875888523373918 43.51963147659325
0.4162930377963382 -0.9922960964747198 43.715944600870564
0.4209643323795088 -0.9956933776368112 43.811959722570045
0.4253726556454316 -1.0001560345724587 44.27648634199209
0.429068423292584 -1.0048024194089598 44.60652131742179
0.4338641791563773 -1.0085685369590378 44.543965527753
0.43816260735277374 -1.012518538360466 44.89027188104349
0.4470925138548668 -1.0206386585230594 45.5272106577473
0.4515504278044706 -1.0245126527927018 45.658001214307184
0.4559728951370921 -1.0285606351268055 45.72322068284696
0.460055167934926 -1.0327287935311011 46.44006420090399
0.4600536329995489 -1.0327279046581792 46.44772576541216
0.4643705546962321 -1.036519044012489 46.64935234797583
0.4687761693326213 -1.0404777145410251 47.01717291884261
0.4732760937702751 -1.0450933513582592 46.779498562990895
0.4772094297709398 -1.0481999697922642 47.282436281723655
0.4815328014568605 -1.0522552788055914 47.44054930007364
0.4868878484704666 -1.0589307257290943 47.28749540216232
0.4906102607018337 -1.0608220802417818 47.68858246850438
0.4952983424499263 -1.064978677162003 47.92125931103386
0.5004875396248696 -1.0710729265854368 48.39722167253711
0.5041658975859274 -1.0727819809252104 48.577453138248366
0.5083260983911807 -1.0774010008144272 48.69085249665528
0.5134063832642963 -1.0836301759911742 49.417678794837116
0.5180077211040365 -1.0879085196553229 49.43897064120363
0.5225746963930461 -1.0921160613541878 49.564751367610036
0.5260834182386411 -1.0937206244777953 49.970025474776
0.5310517541834409 -1.0979021753927776 50.22436337214214
0.5356784706416621 -1.1016952570158374 50.22097682791921
0.5405497683718317 -1.105668436603996 50.49162123907156
0.5453051326974483 -1.10952402132256 51.046260618283064
0.5543035888622521 -1.116955313382995 51.66158789641214
0.5607694998118751 -1.1233890680739438 51.50054156366424
0.5657068188589753 -1.1267910880502214 51.71328631157624
0.5693616868365035 -1.128865935120872 51.937095248455364
0.5693748530498087 -1.1288677771842417 51.938202340692435
0.5739733527451727 -1.1324342486922627 52.18748729570025
0.5783589418773052 -1.1356138780168168 52.89808058382968
0.5833954830558941 -1.1394902933758917 52.606730929823655
0.5881830263904589 -1.1434108625925452 52.94837282378433
0.5942329694625658 -1.1486308660253397 53.02557449801799
0.5973512207780178 -1.1500064934033265 54.57170433489738
0.6020946547319095 -1.1536355913794205 54.54216301958351
0.6092492749372801 -1.1603991227086918 54.41879791877052
0.6125313624009907 -1.1618250592925743 54.39768229128514
0.6170445813782962 -1.1654611911734174 54.20210365328256
0.6209151941248678 -1.1678732197153958 54.36831981337957
0.6271784549840983 -1.1732555650648226 55.619098657586854
0.6318404757288187 -1.1760127367905948 54.82240948408945
0.6369004111517634 -1.179618453362253 54.93255788277559
0.6413666652203731 -1.182536153084402 55.12591434130887
0.6474801114630326 -1.187386354174846 55.938731272875366
0.6514211765557689 -1.1898073337499848 55.68332798008253
0.6581624979363415 -1.1959573276095778 57.068211846897405
0.6609541023880382 -1.19637372106191 55.99002503074557
0.6705651169971725 -1.2025955205705188 57.80726271294733
0.6779528913217598 -1.2088693375624673 57.89121317069582
0.6810018410104124 -1.2098570294271576 58.22730301496024
0.6852773527909803 -1.2126395506354608 58.71821366535739
0.6852501216080074 -1.2126103179614245 58.73117218377315
0.6935549083014436 -1.2196051956823584 58.14771270200377
0.6959189500674601 -1.219424420299167 57.612746160505154
0.7009889044455542 -1.2226822589412272 57.798312411894436
0.7056514850112103 -1.225382920318191 57.95305426246063
0.7108984410731016 -1.2287231033725097 60.38449831936437
0.7197700217617415 -1.2356713911814423 58.30406897689803
0.7245567467919775 -1.2387803037242329 59.433858202021064
0.7255333047958661 -1.2378194095590662 61.14782981045273
0.7353074474930557 -1.2457440001701543 60.5269364969631
0.7366456780089597 -1.2448201957540277 59.40510774121184
0.741077210006282 -1.2474389570585092 61.886266853954346
0.750513936420575 -1.2549261576904231 61.66440469399755
0.7543737708230218 -1.2566002681968014 60.13846585717801
0.7563293070446514 -1.2563353551141028 60.05490201506874
0.7659747319634878 -1.263942682944447 62.580134486144374
0.7714239666824709 -1.2666549908178086 61.78449823512281
0.7729670793041064 -1.2659322043631593 63.215365418008226
0.7813837829196111 -1.2718772971875802 63.46805490979353
0.783319216060177 -1.2710745977855291 61.087398022011506
0.7882882322413559 -1.2743304132879842 65.30020509068098
0.7989321089388499 -1.2801895471276148 61.75123132055968
0.8030607194389723 -1.2816868399212336 65.39264989400397
0.8142846543975479 -1.2901143166239586 64.32472850444779
0.8142943142429079 -1.2901239425623925 64.32571468265544
0.8147881809900891 -1.2882071657515872 66.06742805005854
0.8189458515905319 -1.289307460822207 62.72457551463502
0.829983410906284 -1.297498078880582 63.453919240092056
0.8298550080605344 -1.295215955371293 67.23985885990051
0.8407759410390091 -1.3028735489567858 65.00424658720728
0.8412504691942457 -1.3004859247034288 63.95180321329092
0.8461718033472828 -1.3028238426860994 67.86376103560107
0.8521163633635753 -1.305701528452022 64.26572193701232
0.8579513080120387 -1.3087575755878582 68.25096414342347
0.8622886459696403 -1.3110588984711276 69.11493373130503
0.8675648510546854 -1.3138084845921636 65.34841659729696
0.8726187274623797 -1.3161358307680049 69.77670781549034
0.8854122240728137 -1.3249713406978694 67.31056206529666
0.8853489950109155 -1.3227046368239923 69.32433863898223
0.8887266774116519 -1.3233642315095275 70.8862865416486
0.8942225855620294 -1.3254740154908258 71.18073724816303
0.9077227258484146 -1.3347908588148274 68.85450699616406
0.9057408507620308 -1.3307356099129304 66.70707388402695
0.9115672765637456 -1.3334145541386009 71.84030698327163
0.9159149590834594 -1.3345578431945977 67.02253411945532
0.9279627616102318 -1.3400216220967471 72.96873662025308
0.9320498433973156 -1.3411376497436782 73.41325484448093
0.9383554510869484 -1.3442071897181127 73.69907576344802
0.9382716587839064 -1.3441354829877834 73.73692990684712
0.9455405015570072 -1.347518571614013 68.56048078419006
0.9500360830769138 -1.3485958305894912 74.09432454171123
0.95559837844544 -1.3505434559386054 68.58055937595296
0.9692014176429794 -1.3592707885032078 69.90554068352951
0.9669292845549444 -1.3548410928170491 68.98886522818142
0.971392980240155 -1.3560596184266125 75.40325587441977
0.9791145725229132 -1.3597729568389731 69.1104077473184
0.9826243504284188 -1.3603862903748678 76.08036841527417
0.9887462066427136 -1.362415348170845 69.79031336831143
0.9951353891703988 -1.3651761377830551 76.8951285020209
1.0001538147617557 -1.3666304957746471 77.34086022902143
1.0045463843256743 -1.3676160610793204 78.25325521118597
1.0110166589551703 -1.3698862402758605 78.08691295193435
1.0159840853489777 -1.3711944345186415 78.63103066803791
1.0257672841294592 -1.3758537059959404 71.57877469872628
1.0283501037128624 -1.3754687057673798 79.42905638698409
1.0340752884828808 -1.3774730112633915 79.17518537505369
1.0398829351659613 -1.379475369671089 79.94430842458654
1.0580004053135186 -1.3900950955304132 73.26199273827514
1.0657310710858487 -1.3934362620872605 74.09161417725953
1.0623449810771497 -1.3868453862982262 73.09265533556662
1.0672306529557751 -1.3882695315424334 81.75536129910022
1.0741936920440986 -1.3907958586875906 73.40482959265564
1.0738578235987863 -1.390544581985243 73.30472667498529
1.0791229956901291 -1.3921975877258708 83.27116620313987
1.0871897924544935 -1.3952335207818631 74.22414614107625
1.0911673326820082 -1.3955631981472891 74.07127779814088
1.0970987835103267 -1.397353167752475 74.27262752044611
1.1025093551433707 -1.398742252934589 84.04974028705816
1.1088305210246097 -1.400514386784583 74.53648976770405
1.1145711906905515 -1.4020485786708925 75.00004840930065
1.1212138120412587 -1.4041341907341824 75.39681857564847
1.1253093221007082 -1.4045704533077012 85.6226338013594
1.1315331969427946 -1.4061784697185846 75.671338269889
1.1352700229186805 -1.4066460319027962 86.1617524636026
1.141573524424146 -1.4081513789156124 76.01162716472969
1.1482800877813573 -1.4100583804407545 76.45594107724287
1.1535799089764631 -1.4110696797330906 76.42936244111118
1.15888547737204 -1.4121324042223604 76.6973892509242
1.1646790630433397 -1.4131185654831704 76.77863857836053
1.1705280124195978 -1.4142696072177474 77.25979033716466
1.1793475871403192 -1.4175702286928886 77.36626399019987
1.1835068977794745 -1.4176765052439877 77.60179726494998
1.1894999492000644 -1.4191911481267172 77.95145628424869
1.2003063570380088 -1.4211094752786524 78.33779186500797
1.2064560097122532 -1.4221909733119769 78.65420270151027
1.2127539010230892 -1.4234959761286519 78.48570480042892
1.2127510202740726 -1.4234948187410732 78.48375861210891
1.2175791424152356 -1.4238918497939324 78.8252664765423
1.224216851484547 -1.4251793638939674 78.92636520444647
1.2297075676135472 -1.4260107073026544 79.24334267216894
1.2345822193890537 -1.426494552172112 79.53510706161549
1.2420068263993786 -1.4286418459554495 79.36772646853125
1.2478751968693371 -1.4295877936451091 79.89149559274908
1.2555122855886007 -1.4315440906944341 79.95390753464449
1.2594079450678914 -1.4314142618516563 80.20146708650626
1.2649632128189872 -1.4321784644359294 80.36046226398798
1.2703176579575228 -1.4328256654974325 80.64304651232686
1.2767121687491203 -1.4339200205119698 80.95393608430166
1.28315074178291 -1.4350551872624382 81.06867894682753
1.2904164875049773 -1.4364628651485067 81.24884001952792
1.2951659325734817 -1.4364224138500985 81.42802348865558
1.3007631121406495 -1.436719499520154 81.67710590993146
1.3069275095652704 -1.4374751438795794 81.87726450116394
1.3119258596511445 -1.4377513659178862 82.25410376138706
1.3156887620604925 -1.4380217338273642 82.52868654975173
1.319712178270137 -1.4391248901244311 82.93627330464355
1.321922602028011 -1.4396257355581437 83.03265075365611
1.3232748246907395 -1.4401770958369853 82.79248187832592
