0.0012989622280418914 -0.008979642204342365 0.8306737093237572
0.0012198238505851144 -0.012003101817642815 1.012086136386197
0.002126946493347104 -0.01698647542669173 1.3009499739813184
0.001745946531934505 -0.019367139859151655 1.4673450811981823
0.0021925807787946377 -0.02457092792146701 1.7596442050606491
0.00149263876131203 -0.0275119041665799 2.0551700834871784
0.002601851056590651 -0.03461688330610658 2.1622576779178377
0.002147501186669769 -0.03838625833608527 2.2774206690195378
0.002790471358024439 -0.04445440559734182 2.373478636805256
0.0029193028185773955 -0.04980319363717663 2.539597081799723
0.0031492499631010536 -0.0594170145637451 2.927167187664472
0.0041088892485186615 -0.0661819765359375 3.092472826890875
0.004541616153124803 -0.07186186663718312 3.3519069070105587
0.004541616153124803 -0.07186186663718312 3.3519069070105587
0.004105953653048992 -0.07597227492405577 3.591884142153721
0.005608848843839498 -0.08348385263858804 3.7411199692430412
0.005238495061091683 -0.08818890837090113 3.9807628409405327
0.00477898407341118 -0.09247245560067983 4.095089369563809
0.005593059222796702 -0.09876456786587108 4.4879613164862375
0.006580018254067489 -0.10539664439881496 4.663190803199859
0.006985929192144053 -0.1113306510814673 4.7849713776358005
0.007730824557658875 -0.1176165746188127 -5.462172802953323
0.00768844500404423 -0.12186239718916952 5.23133984446384
0.008452985873928384 -0.12787763463599552 5.638666412061696
0.00971775811040864 -0.1350884010350243 5.228049071573829
0.010118290212187351 -0.14073221682645776 5.794472633875919
0.009817727282063288 -0.14514349805914184 6.043482505154201
0.011081116224378795 -0.1521250689849467 6.398513797713808
0.010799761043716744 -0.15641925859603445 6.654999337421524
0.012407935998562531 -0.16397192733294036 6.425319079467938
0.013172332363028965 -0.16990461855462988 6.786943402332059
0.012366400829732671 -0.17280547411394534 7.0607149211319875
0.015083862593428103 -0.1824950953420841 7.1525435779973074
0.015789215245881824 -0.19257080075325367 7.521203880958472
0.015777146381878673 -0.19725800792720344 7.683954287180161
0.016485621638879292 -0.20291250664938928 8.044078899814314
0.017599168505776308 -0.20989771888580105 8.03716795934206
0.01754516906955807 -0.2097968163855816 8.04941181526631
0.018551416868763715 -0.2165355945687797 8.317775625092475
0.018920254601841102 -0.2216193475508643 8.547413904864044
0.019728348638667195 -0.2273300170777057 8.739591039440356
0.02093848236689426 -0.2339166763343689 8.692429204727857
0.020865946366814297 -0.2380943298239581 9.125418772701476
0.02218870508893675 -0.2446874579457904 9.348409537889324
0.02350882868432788 -0.25082063537788263 9.488855037515174
0.02424807300132556 -0.25637758496701096 9.63544838032493
0.026071075444327758 -0.2635159275113533 2.504056235692439
0.026407891085954538 -0.26798278165976563 10.03754628378128
0.02717569648972509 -0.27354383026957985 10.272404071252376
0.02809746362886413 -0.2789552291887909 10.647741708809432
0.02970261210487268 -0.2855752648855598 10.785155326660792
0.030594633207629673 -0.2908155544021347 11.050871969978273
0.03231638267041073 -0.2979258007021806 4.429650093485479
0.033122854940817126 -0.3029830036545632 11.263896004480154
0.034740298797655306 -0.3097542157112073 5.104868067957869
0.035793869747452745 -0.31524500669404343 11.477757000525004
0.03557777516779509 -0.3193125293707194 11.853641851637224
0.03738596103360532 -0.32614448920488426 11.987327389031742
0.03856941402356934 -0.3316367643692885 12.156003846174569
0.040086413606041184 -0.3383639237530171 12.407962047348914
0.04068666015733416 -0.34314196917148604 12.666099403880134
0.03634205404488178 -0.3407764875103649 8.902670714222742
0.04306424470092168 -0.3544787717910315 13.134446540901283
0.04536144566038089 -0.3619491773450665 7.816464848334245
0.045543294409761036 -0.3659361491611181 13.462825307457454
0.047524059944007296 -0.37263224081277546 13.40837824479333
0.04830944056949238 -0.3775759529268473 13.782807832134845
0.043783373714232486 -0.37468387518344415 13.76471908822639
0.051513127601556435 -0.3891280333791927 14.188576519531011
0.04579723427637697 -0.3847722716174563 14.183783414613652
0.05389270880924263 -0.3999457731289757 14.374893881405626
0.05575577252411088 -0.40606141755287395 14.626027911006654
0.056854086851623235 -0.4113291838543856 14.80213234133474
0.059927940661756864 -0.419255992102016 14.904973045505095
0.06092360308892245 -0.4243244248078985 15.48629677111804
0.061505229629352474 -0.4284511484517436 15.56075900075758
0.06279264343831943 -0.4337148141332016 15.740521833032064
0.0657015900827092 -0.441298187765127 16.001956809347412
0.06717924370517472 -0.4469247822646315 16.153073656261128
0.06853508546298348 -0.4516714071745628 16.50801080173286
0.07051464363445747 -0.4576640997131202 16.22474974250387
0.07249821136490123 -0.4636742026621238 16.522905239926544
0.07357338091154972 -0.4684732710905508 16.81381503382784
0.07114768636525802 -0.4688429063491313 17.002988004461052
0.07915739283430827 -0.4856145261061445 17.31557448682301
0.07845714907066313 -0.4847656897498116 17.313154832069486
0.07989431501188543 -0.4897535815415224 17.824346255925565
0.08257487553677784 -0.496456258877084 17.793663994876646
0.08395139908659813 -0.501597831769486 17.93143421492985
0.08690642177018898 -0.5085666184014591 14.971332018384125
0.08764517106183707 -0.5124473258392442 18.299402699911575
0.09051947552745568 -0.5192913660232564 18.46692643901007
0.09247267189623824 -0.5246832026885728 18.49352608993883
0.0940336380040786 -0.5297336925299537 18.6300185209276
0.09548247431358067 -0.5348463231108416 18.928791362422448
0.09757994451985932 -0.5406537481357899 19.08793641221438
0.09435977453889527 -0.5404092765927134 19.631761752445033
0.10214857791784927 -0.5522711489135688 19.54143445152333
0.10421266573141158 -0.5579268374948867 17.092135570721137
0.10505874748446613 -0.5618904046491702 19.952117636200825
0.10296924310379084 -0.5627952678847946 20.296170570545065
0.11074592634652207 -0.5738970106852356 20.26417147565547
0.11243261902827452 -0.5789174885146114 20.433239992594647
0.11506651405446244 -0.5847282507028643 20.68016814476418
0.1169569939604849 -0.5899471131409505 20.753890184996195
0.11975647327238555 -0.5960249492920326 20.979667091603016
0.12416372448345205 -0.6068051324805301 21.579405860867553
0.1258632373285249 -0.6119992363038249 21.7636737158786
0.12328379457250264 -0.6134527054710177 21.703411537546085
0.12778421784143165 -0.6178112362626583 19.983391258227165
0.1293682625943529 -0.6222959221980605 22.100912700692106
0.12794173471649173 -0.6244632974788459 22.275970459657625
0.13446244773021446 -0.6341524077483305 20.71243578807461
0.13136447657235592 -0.6346324132018144 22.55159931383963
0.13902736325676504 -0.6448693566083236 21.189952749294463
0.13723818193898074 -0.6467334167827027 22.97050186046333
0.14356185863425694 -0.6556306086668123 23.161154755209516
0.140670357902624 -0.6568696963575326 23.043340040968946
0.14784810147262034 -0.6659849669735898 23.54252258368584
0.15045184056071614 -0.6716368597428575 23.680793292464
0.14841615018278811 -0.6735318909379971 24.02102201110047
0.15114119565793674 -0.679165908709845 24.06093528019881
0.15774198589629987 -0.6876153158307456 24.370426572685428
0.15966044739920807 -0.6925754701679478 24.674949980272107
0.16265805621023866 -0.6984577446713539 23.541778013614174
0.16495372589241952 -0.7037171974159543 23.89716224192898
0.16355049323865226 -0.7061624041283294 25.225268970620128
0.17025909109608425 -0.7141935939103059 23.865172027879428
0.16857910805710485 -0.7166349583982474 25.370448765124486
0.17245813630672996 -0.7228063334783915 25.888417559724232
0.1809646341948684 -0.7356114331317525 25.87344607373184
0.18361554442767186 -0.7410910539915004 25.397887492838716
0.18584505010926208 -0.7459808480443498 26.324625763837123
0.18572544113013373 -0.7459096303497299 26.346673302492906
0.18833772294331635 -0.7510999116063879 26.578957674093896
0.19164784682122546 -0.7568537207108327 25.990535033603287
0.1942344953899458 -0.7618393963689623 26.548068488273664
0.1941937559531956 -0.7655291333352874 27.390009718979393
0.196974365299105 -0.7708955198040159 27.65076038608238
0.20017582816787435 -0.7766621659984849 27.42379017324736
0.2055175642107951 -0.7828879343701652 27.18007892408945
0.2074559076428501 -0.7876342932450358 27.89889999914445
0.21038292709004736 -0.7928904112883821 28.330114703484693
0.2128974306695432 -0.7982228931759128 28.76920356641039
0.21331942462562314 -0.8029297613135864 28.795028236249767
0.2152986795581376 -0.8079083850974098 29.183437411934854
0.22100393275386326 -0.8138906301006223 28.951195530987807
0.2238634559813412 -0.8188907440450829 29.305948048271734
0.22723224429517802 -0.8244608227422309 29.034375526980856
0.22741645069164546 -0.8288657649748815 29.88642015803136
0.2329685974095409 -0.8344664176631097 29.34318899684547
0.2339469224976501 -0.8396260529423151 29.99026505653148
0.2387052552866735 -0.8450493370687316 30.02643938956863
0.2389554452282693 -0.8498795031962357 30.808379625932965
0.24557515669174634 -0.8597321643542429 30.98495678125909
0.2490548092221839 -0.8645719762901477 31.39372897980019
0.2515871026313589 -0.8698064496759795 31.599146914461517
0.2538076324186557 -0.8695531350360527 31.429542736551884
0.255399661219406 -0.8747349032584294 31.602618055237457
0.2598126751606952 -0.8792220464929184 31.919371264254966
0.2622831208602485 -0.8848173375891907 31.99935113415988
0.2670018778810009 -0.8893991099982329 32.097387422205074
0.2698972875820052 -0.8945369059704964 32.344551410418354
0.2734064936806129 -0.899243118171083 32.19388999834384
0.27580503635707554 -0.9049660565237321 32.485334683697765
0.2788232348005619 -0.9106211716603742 32.82406606621574
0.2833323819436094 -0.9143268030830112 33.072828989700874
0.28690774579219 -0.919387723344828 33.053216819630734
0.2894429085431942 -0.9249282013877352 33.371716508188875
0.29226326783350515 -0.9300376823820968 33.61228046875029
0.296821864317284 -0.9337800945821212 33.90105977464026
0.29996048151505184 -0.9382835921924552 34.134364003141364
0.30308897748420505 -0.9431474603099516 34.420138564099986
0.3064391421848869 -0.9484334054806108 34.36315492571539
0.3098580990092601 -0.9532686874078408 34.62757646218802
0.3137067790669356 -0.958075181563728 34.94100625922667
0.31680071665262843 -0.9630315512641696 35.12488140207543
0.3199132994848237 -0.96782901300597 35.28087452053072
0.3229389769533755 -0.9737415052498352 35.708419262421344
0.3295194415443499 -0.9824531451973482 36.0600078941189
0.3325235470194364 -0.9893236087853812 36.488645055294725
0.3325444673020634 -0.9892871106317372 36.458894150629696
0.3361359479455883 -0.9944241721388332 36.28942541700596
0.3400490301970041 -0.9972715163922118 36.47156060901651
0.3440967478217306 -1.001225737495496 36.68529885589042
0.3477095050774984 -1.0061182431308628 37.07987323864853
0.3511719850119773 -1.0104087650582243 37.33892027318785
0.35490191821671724 -1.0150013704700451 37.575299988696905
0.3585236953890279 -1.0195104237601122 37.80099380241606
0.36222510855494144 -1.0240423940237178 37.918648344779854
0.3658575535234492 -1.0290555513100552 38.139819405675844
0.3694065228730984 -1.033344018786203 38.42269193772957
0.3733650570084885 -1.0374925645238668 38.78125876658655
0.3771689115712296 -1.041556093270191 39.087630844389984
0.3807020378987588 -1.0460583858379686 39.00551078517632
0.3845172104917271 -1.0510092715659929 39.27685602539887
0.3885859913776963 -1.0564123918463235 39.335531656407795
0.3925901070378111 -1.061975671653948 39.48371879408436
0.3963454502986981 -1.0670787948517708 39.83482775811965
0.4000202739751123 -1.0713031913276079 39.88852208298311
0.4039019018200661 -1.0766433920466694 40.53496441250496
0.40736762716152797 -1.0809829628337702 41.22806999163276
0.4111710700274283 -1.0858098828577407 41.55272561375024
0.4188896026086961 -1.095063991412304 40.62548446077381
0.4228694365782296 -1.09948613958703 41.61259038973584
0.4228895224222597 -1.0995469346375495 41.55107378733067
0.4270586426853248 -1.103739438651249 41.28515542510684
0.4304814784684388 -1.1069316137071898 41.62912069204794
0.4339748989034096 -1.1111293968259626 41.47263382186053
0.4384079957261824 -1.1165738301929649 41.99751060763168
0.4427679838491452 -1.1217860355030969 41.7562374422564
0.4463557628241581 -1.1248722119428036 43.2358465561893
0.4506815261947442 -1.1301302462712508 42.828353841000926
0.4543029958495876 -1.1336745629959557 43.82949077026966
0.4578218394417706 -1.136549578496293 43.790046224628284
0.4617390748171917 -1.1412804236656315 44.32064497382511
0.46536480647461204 -1.1446661599714083 44.50143272365139
0.469505300443046 -1.149039183194126 44.92834546530658
0.4736995217927332 -1.1535781902052569 45.13746510446525
0.4785389233296547 -1.1591244744966045 44.766288945567894
0.4826818610707604 -1.162853798793424 44.756570187125426
0.4877675896559022 -1.1696775282711325 44.3156581508965
0.4908057348565654 -1.1711734984390905 45.207408227539304
0.4948900880272324 -1.1752520905231207 44.90074690530568
0.4991806197201549 -1.1800410741855143 45.41678079279783
0.5046451278624544 -1.1880185679718611 46.20991525483464
0.5075274934602514 -1.1889230099491008 45.62832523301629
0.5122840875114165 -1.1947131429042983 46.001009002620926
0.521541421698309 -1.2049662805971662 47.00381091808962
0.5215102169999695 -1.2048962067656197 47.053396669929676
0.5237920809506493 -1.20404955238251 45.87932719094453
0.5303465754205022 -1.2131612772475495 47.08086325261161
0.5324373056318402 -1.211825377074301 46.42175865288302
0.5368601906038486 -1.2165546431147771 46.7949783895863
0.5413242080187932 -1.2211414664564262 47.67283548157175
0.5454136869814346 -1.224893269813405 47.079320612668106
0.5494634027029095 -1.2292342070415423 47.17455606482638
0.5537479707968225 -1.232942656514799 47.34059593050261
0.5588138017521012 -1.2380960990825356 48.6190569695104
0.5649888770848015 -1.2459967238057907 48.18302278483986
0.5670766519045032 -1.2448101602578139 49.811942534742826
0.5749224455536612 -1.2553273153218436 48.846456806950904
0.5758173581535013 -1.2519355308590925 48.482699655908576
0.5823453583203293 -1.2603544214518545 49.311034742736645
0.584503973761175 -1.2594934941236888 48.994001487942846
0.5904798256045023 -1.2657647343195535 48.893568491642895
0.5939492294398699 -1.2682095909784614 48.96169818146653
0.5975060387585442 -1.2709851902885778 51.656398753212
0.6029064127609527 -1.2761516266063782 49.82309560628812
0.6105203515312879 -1.2826070613671785 52.77440685803282
0.6151978467464292 -1.286774502004222 53.10116890448364
0.6196368473647651 -1.290457460884858 53.50707022741633
0.6240741166067696 -1.2939229720021987 50.54562048708542
0.6241273535108298 -1.294012221915863 50.55707431060846
0.628821250353645 -1.2978533375102486 53.536169388455235
0.6347025235982958 -1.3031659590247306 51.004185467528856
0.6382453677965805 -1.3056568746382144 51.26978416720975
0.6426914392084639 -1.3095890425486825 53.7197923550746
0.6516482976149658 -1.3204312844646326 53.27398924740999
0.6521360521157252 -1.3169207302450714 54.84720616848583
0.6570775135561022 -1.3211260693562163 54.7040783696219
0.663474916116862 -1.3278827882919788 53.90469208992234
0.6702061055194573 -1.3347506963971727 54.0586500597363
0.6696955103753168 -1.3296813758378874 52.86322287498866
0.6750228233125741 -1.3346505875192198 55.70548811025004
0.6837236040243735 -1.3442129673494383 54.56085571195285
0.6855580318166201 -1.34259318627072 53.35928594210171
0.6905588042862837 -1.3463947204942577 56.713254739795396
0.69440893379874 -1.3480205555237286 53.61283248052818
0.7038917559233736 -1.358665188193165 56.67078504425458
0.7030035827416337 -1.3534229922037098 58.13602322119518
0.7090427003141185 -1.358789701332752 57.437117772714025
0.7132473507919874 -1.3614440681628044 58.61583369982496
0.7174407698978982 -1.3634113511235215 54.8811456606649
0.7279255318008507 -1.3717756127303196 55.2388067418818
0.7338310072818846 -1.3762330346602618 59.503007160269874
0.7375030822395814 -1.3776124163912782 60.088916589238345
0.7375085113126698 -1.377624512545078 60.074222303563005
0.7428136375093946 -1.3817667056285594 60.011624288325436
0.7470594934260493 -1.3837014290926608 55.74017500248969
0.7527965245857269 -1.3881934664022588 61.00476369604471
0.7568407276288823 -1.3901580432531464 56.65650832930064
0.7626607611342795 -1.3947944853923444 56.65077454060084
0.7767859757023708 -1.4109327291129548 58.68334359405578
0.7728786313693006 -1.4018961737918678 57.29505045748945
0.7770955383763286 -1.4043290426136008 57.57125631855091
0.7810050199498174 -1.4062649665250484 62.609404424545325
0.7862574267293002 -1.4097311837537556 63.14466574532909
0.7914895214036609 -1.4132809944554192 63.03597660064664
0.7985799162619939 -1.4187860920398403 58.34052692863078
0.8015669955979001 -1.4190585266169309 63.666513856956655
0.8079591452447312 -1.4237387384561293 58.63818536308709
0.8137641562916601 -1.4280253214061922 58.83600878740965
0.8179009146593827 -1.429822801882036 64.63168787966711
0.8232809250878165 -1.4325962135773618 59.26745575102017
0.8274334040679479 -1.4341737954343607 59.2190149035881
0.8331151922515622 -1.4380372220237745 59.497678458214324
0.8376173424887322 -1.4402833315263883 65.79663329524824
0.8428328706928082 -1.4428626702080578 65.80046869906813
0.8489711920786874 -1.4466304323452732 60.317364742981795
0.8605534948151119 -1.453036202541531 60.58943131991314
0.8603725484499459 -1.4528038783144082 60.55785659152141
0.8643905226807167 -1.454437382631086 67.36381349577347
0.8692319419750254 -1.4563714038420268 60.79352858568556
0.8746609267355532 -1.459310719464243 61.054010091926
0.8811988080603733 -1.4635072103736884 61.59737216085343
0.8863870072871967 -1.4663427737370385 61.9085330120905
0.8911389410654694 -1.4682555109596866 61.71937067847811
0.8963098184254505 -1.4706342610991974 62.102372613169535
0.9015647406126232 -1.473593191779872 62.70646587043864
0.9080761077511776 -1.478063805423625 62.54865779440157
0.9132630059610022 -1.4803381059135272 62.59957314260643
0.9178060558916412 -1.481969972966021 62.7268661502546
0.922129512460166 -1.4838504867675502 71.02405349569688
0.9285361366936896 -1.4875360040080714 62.990806817839534
0.9329692912716662 -1.4890193923423447 63.62013124047397
0.9394462507057711 -1.4929293281347475 63.69901355703775
0.9444807425472236 -1.4953345036534953 63.762069689478395
0.9485337261276896 -1.4966759470860416 64.00324835353862
0.9544149664801752 -1.5002195556037232 64.3424268002725
0.9595176094118756 -1.5031140516936 64.51473590652989
0.9705193274747268 -1.5082566376267297 65.13609493051182
0.9748909540683184 -1.5095694951565444 65.16835859174992
0.9807389649592502 -1.5123880167172512 65.59433238237376
0.9862613705609627 -1.514665126510888 65.84837186370838
0.98645899070562 -1.5148856304619496 65.78242187019994
0.9919557474455496 -1.5171059118313768 65.92365508866065
0.9980548191148836 -1.5203098263380848 66.09708963532226
1.0028977128927907 -1.5219592305660816 66.34859715302905
1.0073171608084082 -1.5229862254391933 66.75579807683235
1.0136718293850782 -1.5262170990332409 66.85834039540583
1.0195970003062091 -1.5288962027896265 67.21860694873904
1.0247983103674891 -1.5308076680515657 67.4248647725777
1.030727161720149 -1.5332271083647135 67.4706837532188
1.0371241143310928 -1.5361337433371385 67.94397846507346
1.0423169480812062 -1.5379659180878975 68.26075300322996
1.0482884838041395 -1.540352051961248 68.09614532580758
1.0531997932340773 -1.5418568705258189 68.71479011666085
1.0589528442423024 -1.5439755809350388 68.62960102022926
1.0639674082336446 -1.5452694389843702 68.93845938453711
1.0711318964423755 -1.5490174732179969 69.03100048639412
1.0762824570029652 -1.5507558449738053 69.36909594357572
1.0816680553102245 -1.5526548282536328 69.45603143340227
1.0869978139917185 -1.5543480743471867 70.08049632216036
1.0935470831776206 -1.5574042895980549 70.38469458593715
1.1001626248055838 -1.5604178289454702 70.15645699380504
1.1092871663055612 -1.5619994591101205 70.77145882148045
1.1169360005451343 -1.5657552788075082 70.69700255998906
1.1219742397312036 -1.5667872373042848 71.11520726444222
1.1221475916829968 -1.5669611181713217 71.10189442706897
1.128734646206209 -1.5694758471528039 71.21674675992864
1.1334352467147994 -1.570304340438074 71.65747715531265
1.1398051828612026 -1.5726561169618307 71.60181348772606
1.1454458647726335 -1.5740930033993503 72.07684681369652
1.1503121749228649 -1.5751099459303104 72.25879213334241
1.1572090322549642 -1.5781573272886902 72.45124366413417
1.16275661602893 -1.5798488928886585 72.56703338024889
1.1686706449139492 -1.581570802344277 72.86715384438834
1.1726067627095025 -1.5822284765974701 72.93739632676291
1.1756364275783318 -1.5828501356865723 73.37328426678035
1.1764934231460211 -1.582324520921471 73.53311974382676
1.1802383218484442 -1.5852990184193212 73.41503858886044
