0.005373116138794116 -0.003956778762977347 -0.34568711067144364
0.007308410311608689 -0.006854711106786418 -0.4845794828316704
0.00919384310249352 -0.010310733780296798 -0.6691346352394589
0.012982608510697623 -0.014013591092079586 -0.9684508250418324
0.016187551183205424 -0.018358791741237918 -1.2211102290453684
0.014537363444319775 -0.023561305810656758 -1.6468782156360555
0.0167765404890062 -0.02842197185261745 -1.98535318555898
0.01989188885158632 -0.0333516049214312 -2.3838560318954523
0.021671672602794703 -0.03923566456232006 -2.764083212513208
0.020804689848976862 -0.04555637718558125 -3.236808144122638
0.015977948634484682 -0.051878610850410914 -3.383132235242996
0.016683447656123063 -0.057695801611335376 -3.8989812175432257
0.017189442223597914 -0.06992668517819514 -4.709103765055129
0.017186067529578998 -0.06993315204302182 -4.705317712153233
0.016274150079262417 -0.08229223579014969 -5.51069666236058
0.017836793269599957 -0.0887896430845467 -6.147227125614354
0.01092521983518585 -0.09593443758619 -6.480675887520758
0.01289140283833652 -0.10199989624858018 -7.164087749873973
0.015459862438870103 -0.1082260736293362 -7.621664949507504
0.015178827572174284 -0.11473840541240747 -8.081987300791036
0.012691954887106765 -0.12159219727497528 -8.772144397216643
0.009651946521602492 -0.12826658911064162 -9.153415726789651
0.009651946521602492 -0.12826658911064162 -9.153415726789651
0.007355583613252122 -0.13466653830246655 -9.576296846622157
0.005857311174213725 -0.14116357286535794 -10.15787367995864
0.0015918989949250742 -0.14787113383465253 -10.828528403011818
0.001708747879768116 -0.15394739203841307 -11.328699290794553
0.00022323085010493568 -0.16033881015876508 -11.931289407651546
0.0013655637186635314 -0.16688992015188847 -12.525884057978274
-0.0008728163846019737 -0.17344990465181898 -12.658727470449081
0.0027196016612379137 -0.17981117694395524 -13.443240023572734
-0.002556332803384825 -0.1865341783732364 -13.489673515118316
-0.006740661156665675 -0.1927350677374496 -6.910522904586703
-0.00871595968367591 -0.19919852383631576 -8.295589492804435
-0.017422610772430847 -0.20541600114339628 -14.808538470222006
-0.01837709157133722 -0.21152307111357893 -15.116940622278207
-0.017562530802366645 -0.2252823099048105 -15.98643300258857
-0.01867992700468582 -0.2314018498167923 -16.465117934744626
-0.022195329349804976 -0.2376472998417809 -17.08090627699079
-0.025829567203145304 -0.2439183212827301 -17.507692005093816
-0.02782809189210572 -0.2501003221356992 -18.013611045609537
-0.02868948639215263 -0.2566156738550687 -18.41887048530816
-0.03371778269568939 -0.26283602229239394 -18.66115154578944
-0.033940734146605256 -0.2692419666280888 -19.159940798566197
-0.04010771739163628 -0.2751449867047573 -19.65446337642584
-0.04517648686769112 -0.2807395331124299 -20.23192536093336
-0.0451186385384782 -0.2807436116682417 -20.274865840935433
-0.04535792725458257 -0.28681415315935105 -20.707857657402485
-0.04634541293056449 -0.29347569753716146 -21.273476870689194
-0.05545511522728454 -0.29875395177202096 -21.82248724399864
-0.05198292353091565 -0.3051582286346953 -21.8256873423735
-0.05538498524395448 -0.3112768919523582 -22.286502080117486
-0.05528027297536 -0.3178064495894973 -23.05307999233435
-0.060721411289427374 -0.3236640751806386 -23.432415983841338
-0.0641199966066516 -0.3296438260158689 -24.07612976936645
-0.0665298941662437 -0.3358666088658173 -24.470703742554637
-0.0714363731739341 -0.34158606077681003 -24.81190194383595
-0.07366358534996324 -0.34770920913267217 -25.32872149870496
-0.07738637750449145 -0.35378898002514403 -25.552939353492828
-0.07974400761371819 -0.35978003303567185 -26.195877707206307
-0.08203611362053043 -0.3659840151676855 -26.868631875830204
-0.0883612562315794 -0.3714663000184603 -27.223472283272773
-0.08947496377090791 -0.3777212671909107 -27.875298554048754
-0.10126412490681017 -0.38886202560960215 -28.74325541809333
-0.1055415646677542 -0.3942024997411569 -29.277835221299934
-0.1021540204084206 -0.40161304187516617 -29.56919850711273
-0.10922013862947172 -0.4071425394589586 -30.08095257645129
-0.11812506355731507 -0.4112283450464588 -30.350200613858984
-0.12033749971610636 -0.4167577081444788 -31.085132001647878
-0.12270246135863785 -0.4228575449757415 -31.53984048464861
-0.12270246135863785 -0.4228575449757415 -31.53984048464861
-0.1290828084822003 -0.4275356482586846 -31.936494098662706
-0.12984793813131465 -0.4337339429873483 -32.311389087873856
-0.1389584191087789 -0.4379098783933524 -32.81949332318925
-0.13852018410934133 -0.444302950348346 -33.17956042322271
-0.14259799337086124 -0.44979017597210025 -33.697920499284635
-0.14868549267283762 -0.4543275222918271 -34.347393282431476
-0.14902418855599478 -0.4605774446130821 -34.76696657422434
-0.15135724197078965 -0.4668495914706374 -35.180953146146976
-0.1587302696984356 -0.4712874110078446 -35.55449401679732
-0.1610247243298255 -0.4768057653993929 -35.92341114986715
-0.16481314664736166 -0.482226266945699 -36.354633543244525
-0.17039815863747682 -0.4871889252874636 -36.87635997440151
-0.1747852289600106 -0.4923572108954047 -37.48906550293617
-0.1848370185020624 -0.5022818092545996 -38.574630573982525
-0.18752337843843564 -0.5080245009328614 -38.85166157456485
-0.1925951331816033 -0.5130014528168463 -39.322015698758385
-0.19712493835550726 -0.5178895153932737 -39.87473309037762
-0.20413688904567887 -0.5218189651159119 -40.30653223296622
-0.20581645256813047 -0.5280159008377558 -40.73855695717083
-0.2135408489341332 -0.5315338914532522 -41.177345887899605
-0.2207296152232188 -0.5352908459935342 -41.65511946240787
-0.22069955361579294 -0.5418614122402723 -41.937638997813956
-0.2267986540329207 -0.5464129722334989 -42.61305323356362
-0.2262677550908112 -0.546639034547586 -42.500778385531994
-0.2352757717279382 -0.5494281247633085 -42.7786566794212
-0.23693912699535605 -0.5550732287017806 -43.3149562831149
-0.24178763711831425 -0.559846840372985 -43.67504762191607
-0.2493453375328258 -0.5631532483310165 -44.19812278112619
-0.25029110468843674 -0.5693352479075937 -44.60285216625197
-0.2572666929728605 -0.5730451623231582 -45.083044594252904
-0.26210803132684984 -0.5776300085718624 -45.53527180857378
-0.26568276113045525 -0.5830350715484837 -46.05273118989653
-0.2715667655443391 -0.5871181613025412 -46.46254468975661
-0.2791607233190045 -0.5903814226647015 -46.923820519320834
-0.28099667171496145 -0.5966426385025111 -47.30964166719082
-0.2919258440184199 -0.598073790399239 -47.832559486714395
-0.29679472331388657 -0.6019944932477588 -48.58666399662576
-0.2975599944682563 -0.608508891458705 -48.810430459710396
-0.3051386105040773 -0.6119764060109996 -49.30080541585875
-0.3187418009866885 -0.6188537936266163 -50.19483876519229
-0.32514495989364023 -0.6218472229081405 -50.73841639553552
-0.3268936017488581 -0.6275486062096861 -51.30114421930267
-0.33312713624582874 -0.6311916441001609 -51.69529852619103
-0.3401563945093129 -0.634074919849531 -52.06589817112791
-0.3437655759854489 -0.6389721456998259 -52.49784945601238
-0.3489010113432882 -0.643342159645487 -52.954060312949764
-0.35598828231386404 -0.6460829532731373 -53.4784556261132
-0.3565192076450248 -0.6457515957430606 -53.58492904123267
-0.3609392838798271 -0.6502413855389984 -53.99382558322179
-0.3666647657236667 -0.6539572016804829 -54.48434456223055
-0.3719755015204771 -0.6578212667067607 -54.784114626765756
-0.3781807857057541 -0.6607822231169019 -55.18422632097986
-0.3824674475565314 -0.6652425688956671 -55.658999882165354
-0.3891244547785405 -0.6683166322301881 -56.17524906470237
-0.3940570197662945 -0.6725804443293699 -56.56217048544033
-0.4006364107135061 -0.6755115505422736 -57.21355711896365
-0.4086538608780848 -0.6772550302796899 -57.62858632417361
-0.4136029703998312 -0.6809659377689242 -58.06493881529462
-0.4180642735471578 -0.6855764322837953 -58.36919259893767
-0.4266281455171497 -0.6867837308111073 -58.92325777875021
-0.4326314870452583 -0.6895790207677193 -59.257261744962356
-0.43594965125340895 -0.6949559668638637 -59.920501104815465
-0.45034639754755856 -0.699056017324321 -60.822719869981604
-0.4551515336447479 -0.7029445965074278 -61.38624642208857
-0.4603250807515458 -0.7067526117233099 -61.6437665811489
-0.4688875319128318 -0.7077494053812621 -62.06322191533161
-0.4726830789235108 -0.7122554372314929 -62.678493984030005
-0.4815646636209535 -0.7129692717025812 -63.059034144549855
-0.4858829837899529 -0.717279783016735 -63.47571044954816
-0.4937480863954207 -0.7189515795460422 -63.90010128650886
-0.4990313656040353 -0.7222115333887955 -64.31226509480035
-0.4989765076910304 -0.7222577662803459 -64.29789243562823
-0.5063523018468569 -0.7237482920987809 -64.74295734317667
-0.5106891605656529 -0.7281786935149366 -65.0892766823186
-0.5191706491600672 -0.7286123526637239 -65.84465785503181
-0.5251390906623988 -0.7314531036727254 -66.14070076630571
-0.5315826709651056 -0.7338550677741282 -66.65050414101364
-0.5388086590960421 -0.7354560991430629 -67.24111624257517
-0.5417347826508805 -0.7415041737643158 -67.53343239612752
-0.5511607371882462 -0.7410553983393574 -68.06857682460935
-0.5567915800987401 -0.7438447704544195 -68.66450205147282
-0.5626888892780902 -0.746864512874596 -69.11783489010355
-0.5723644067204195 -0.7459741439588371 -69.54149661560125
-0.5773988045569007 -0.7490063912376709 -70.07915402331798
-0.5814260456659441 -0.7538777011896582 -70.2623290777899
-0.5910484485052245 -0.7525228063547034 -70.81985080424226
-0.6031147239390418 -0.7570437661029296 -71.89850941805605
-0.6109228857646444 -0.757118068319913 -72.32636837099284
-0.6166585532968669 -0.7593317214569827 -72.84565141961099
-0.6237760119668427 -0.7605529002414965 -73.09424630510982
-0.6308315174256245 -0.7613686959784485 -73.69399535644494
-0.6360692594894607 -0.7640164277624866 -74.20916250625568
-0.6423305940987332 -0.7663851717049288 -74.58565346114916
-0.650321984127323 -0.7662082033862346 -75.0173889269672
-0.6556880909756891 -0.7685419896316451 -75.7293085507057
-0.6553357880832376 -0.7689646100268255 -75.67028278092783
-0.6631604503670515 -0.7683752918233301 -75.95222781835133
-0.6686188696478761 -0.7713462089242312 -76.49737756351436
-0.6764441618616575 -0.7700857883459022 -76.89404931916835
-0.6819751975559336 -0.7717640467353734 -77.48607188689563
-0.689263790487698 -0.7717272590960458 -78.1168172478117
-0.6940924811692958 -0.7753098653345237 -78.3669729596794
-0.7011393819450832 -0.7749428224109699 -78.85704256983405
-0.7065581983484917 -0.7771528942811663 -79.54116480543371
-0.7133177815778609 -0.7777510584016446 -79.84608006289255
-0.7202122905915788 -0.7782084241292684 -80.55527557504367
-0.7272119766191667 -0.7779842777876677 -81.16232670819295
-0.732910008755056 -0.7795039005969528 -81.66240458767504
-0.7396329909694015 -0.7799076838417968 -82.23966051194145
-0.7465053406775325 -0.7805842043312508 -82.74189345860663
-0.7600357077869897 -0.7808659269450919 -83.6944760816375
-0.7666277432461824 -0.7816337915194164 -84.2085820948842
-0.7665907345967646 -0.7816931722655697 -84.18755029523508
-0.7794584006816507 -0.7832053237764727 -84.98792376929487
-0.7867959132998744 -0.7825409428281243 -85.66447995564118
-0.7942543827549791 -0.7804189062810178 -85.9729165280674
-0.7999617847513876 -0.7818729361879255 -86.5195477691828
-0.8065272552430699 -0.7823230015134794 -86.97805525915231
-0.8132892130871117 -0.7823953500678617 -87.39275986675028
-0.8132723122154062 -0.7823807451008525 -87.43527678577806
-0.8206292008339597 -0.7806128276507697 -87.99563694792539
-0.8279631112564408 -0.7786142164128627 -88.56244353012613
-0.8332309141864803 -0.7806891465503275 -88.91456319238459
-0.8382903867025399 -0.7843742257909927 -89.3670231048528
-0.8478804291959121 -0.7781700767022119 -89.79794737856359
-0.8535133578560516 -0.7800533864811134 -90.427335120204
-0.8608209262976949 -0.7785678803456241 -90.95158623878832
-0.8675989940009102 -0.7781922255574256 -91.37234655759157
-0.8743399712689409 -0.7772813642662041 -91.8741604989198
-0.8814442812324043 -0.7752165245890492 -92.35158404030926
-0.8876128352064604 -0.7757778596901671 -92.51438991508464
-0.8938075843313101 -0.7756146340813529 -92.78594507156704
-0.9010460316025444 -0.7729867117583181 -93.52957245991541
-0.9143963041355254 -0.7717217085452287 -94.40922382051208
-0.9143198381195878 -0.771921660932904 -94.38717409690844
-0.9277075152422628 -0.7698884344786758 -95.37412941512993
-0.9342028456958902 -0.7687833281032103 -95.80587643043116
-0.9407735500743812 -0.7690538196120569 -96.27970503884586
-0.9477454102349886 -0.7679039128946491 -96.72526917326893
-0.9545288562715342 -0.7650497076404061 -97.36321031093672
-0.9604960784867748 -0.766404225173629 -97.51402133783007
-0.9678603533571802 -0.7643241460950699 -98.0537904984893
-0.9743082580260458 -0.7625648966681571 -98.41033551048749
-0.974329474672256 -0.7624104824945679 -98.53527737136177
-0.9809264963938488 -0.7616645156674481 -98.8067099814876
-0.9878949420270584 -0.7593478418205152 -99.18544457015928
-0.9946849980499222 -0.7566296232186586 -99.68991976750068
-1.0010548762359481 -0.7554059207889633 -100.03682449102229
-1.007655553074251 -0.7535401673479947 -100.5652943375648
-1.0138150718139471 -0.7531293143218151 -101.12766952610737
-1.0206871956756691 -0.7519274489233913 -101.40886087851952
-1.0272997814593587 -0.7494025254715025 -101.97776057554756
-1.0333782761601735 -0.7483427388897899 -104.48935401114973
-1.0394656854937994 -0.7481722372916637 -102.84633826089696
-1.045871865593964 -0.7477492106979399 -104.755760128148
-1.0521865587488453 -0.7444873530314379 -103.81829799769919
-1.0587205018927597 -0.7428984590187049 -104.60884420492431
-1.0651947369755297 -0.7410788092347845 -105.27660281571416
-1.078836356973068 -0.7326897101537171 -107.15455876760599
-1.0788476256512889 -0.7326192983221893 -107.16501666082806
-1.091339340959639 -0.7290693559583822 -106.6976123108035
-1.0978490243181174 -0.7258675266004118 -107.29825781723218
-1.1038757408899742 -0.7225883346471504 -107.48662682435824
-1.1101689351800834 -0.7190714426107951 -107.70604787177707
-1.1166142954692055 -0.7162437048227459 -108.50280495141793
-1.1227768578990625 -0.7169021314581713 -109.33068450185449
-1.1288259273529182 -0.7147226360683159 -109.6786981352652
-1.12884009438166 -0.7147752977362505 -109.68828877038419
-1.1348392798253035 -0.7091569321340021 -110.09103829871309
-1.1409434630573303 -0.70700502298453 -110.5201769271272
-1.1479511080928426 -0.7144969182591743 -110.12977319921418
-1.1534285993143076 -0.7032694925503332 -111.10089883777029
-1.1592895894041426 -0.7000867033857989 -111.92937385720184
-1.1654384677229064 -0.6972736143869538 -112.4098036176799
-1.171242554251062 -0.6908633766626051 -112.96833964582773
-1.1773179736442807 -0.6903783316678533 -113.90959576850237
-1.1829295189934972 -0.6857783572359513 -113.79406684995743
-1.1892399065673294 -0.6837378215797585 -113.96367759275459
-1.194613549116364 -0.6796704049874139 -114.45408168341656
-1.200538028079551 -0.6774116069860636 -114.99833198659277
-1.2067406717877796 -0.6740784532370636 -115.20439037382201
-1.2128230445845272 -0.6706878928793519 -115.93252250194269
-1.2240511524966062 -0.6652201458257734 -116.82086324729488
-1.2295735616295216 -0.6619616711810421 -117.17374368818987
-1.2351822803454702 -0.657852783622072 -117.72747598296219
-1.2409632155252883 -0.6538330003961852 -118.39999649448829
-1.246814898517223 -0.6514674613573506 -118.67380786470112
-1.2524758889588683 -0.647704141838116 -119.1601519866424
-1.2582902563861886 -0.6435290151361024 -119.65232762450312
-1.26356430039072 -0.6400031924300036 -120.11019954155772
-1.2687919630869189 -0.6351819202739327 -120.30487969359078
-1.2687852194961524 -0.63517972028566 -120.29657377955692
-1.274713829004864 -0.6323934099450077 -121.0705138569772
-1.2798987476431118 -0.6281251409303876 -121.59818965467944
-1.2849007508579346 -0.6242683039856121 -121.99823543097624
-1.290014326510614 -0.6199566364310598 -122.72766744495578
-1.2956661599735728 -0.6168703360318077 -122.96828324412232
-1.3010610696387088 -0.6129418544404683 -123.27910738848827
-1.3056120571808023 -0.6081000262779328 -123.84297713227718
-1.3106114221828555 -0.6037414121344141 -124.46466010014349
-1.3167648035594095 -0.6005328619487154 -124.76939538148198
-1.3210002787894428 -0.5945485655459422 -125.5181038589864
-1.326550040896434 -0.5912535388176869 -125.78519958358196
-1.33284831183226 -0.58865312521369 -125.967832325184
-1.3373887086942826 -0.5828686967155379 -125.5386390950968
-1.3423676214972209 -0.5789991604952587 -127.12382377759873
-1.3525644309472469 -0.5695681585024006 -126.72309201096455
-1.357075429513616 -0.5648929198057513 -128.71330419343082
-1.3617712680980818 -0.5601289982821521 -129.18887570762226
-1.3667086428775341 -0.5559202637213361 -129.74640730352937
-1.3722896338967712 -0.5519950863206099 -128.65827805726852
-1.3769853843391795 -0.5471331237222479 -130.59216239136708
-1.3815100327330097 -0.5423484348062417 -131.08383377144887
-1.3864931130376588 -0.5381901110037541 -129.82964302118785
-1.3900611941910503 -0.532308374582607 -132.34179106218517
-1.39058937684372 -0.5329512002317893 -132.27715286291726
-1.3945231071642945 -0.5273571843926728 -132.4933078590457
-1.3998698964061111 -0.5242618987941481 -132.7934893829647
-1.4028516343055777 -0.5181563099783062 -133.6145317371754
-1.4091256276012407 -0.5150766971043981 -133.8997030801591
-1.4129960206181351 -0.5097080105682752 -134.3258204238084
-1.416551277173262 -0.5041542032835784 -134.9885220032738
-1.42514967683183 -0.5031045635278683 -132.79622168312747
-1.426252932955112 -0.4950406110426463 -135.7650498736915
-1.430158577276253 -0.4894437830174501 -136.6247479976397
-1.4366739087290334 -0.4861166479762039 -134.0013327817764
-1.4391298997627142 -0.4798317210099663 -134.572296335382
-1.4445325285664548 -0.4752112498242667 -135.30815778593288
-1.4507911612156699 -0.4633281834626911 -139.02954149189713
-1.4507911612156699 -0.4633281834626911 -139.02954149189713
-1.4562805492054094 -0.4589126629603751 -136.43453786386752
-1.464222865949003 -0.4476590644682708 -140.28731701897553
-1.4645632067874177 -0.44790624494691145 -140.2422505039323
-1.4730687959284183 -0.4370092499109143 -138.03479129375506
-1.480089673950847 -0.4337951551302307 -140.19225046733231
-1.482614426647337 -0.4274109666477341 -140.9954000774733
-1.4837105273601408 -0.4207140264478533 -142.24830599440273
-1.4883439813635737 -0.4158619526664276 -142.6391639432355
-1.4934040672046418 -0.41065801097456905 -139.98773290259982
-1.492211559252066 -0.4099393190925659 -140.00077983221485
-1.495305078665154 -0.40451978943958056 -140.3167332079004
-1.4989791012395417 -0.3990240955436317 -141.0014300708305
-1.5023682379439594 -0.3933225334102234 -141.38748980835751
-1.5052401877403594 -0.38743250117026895 -141.57568210748772
-1.507726116351232 -0.3815828611034099 -145.7954985307831
-1.5100423292494871 -0.3757458785770116 -146.64578279311263
-1.5174392710786655 -0.3716316575170868 -143.04856674859977
-1.517458389834259 -0.3643405840641382 -147.55887830728432
-1.5237478818729064 -0.3595636524933017 -143.77804063569081
-1.527620399352233 -0.3545102678897044 -146.60619040895318
-1.5335944469262954 -0.34948424201992234 -146.0415823721878
-1.5308369065076195 -0.3411643355113757 -149.36726056119502
-1.5380266733405652 -0.3366838844917909 -148.1280342497126
-1.5375734384401056 -0.32977026271993715 -150.2618117228983
-1.5454157297882378 -0.3250533340808209 -148.25354589872626
-1.5478122772947904 -0.3117993277589246 -147.3042945828191
-1.5490979889068912 -0.3123728959021014 -150.4375957713898
-1.5516400527196619 -0.299362859741685 -147.9836975277244
-1.5601675300797888 -0.2945316780886635 -150.1771037956627
-1.5577285591455032 -0.2872925403495689 -148.94565021136
-1.5638638438093346 -0.2823376236197691 -152.66624836554328
-1.5651984446274052 -0.2756285309464787 -149.8441824172484
-1.5663270555745772 -0.26925293885296314 -150.18886936819197
-1.5663974541899723 -0.2692531668444164 -150.2057301152766
-1.567003598147361 -0.2635171960801593 -155.31314899013026
-1.5710807563663556 -0.2575515055410273 -150.96352088363545
-1.5745524476891717 -0.2511874337329389 -151.73006398400366
-1.5764548914690997 -0.2450043390306021 -151.93571196582488
-1.5838079325427843 -0.23969379581752626 -154.9729040497735
-1.5813037911759098 -0.23254057721440505 -152.97896151767188
-1.5878778203450448 -0.2267773981078071 -155.45724756086798
-1.5901859169980035 -0.2203687972229837 -155.9407867649771
-1.58654411365951 -0.21395569941639955 -159.13242894455138
-1.590593809642488 -0.20768797914521853 -158.95815210297815
-1.5972286912768934 -0.2005303247174643 -156.7347694730352
-1.5976283633856374 -0.1939159295497785 -158.22143806461926
-1.5980373685217455 -0.18759281398298536 -159.4652786467401
-1.6021904438888794 -0.1807481942446152 -158.7279561348376
-1.6049680576710486 -0.16772224469619154 -159.19057140031754
-1.6058169072331578 -0.16098539456314664 -158.85429775715062
-1.6012847327545336 -0.1614514031419697 -163.33272906226964
-1.6048018872430585 -0.1483948926214213 -164.330169165845
-1.6109835943778519 -0.14142505471518113 -162.2588542968561
-1.6083631440848656 -0.1357466438142892 -164.99711423768727
-1.6117160035148468 -0.12891649597124485 -160.4210586738824
-1.6147684275741625 -0.12213141958574104 -161.57161991284374
-1.6158609072078496 -0.11609231878284387 -163.6345008857408
-1.61574230191168 -0.11611446158708374 -163.7368435706296
-1.6126607884501212 -0.11145738912874288 -162.35886741622326
-1.6123581075905715 -0.10766475455514768 -166.067163393534
-1.610851424695456 -0.10486295863212486 -165.9170427381464
