2.7918518997429247e-05 -2.2933941258249175e-05 -0.11405590983033395
-0.0013586921691946402 -0.0037390559328071243 -0.6274633837137759
0.006423998287962272 -0.0027995221880838805 -0.975578259348572
0.0058432261214425435 -0.006904476866465197 -1.1921151462040622
0.010243407184939879 -0.008607138562094174 -1.4275458820029774
0.006039696486342212 -0.014880535186608491 -1.8186654703349328
0.004957892680474707 -0.015392976165513488 -1.9155404711646544
0.009649431107811256 -0.017691823069708755 -2.2470585657095445
0.010770820169032502 -0.02226239386369368 -2.8515411633752596
0.01937183427372967 -0.023070847073527332 -3.048996183390772
0.017940798880529615 -0.029439720354802888 -3.4185832665954017
0.012766865592325462 -0.03737811655599945 -3.8937716091195913
0.013347560384540559 -0.04257777227444448 -4.194623357696074
0.013051064857516744 -0.04849995046105127 -4.534563008678182
0.009688188686338466 -0.055550225767929375 -5.029204712362547
0.012749009044714866 -0.05993138342745781 -5.490303748924414
0.012582920698447077 -0.06592117278726224 -5.94499619966845
0.011536785590949237 -0.07226699506961777 -6.361683108640473
0.009480195010367941 -0.07899096101179798 -6.742875319004043
0.010885191153100562 -0.08452516942862832 -7.35109040551666
0.007197714991029716 -0.09196149367472227 -7.670554754560372
0.008913005221203734 -0.09681892041561932 -8.416259338184311
0.00934088205583093 -0.10278461890366264 -8.923710727423485
0.0029037508447854205 -0.1118061000208889 -9.127414336784604
0.0009748282835141737 -0.11815058224489786 -9.536878347781835
-0.0039019487584367775 -0.13204118731827522 -10.792209726880557
-0.0015979761063578922 -0.13694640343997808 -10.934194188306419
-0.004102959630510775 -0.1437382272030831 -11.286038304885828
-0.007512194056912507 -0.15098108970685886 -11.830214135403422
-0.007559028986320248 -0.1565088517163128 -12.316948051331472
-0.009424873418477362 -0.15725584763804007 -12.286345254340127
-0.00815236358913023 -0.16277535155283498 -13.049520560187526
-0.01617706421843608 -0.17138637759731926 -13.457595705720436
-0.013502297247719624 -0.17588047470965726 -14.050356117366436
-0.017359994602086946 -0.18311426084120608 -14.39646489709482
-0.021152184553846896 -0.19018896823808107 -14.654353685368482
-0.0182236886132723 -0.19445796559750345 -15.127268863232045
-0.022367749130784167 -0.20158620016634893 -15.533469430838986
-0.024632698919302767 -0.20816074305438054 -15.944978930122595
-0.028042791069670336 -0.21490353565332587 -16.4880950153395
-0.030666908780956993 -0.22109598774005496 -17.129267960162597
-0.03309726399705828 -0.2273401148864354 -17.493869288667792
-0.03381632627823582 -0.2333507150658476 -17.935507079487888
-0.03610986799096956 -0.2396761849463119 -18.543310347298586
-0.0396620698006642 -0.2463759812436481 -18.803982615346182
-0.043350226544502365 -0.25288509920041263 -19.299459805559767
-0.04230585822736667 -0.2580585524921199 -20.024016301526533
-0.04709485614905872 -0.26515432050743115 -20.514510572923946
-0.04984394585120388 -0.2713033199283739 -20.817192765709454
-0.05164264959330947 -0.2770393147865999 -21.28275840886729
-0.05556924166394615 -0.2837727007091536 -21.706698898785053
-0.06201111399350456 -0.2959928416027115 -22.639955830557398
-0.0652122930174944 -0.30208481588536235 -23.20933502615731
-0.07036688454609194 -0.30854148560094713 -23.48554071744674
-0.06966503763977303 -0.3083616524747461 -23.503461257513237
-0.07222917279411199 -0.314173336366411 -23.97837166365743
-0.07705184362862767 -0.32048555112351257 -24.39906216797144
-0.08147183769680444 -0.32642550169768964 -24.872178566585426
-0.07863340462751554 -0.33107592939094904 -25.296619818304173
-0.08550507728658921 -0.3378735471517664 -25.676668641452984
-0.08689325033149588 -0.3432205178709839 -26.190417308759212
-0.09001561633169204 -0.3492344819794002 -26.739883739274678
-0.0966824017732923 -0.3557974440631507 -27.131369216960678
-0.1017252760083818 -0.3615213642148304 -27.49366640026081
-0.09954937636089596 -0.36626164486191387 -28.060795522870663
-0.10436378573777737 -0.3725345770622536 -28.42583850718122
-0.10830233039793452 -0.3785637057900568 -28.822013645800013
-0.1133422872910473 -0.3844298419748235 -29.324019378952755
-0.1184274573422805 -0.3901581169530012 -30.064367609820827
-0.1188894409402205 -0.39499293981180345 -30.54772368441803
-0.12063961343493995 -0.4003121059648565 -31.073261823587586
-0.12658803720658926 -0.4063092361292905 -31.599927101070172
-0.13486230596571375 -0.4172568008409581 -32.70276689001184
-0.13849256542860494 -0.42275110614886224 -33.17447159499107
-0.14638110954503455 -0.4286009525238606 -33.74384059768457
-0.14481610612768234 -0.4330291418329899 -34.12211571466886
-0.15101061166043012 -0.43879168012316 -34.495849102774805
-0.15527191534049575 -0.4435313763660774 -34.99153800490414
-0.1554307532538843 -0.4435624156039764 -35.00730161895393
-0.1594574144394577 -0.4485471516612315 -35.527038157760465
-0.1645703247193624 -0.4540451072706214 -36.04556743173215
-0.16980137536874254 -0.4593522816353012 -36.53889737261925
-0.1738457026601361 -0.4642677674542213 -36.98434571520127
-0.17884140181673502 -0.4694882300748106 -37.431784966679054
-0.1821849929692972 -0.4742759031236716 -38.02467588236222
-0.1862129857587677 -0.479185820829925 -38.4029023325951
-0.1894883608009488 -0.4838778101506808 -38.79368434394783
-0.1938300648512696 -0.4887619501175613 -39.3429448533
-0.19676133998228 -0.4938028354901479 -39.94458909705258
-0.20501282511713048 -0.4990880418800152 -40.57361495364745
-0.2111491836421229 -0.5036103511521419 -41.098356627983016
-0.21115545713085768 -0.5079909066450244 -41.53592103534806
-0.221686611276548 -0.5133452173177641 -42.22418704736694
-0.22410097985738425 -0.5176923291517874 -42.55655616481565
-0.22860708862606424 -0.5223935377354575 -43.229537708096466
-0.2362187637230631 -0.5273171806690042 -43.67806542400635
-0.2411115152145473 -0.5317563232300964 -44.10765986358409
-0.2514796559735906 -0.5406053363281755 -45.02476512425759
-0.2567689175006149 -0.5448889359988942 -45.5322722626844
-0.2618922014887033 -0.54928930337629 -46.11513180426222
-0.26780170633847217 -0.5534886442079257 -46.398629709264355
-0.2701411543184684 -0.5576340635887977 -46.916316723730574
-0.270099743312522 -0.5576452128806141 -46.91294390611865
-0.2701937328639026 -0.5621164015964797 -47.42180616932014
-0.2784648376224314 -0.5665907497829127 -47.872408124528725
-0.2834852558914711 -0.5709004840378641 -48.4392626778749
-0.2903825082101168 -0.5751596146341366 -48.67651424212057
-0.29193983836942394 -0.5792708176005619 -49.208323604822596
-0.3035052268591716 -0.5833573766984105 -49.494437991711294
-0.30783320993012003 -0.5871940236961529 -50.042248828716964
-0.3084653009748303 -0.5912913187085067 -50.461029067876304
-0.31820260642695525 -0.5951570907100555 -51.01921779253518
-0.3223032832192489 -0.5990152459042155 -51.58889930652758
-0.3282145010493705 -0.6029526737256029 -52.11212683659996
-0.33251241755136723 -0.606828416505609 -52.41736049776429
-0.33937964478639504 -0.6105714499492314 -52.962423600329075
-0.3450361001271114 -0.6141320573255491 -53.60709345564082
-0.35060714163722445 -0.6176243049416743 -54.02678881572133
-0.3559012402143163 -0.621312862562935 -54.49917192366542
-0.3634216216796875 -0.6249696205556892 -54.9267071512523
-0.3689934443621068 -0.6283193071687709 -55.4847178818544
-0.3801985708042193 -0.6349303940303449 -56.53936535375641
-0.3861886439638593 -0.6383561455993715 -56.90821908242098
-0.39323008103184176 -0.6416201900033603 -57.40034632376575
-0.3975741592704512 -0.6448584924005833 -57.73285755502938
-0.4032801366491078 -0.6479613481243114 -58.36880417788279
-0.4028594236407308 -0.6479852184436494 -58.35520189613607
-0.40802097367810897 -0.6516350835754259 -58.92254138083813
-0.4169568663972023 -0.6542707900154743 -59.30608195385725
-0.4240818642789831 -0.6569259156804498 -59.72756502659847
-0.4265746599400341 -0.6603831252269193 -60.1281909508341
-0.4347706907140753 -0.6631720164126715 -60.76154607841655
-0.4415529350828536 -0.6657556570664093 -61.05761448368802
-0.446611626730076 -0.6688562339463353 -61.54802914243339
-0.4539910945893919 -0.6714227773394604 -62.09155017881112
-0.4584810064670796 -0.6746853469329135 -62.67988317015618
-0.4650052779497343 -0.6774003159350981 -63.10912627251486
-0.47170792539006606 -0.6798119774715765 -63.70643780792018
-0.4764544249944311 -0.6828507076886802 -64.04453171116656
-0.4846129513530083 -0.6853551434141222 -64.67591798973746
-0.4918626095941713 -0.6876170354557617 -65.05609458074724
-0.4962896954975377 -0.6904064467969877 -65.4606415800063
-0.5039658307222022 -0.6926332659665095 -65.97421773732127
-0.5113073755376139 -0.694653678585551 -66.41754918944035
-0.5163716753729151 -0.6970938962973173 -66.82679166552792
-0.5283752670562291 -0.7016391920656629 -67.67695810796172
-0.5354998153096112 -0.7036558334387935 -68.02322454364959
-0.5405059883800161 -0.7058371422455533 -68.65188379497638
-0.5488017784566647 -0.7075624467118576 -69.04688001533063
-0.554332768162749 -0.7099947353381758 -69.41017358929987
-0.5543714922773937 -0.7099853271363149 -69.4156722674778
-0.5611812344093138 -0.7118912362483669 -70.09728049909684
-0.5680538513867863 -0.7135067050079054 -70.6389503991797
-0.5731800486783809 -0.7156405691953767 -70.94060674466822
-0.5802742497296313 -0.7174089372445819 -71.39010108190263
-0.5863308044116855 -0.7191945872513059 -71.67410618994326
-0.5917942714257329 -0.7211356099169743 -72.36003973284055
-0.5982232616993067 -0.7228553565583687 -72.69109421061215
-0.6054829672820162 -0.7239749420653586 -73.39305416706199
-0.6135735734019835 -0.7250353265652734 -73.98395263309145
-0.6195325226334794 -0.7264078688496085 -74.38629201340603
-0.6243014130863388 -0.7283274255171137 -74.7297692852373
-0.6333523058457113 -0.7291838684621077 -75.3521067998056
-0.6394456327310939 -0.7307363136938734 -75.95369578289478
-0.6460590379108183 -0.7318055461551404 -76.43112436788819
-0.6527126820339639 -0.7328968153196482 -76.79752089114525
-0.6517062120972522 -0.7367100841839954 -77.20434349873626
-0.6667960668025686 -0.7347669474450289 -80.05092975542837
-0.6795551083118739 -0.7369575903315835 -78.508083162185
-0.6861196260204943 -0.7377861916821192 -79.12505258513146
-0.692498261567851 -0.7386887700568209 -81.33204133778213
-0.6998741290101196 -0.7391228401408506 -79.92456160709389
-0.7060140637152104 -0.7396884121444103 -80.17330579198494
-0.7121416282508941 -0.7406558401276679 -80.6426826042444
-0.7122526396710881 -0.740616549220158 -80.66281907896854
-0.7191696503095232 -0.7411859965851447 -81.18098339153988
-0.7252124454171366 -0.7417747337638826 -81.66093723615616
-0.7317194067177528 -0.7423826799304638 -82.03480613276659
-0.7380897362396026 -0.7430749040824045 -82.49462554769168
-0.7442262078135873 -0.7434971643158363 -83.18069581371032
-0.7496495079932095 -0.7442034203806256 -83.66555153285384
-0.7572197672310945 -0.7440970587691901 -84.3868769079304
-0.7646033538444627 -0.7440348215991344 -84.8541541116222
-0.7718204610810192 -0.7441542450608261 -85.26711860259053
-0.7769351424259907 -0.7451365542813015 -85.78377770797073
-0.7843702432351642 -0.7452308459172795 -86.10749698113086
-0.7915709133083706 -0.7453840014721711 -88.26149331682691
-0.7990970510888742 -0.7445763847781722 -87.2233899664287
-0.8031265429449472 -0.7457909719210689 -87.8228691865488
-0.810994753042067 -0.7448163209560109 -87.99599149488667
-0.8206110546433804 -0.7431052341509384 -88.23172201397688
-0.8275365874124021 -0.7427486386685267 -90.69138224992638
-0.8377394095503613 -0.7441916578622109 -90.52918903436786
-0.843225392667412 -0.744369894622366 -90.20759823944452
-0.8499889302962588 -0.7436367366333004 -90.37567440606934
-0.8566569883057578 -0.7430467140659422 -91.01916283100384
-0.8641315222419391 -0.7421147386060898 -91.42734183230287
-0.8712347431319318 -0.7413755312053142 -91.75826678279236
-0.8712921255381681 -0.7413332694028408 -91.75825016629221
-0.8772279366671248 -0.7413331517032048 -93.64949930636169
-0.8827715534678959 -0.7412032833737144 -92.8209596856667
-0.8912887414430365 -0.7393091657396443 -94.94704982942079
-0.8973560390543573 -0.7384626632344452 -93.9323927441972
-0.903859327170062 -0.737451653404332 -94.06249471130421
-0.9099181130051444 -0.7369790331390436 -94.6513120056027
-0.9139923920465792 -0.7377304844801675 -95.0135612758952
-0.9242117336206532 -0.7338129987272751 -96.8886583713034
-0.9305016862392926 -0.7329423004861649 -97.24791837722526
-0.9362773347807004 -0.7323466057066529 -96.80681335533743
-0.9435659898583164 -0.7306365116716622 -98.03432366204215
-0.9502228742576919 -0.7292463045577857 -98.66076428788021
-0.9558799646798022 -0.7280010788206327 -98.21000380772301
-0.9622802322201192 -0.7264215257843859 -98.72800969124238
-0.969225668952504 -0.7249855150045491 -99.29901082504324
-0.975286482939158 -0.7236860731091791 -99.66822276488459
-0.9816534222188972 -0.7220089153091999 -100.0245010505652
-0.9945053913372912 -0.7185138080081466 -100.94849520797227
-1.000410804720704 -0.7168789113334842 -101.72265535715694
-1.005391818398406 -0.7175168259585201 -101.45044711744691
-1.0133442430935862 -0.7136744467757191 -102.24846800728815
-1.019972367036183 -0.7111373230801681 -102.96558581181515
-1.026026807498691 -0.7095561574635108 -103.36023030689907
-1.0260079757949023 -0.7095896048435412 -103.36211077992263
-1.0308368528193779 -0.7101782652696451 -103.26848198779415
-1.0389180258503972 -0.7056409048677273 -104.96073341627813
-1.0446636896207435 -0.7040053940945034 -104.87466490531892
-1.0508074448808409 -0.7019955992707869 -105.37941182729128
-1.0574653466016135 -0.6995287147884134 -106.15547815517448
-1.0634326227075106 -0.6977934070683177 -105.95600542586682
-1.0698767854329103 -0.6953523075332823 -106.8940317437652
-1.076111328099221 -0.6928589303685846 -107.39162920353122
-1.0821080862014658 -0.6908481295274801 -107.67290130755272
-1.0885807617241787 -0.6883382548949211 -108.20849461931792
-1.0946723753122811 -0.6857998402336055 -108.56537438639151
-1.100188016929984 -0.6849016112901174 -108.04612188275951
-1.1065723419355336 -0.6807649356002736 -109.63978151051049
-1.1126733552944952 -0.6786959149315827 -109.9101473949815
-1.1183390930099262 -0.6759036881000982 -110.46605943068943
-1.1243185294451643 -0.6735844807232891 -110.86343366471421
-1.1307064105286198 -0.6718677725471581 -110.81839281282856
-1.136238003082251 -0.6677471473773113 -111.87039983670573
-1.1481486847454276 -0.6620227214102538 -112.94364263907794
-1.1543852130831582 -0.6587825849487992 -112.99807009248859
-1.1597105765568876 -0.6557372634158616 -114.03809829472901
-1.1658115360600476 -0.6527178029169458 -114.60289729889256
-1.1725511678317069 -0.6498996164433785 -114.04316275519147
-1.1724949908757791 -0.6498304268986999 -114.08703476974442
-1.1781356620192471 -0.6464592380565766 -114.7109309202578
-1.1846538247101053 -0.6440926580744829 -114.70922549403038
-1.1894670528386355 -0.6405393077900906 -116.16454665262657
-1.1960730874418064 -0.6379335037113008 -115.35228188121052
-1.2022796540765412 -0.6346660238210621 -116.00482348390871
-1.2066333028605292 -0.6302636238770006 -116.7732709485372
-1.211761545178552 -0.6268540964760068 -117.1670257037952
-1.2176364850428951 -0.623503538133652 -117.91412256205182
-1.2235864474444291 -0.6201322435435042 -117.99833597738709
-1.2279867980447128 -0.6168097054119346 -119.55771887053312
-1.2335593782468834 -0.613209137141415 -120.22732191637208
-1.2400514110143317 -0.609474096293169 -119.39043998336214
-1.2453151126752382 -0.6059053267138231 -120.97614414140571
-1.250771398481727 -0.6020605396109073 -121.26217372177805
-1.2571672301587409 -0.5982521376700707 -120.33100265619619
-1.2617842839866495 -0.5944791999138579 -121.0672012940402
-1.2673947376979569 -0.5905559601675641 -121.42068796272021
-1.2791968036533372 -0.5832174826868441 -122.59120079520665
-1.2825643113275242 -0.5790823007481901 -124.30502269767405
-1.2883966924132413 -0.5750765538419732 -123.28354387539831
-1.2954032074394417 -0.5712895690336381 -124.1276929803566
-1.3008693531743405 -0.5669623812151672 -124.49802059353142
-1.3054531030982242 -0.562922703144537 -125.16176660334729
-1.305505127817488 -0.5629108823341394 -125.08458019086868
-1.3080864139335602 -0.5591118831895125 -126.64056549062445
-1.3132553012635293 -0.5547150453587684 -125.54162670976564
-1.3213150612622968 -0.5504741494856936 -126.21044214651941
-1.326554643724691 -0.5461517748446221 -126.92060958280143
-1.3295087396196044 -0.5419466175904409 -126.75636442082838
-1.3336889910405714 -0.5379839115400374 -128.91387697228407
-1.3384056400338522 -0.5338028907734355 -129.63225151283692
-1.3433450316173772 -0.5294967019098136 -130.0674043391669
-1.3512494492334353 -0.5241317738813893 -129.0958499147494
-1.3557127343702162 -0.5198725116858804 -129.48340008827057
-1.3605408070750191 -0.5152491718664987 -130.46873718690347
-1.3624590969644754 -0.5113446880800075 -131.95820885751462
-1.3676612147926412 -0.5064292443958295 -130.16286654377646
-1.3717210093571104 -0.5019312994957243 -133.22189710816247
-1.3767673959878182 -0.4970118228489726 -133.4656088433043
-1.3835463238158685 -0.491518618358619 -133.15312736845863
-1.3893170319878236 -0.4864538891736036 -132.69180065616314
-1.3900847669875285 -0.4831142677527522 -134.6745464668854
-1.3997983886377547 -0.4730142803378801 -135.94603010818534
-1.4069831972031752 -0.4669371615091266 -134.74353399776393
-1.4087859567959151 -0.4628701221696389 -134.03498482632628
-1.4125217184147565 -0.4581823139769319 -137.4883178372539
-1.4167027182361869 -0.453233410033718 -137.9992757139719
-1.4166896609998254 -0.4532388696309657 -137.99812529706506
-1.4239388286707078 -0.4467398149152343 -137.0829627824505
-1.4288686092878249 -0.4414633233637528 -136.18378273340736
-1.4294258839894527 -0.4379343652233832 -136.24773268243788
-1.4354655204435804 -0.4319500785715405 -137.1692269700661
-1.4402001758143554 -0.4266342145123684 -137.49708816197523
-1.4403630587346858 -0.4234528801856395 -141.2318156821944
-1.4488834182168795 -0.4156851761608376 -138.60598313450595
-1.4528971893727611 -0.4101229091901954 -138.98455643199893
-1.452990583841003 -0.4067461238268071 -142.60368120913944
-1.4571650740089819 -0.4009805156133832 -142.93493335839906
-1.4606395280436828 -0.3955479557116803 -139.91883601409626
-1.4686371200621915 -0.38813901194835104 -141.5485933632954
-1.4678307009195806 -0.385279905871009 -144.63352123779882
-1.472393221311732 -0.3795715041976218 -144.7021652403351
-1.4754840313348512 -0.37482386711182414 -145.7292152322718
-1.4833990108337507 -0.366759798504915 -143.18795866678033
-1.4866892085941308 -0.3614950619851355 -144.26144242583882
-1.4870325643647069 -0.3578399640097135 -146.8182341511058
-1.4917002299953337 -0.351303965117857 -143.3318885342715
-1.501347591753666 -0.33816243315807937 -146.36813334513025
-1.5046130819402157 -0.3323050791688893 -145.93160215519924
-1.5072422809049533 -0.3269444148623962 -147.10706236288115
-1.5074737621315215 -0.32353736795219257 -150.144600623896
-1.5075370133333508 -0.32350004501516083 -150.14255128322498
-1.5090724277334355 -0.3192152550894077 -145.9262381532347
-1.5128712745043549 -0.31333130454706515 -151.36995652651092
-1.5173180639571089 -0.3066930147253246 -151.36353599844318
-1.5218231440005945 -0.29984095226742435 -151.45788973548105
-1.5223263369759603 -0.2957999005025725 -148.07556862810094
-1.5254929614564503 -0.2900631380941817 -153.2188409798431
-1.5282717531710797 -0.2842479611032728 -154.1470251695688
-1.5315726936256475 -0.27767351100820226 -154.44912521301515
-1.533974088273834 -0.27178099344625595 -154.8259955165414
-1.5419781462755546 -0.2617076170705497 -151.20530507606838
-1.539401012699415 -0.25965718913835023 -155.90593614814873
-1.548187488054317 -0.2488394363078465 -152.70966541945003
-1.5441891827696623 -0.2477996579748762 -157.063620563199
-1.5475588908124571 -0.24088522357704234 -157.55707987037934
-1.5499002139936369 -0.23489372010370946 -158.00603267260004
-1.5529014750868049 -0.2281774707425105 -153.17037490561097
-1.555658667551164 -0.2219979046060528 -153.51826953354987
-1.5567226898496282 -0.2170578924718191 -153.77115232051491
-1.5622556928589588 -0.204039472563385 -160.53903973120612
-1.564268079130312 -0.1981787560024285 -161.1737372858064
-1.5734198102165604 -0.18593833123421705 -159.6817293085939
-1.5765146921355044 -0.17907142394224307 -158.89046744923738
-1.5712030872710188 -0.1794377893014053 -162.89257113015154
-1.5722294409981081 -0.1783988855816247 -156.9111801605197
-1.5747377692289684 -0.1716933140399707 -157.48831541130977
-1.5816611888508358 -0.16125967497411936 -158.42348519894634
-1.5793671084993084 -0.1587799002189731 -157.87093610256295
-1.5801281863052168 -0.15360419398380815 -164.56723304873762
-1.5827455807155808 -0.1470747859250034 -159.2152570923094
-1.5842312298820287 -0.14075907743840935 -158.97638171420212
-1.5856745760419972 -0.13479264693687165 -166.3813010392626
-1.587633505003859 -0.1286783793537577 -167.09869581746491
-1.5889680210213617 -0.1228069982547241 -167.38023933965027
-1.5897749313724494 -0.11720230442731196 -168.32822548339274
-1.5934799920609408 -0.1084604925063764 -161.53764993968997
-1.5946270255795958 -0.10242192172437553 -162.01481117632838
-1.594070578683005 -0.09759127240626722 -162.44199446640854
-1.5969125949531224 -0.08973665855434178 -170.36853709252628
-1.5983225947031434 -0.08308308564695692 -170.97186663595053
-1.6014706868615525 -0.07451217306691799 -170.95559904624812
-1.6017601017789689 -0.06900538729274486 -164.31166737951892
