-0.0006201790042272169 0.010745970584026434 0.14597216471252245
-0.0005447818382219903 0.01376491899218489 0.1414056952000697
-0.00029767354522697385 0.01813749837180141 0.007941817578145504
-0.0003051280801398635 0.018092544087969887 0.00743448032215762
-0.00032063358138091635 0.022381990093218854 0.003759084357753586
-0.00043426939123682 0.02636346572576059 0.1709035050886963
-0.0003836210540028931 0.030440707483617917 0.11569792620388447
-0.00011197058685069594 0.03555366238086932 -0.07389930500589971
0.00026283924038254976 0.044806241414558634 0.013341332302677826
0.000383641602887461 0.049562341885239766 -0.27824372843549955
0.0006971358963042441 0.05393649756388078 0.04014717395343461
0.0011276100989574716 0.05889318455033329 -0.1650413494024545
0.0013232475916480982 0.06395707833914796 -0.21430854467662866
0.0012323775942454825 0.06893636381341961 -0.18594665604536947
0.0011150155866917512 0.07292998594691577 0.1238182530059754
0.0015533507214333456 0.0778684452301612 0.015085717466908647
0.0020637214959054115 0.08307685831914248 0.27476939583624915
0.002149632697739906 0.08675183928076619 0.16730906567815926
0.0024811863278557467 0.09239511944291072 0.1662837206782969
0.0026262536579196825 0.09670246351098748 0.1038230088410474
0.003292988808665853 0.10125754006622753 0.1464174479144585
0.003873264224748714 0.10661349846243244 0.2323321308208913
0.0040423816350184175 0.11075491615552736 0.21510877562597394
0.0043813358187351215 0.11558890358718238 0.3665033476728104
0.004935385116558569 0.12136092594574036 0.16443897053311296
0.005274663511920949 0.12529031481023084 0.3708880902284456
0.0056148124835956395 0.13016710590929328 0.3628849456974597
0.005616495453893739 0.13016352564976846 0.3665608109784568
0.005997024497866349 0.13486209468198326 0.4140269488656825
0.006128037533375798 0.13888642893255626 0.3996946512552485
0.006620450097163985 0.14753737368943848 0.4200855697655117
0.006707073846034925 0.14784896816534926 0.3968167719338074
0.007068030277343569 0.15322688531383352 0.6360457376157904
0.007560922509519599 0.16181165265284164 0.7253972745402875
0.007501445552590898 0.16602621856247285 0.5832318536721655
0.007673565968677548 0.17065770216866924 0.7054180950684138
0.007945535430874007 0.17439597942978408 0.6771497378036075
0.008677860386611683 0.18065426565048395 0.7669636484040899
0.008885093324025511 0.1856924588231674 0.8872014680750537
0.008625431464688455 0.1895388567279213 0.8898945458427069
0.00852967449393971 0.1937323724414387 0.8728200549028899
0.008974686460084938 0.2002279968690336 0.8407242793620219
0.00916189100220377 0.20482700866706066 0.9897122784870988
0.009271584426003482 0.2097764553536599 0.9062064277433388
0.009319742364276335 0.21453799006415056 0.9147318570979102
0.00972211638134027 0.2193708271037345 0.8714538193612321
0.009909058051696869 0.2232741351744707 0.9228136721396972
0.0100440599840719 0.2284915132399917 0.8071924187338572
0.009888803679832331 0.23257692698736554 1.0755334071759894
0.01002784544969601 0.237646463068668 0.9868893187855488
0.009996003428839412 0.2426492376233553 1.071962636682578
0.010090334945307866 0.2429326695945332 1.0612989018128234
0.010117161807823571 0.2471973930291957 0.9026636341064904
0.010397211896733484 0.2520580002869892 1.0377338926766688
0.010842229340032095 0.2576674331290154 0.9731048715573738
0.010998423054109294 0.2665332641769669 0.8758611949320657
0.011369281616240805 0.2723961280090721 1.0030906553476366
0.01141202361320863 0.2763376551470789 1.1572180246976649
0.011781387600909491 0.28116300371445196 1.214774220509864
0.011703566525146786 0.2850215877191013 1.0945185711112742
0.01206321699357249 0.290594982509573 1.3440914390696062
0.01230256064502218 0.29523379441026665 1.306657548216239
0.012597814856827816 0.2997654981343369 1.26118293601848
0.012400918670652685 0.3040932983489049 1.2825050698914204
0.01259451141436263 0.3087646769597438 1.3497387219718162
0.013122994596059813 0.31417261496863624 1.4612553700254378
0.013692420112020778 0.31996970687500714 1.3328684944625782
0.0136403097623167 0.3244313957867148 1.4182035372271422
0.013626154773372132 0.32925866522734176 1.3703218254096512
0.013731588882231638 0.3338549047683285 1.393719162921179
0.014031628794599224 0.3385466866353116 1.3252764701362258
0.01435653699388466 0.3432866073532941 1.3443283459739008
0.01428214446311106 0.3485370365554077 1.2903957380352264
0.014524722549168909 0.3538121432603831 1.4230206640449041
0.014730549461536999 0.3578388967001175 1.2423326707065512
0.014704194267124425 0.3576947603777249 1.2920523640074535
0.01516242405254291 0.3625693368183212 1.4221928809400401
0.014809212368476682 0.3661781020909892 1.3707968389573593
0.01506461421271331 0.3723356642364393 1.3689445797710629
0.015394643719518916 0.37744490577741735 1.2471153342733359
0.01623750738134684 0.3876060317544025 1.2949999300322201
0.01644767557202137 0.3930336875068064 1.2592687515361451
0.01604159791423941 0.39619173822887255 1.4065933179740489
0.01652581276685221 0.402187411319791 1.3771929075308795
0.01643927034868184 0.4065680034370187 1.3481291961210664
0.01660292468390176 0.4122794821052611 1.1775710848229677
0.016560457018860192 0.4163501536233054 1.4490428897639782
0.01695973961035879 0.4215911205575841 1.3302160250607942
0.01726429970165311 0.4268315728877117 -1.36348135634753
0.016678560107790202 0.4296220679595613 1.3559113877908409
0.017252503570239858 0.4358796057149087 1.3358830421291172
0.0171137503873027 0.4401010652102754 1.2734477043817092
0.01703014519393936 0.4441478003416409 1.4129060786182264
0.017448539284453418 0.4501494114293503 1.248216548103556
0.017721231194455678 0.4554254935710617 -0.9953363673143922
0.017787104022387534 0.4598222818457448 1.3533759348081789
0.018253225243929642 0.4651383755495144 1.393107989888828
0.01827625045764933 0.4696096281017204 1.3052596647496444
0.018125171995798082 0.4742999911013937 -0.8156283672648728
0.01815515742639551 0.4743703119509479 -0.8315406111749114
0.01833050377760695 0.4792108734143447 1.310006720005718
0.018907246111687842 0.48427573236198707 1.3805888005740603
0.019124879855263042 0.4937425720074512 1.4963216672980717
0.0189371509223924 0.4980361590235057 1.352812816862156
0.0190679904594144 0.5023594320128363 1.3309816739691598
0.019537369014764 0.5075252516770798 1.2137089528627651
0.02009763636159001 0.5132114294304607 1.3005329262978629
0.01964318712179664 0.5167917379748111 1.348340953442936
0.01967576911854846 0.5217352339253198 1.3655091514983628
0.01792597390745601 0.5219379751295888 1.6054013952497794
0.02061878697586228 0.5321489240569723 1.1446910469059854
0.02065579836490272 0.5368198332784984 1.269305166605492
0.020940778998124715 0.5421873943601077 1.2199426224718528
0.021119710599233985 0.5469320814160712 -0.2641699803103659
0.021454694547563657 0.5519665341144618 1.1718469298795873
0.0216634994340921 0.5569169300108103 -0.08267702786173035
0.021809067587953042 0.5610007906071421 0.22353247400138027
0.021444355385077496 0.5647634717514652 0.4139018684024727
0.021611132255687667 0.5694623416578396 1.8166873466307347
0.021897555416013653 0.5744030080464848 1.8043497258855887
0.02203690823586016 0.5791150082424846 1.870801003153301
0.02235448112226724 0.5850465643575603 0.8183579802659771
0.022460150282497704 0.5898319807180192 1.81120209518709
0.022306760505581447 0.5895501659853124 1.8243201405336704
0.01994190810584484 0.5903381488104292 2.4423201010428266
0.02246588488744153 0.5994605865700194 1.9878048232969068
0.022916364470433964 0.6095821605695194 2.0274855891912718
0.022768415813519568 0.6144628171365136 2.1344759810071614
0.02310809947859896 0.6192453299215612 2.1696225608833872
0.0234130751428944 0.6242445923445843 2.0908837348966007
0.022852699185292064 0.6286239483156535 1.2032088221412636
0.022972665496813118 0.6338947347848766 1.2030854716718185
0.02175909300488854 0.6365024297885188 2.4478088659424326
0.02351904988111686 0.6438442788561497 1.177933207236773
0.023246296437974517 0.6479686086783077 2.10353292084248
0.023429099881134702 0.6533545535939491 1.8317645780081981
0.022054115083089132 0.656117813904836 2.199698270910225
0.023546457579512764 0.6626722214932546 1.9622297885831803
0.02401133704256203 0.6676423561950046 1.7582775920062341
0.02391259770832724 0.6725954676509415 1.7395880294371209
0.02384124990419864 0.6773451561272572 1.7399586694727978
0.02415195019012395 0.6821903469082274 1.7933693486416706
0.024222285062708432 0.6864191856619789 1.9239477398363984
0.02449054905312881 0.6916805869845322 1.73584321833375
0.022594320387810986 0.6946687671355852 2.25895664331467
0.024885720347147727 0.7015534556773084 1.5398551970849967
0.02375739355435086 0.7050532859599704 2.0614292288525635
0.025192856335597896 0.7066770877128563 1.2799795837545944
0.02508613222658887 0.7109506590984269 1.7378439100455858
0.023208782046381632 0.7145181570008436 2.4544578329993216
0.025785223471128015 0.7261584530043239 1.750377102294356
0.025574145300372303 0.7308884122032367 1.5739432589585711
0.02567973050419925 0.7358015475716411 1.575200538832634
0.024665584258028617 0.7396985895316054 2.0653998370882256
0.02683934247194031 0.7452461868531088 1.4853918249201408
0.026852526541347843 0.7502650647829952 1.3627763571931872
0.02448582366419941 0.7539959028655757 2.40102682496412
0.02502964180641904 0.7594429777133379 2.5256477054055124
0.02584927006938101 0.7644533917256915 2.043822265696234
0.02555754227321111 0.7690244321847424 2.3203661064039363
0.02773788877915553 0.7749709136418211 1.8541333967173723
0.027140655857263246 0.7798675592457586 1.9893578970849184
0.027692594711523244 0.7851404339657455 1.8426965000633573
0.02792608490295559 0.7899267116563617 1.7071958839651231
0.02815693085775592 0.7944542288386245 1.6968770622148948
0.027141158143803527 0.7994560229639681 2.204993132482864
0.02831030204681223 0.8048043795095489 1.8587149135033847
0.02844974642209605 0.8091481974913679 2.0197558174837207
0.02877607291188938 0.8142591116933201 2.161605165927989
0.02887453121897865 0.8190196569903171 2.1657396463349072
0.029050636947134167 0.8236807588902084 1.610347509794189
0.029066931324195463 0.8236957678431371 1.5644255310739277
0.028766611183367707 0.8286497496863416 1.927087239080352
0.029039694941858925 0.8338639883013277 2.013517570138818
0.02759512303060108 0.8385105305173765 2.292573359049135
0.02720523978377188 0.8484613199027567 2.1639730430331885
0.028414248730096126 0.8530730903445295 1.634562391332164
0.02853382724510567 0.8582811816221241 2.0596781403967808
0.028797536599584006 0.8628387168152087 1.5554318493018162
0.02782418523238012 0.8684068442759414 2.248331107177521
0.028786632651199406 0.8727467921798441 1.5017523776417756
0.027317277578095656 0.8783094915079879 2.155382983442395
0.027040701831115843 0.883375751868962 2.269486553743134
0.029021795309146562 0.8875924549514889 2.280808199766008
0.027658148483502232 0.8928366615325082 2.36137010492724
0.027341930452528036 0.8976771661245408 2.6127460427341958
0.028965524486852405 0.9018475643228772 2.5248091485699216
0.02907435705102468 0.9070108407567988 2.458368107802951
0.02956561035412758 0.911994728347475 2.4626849678957923
0.028791851264653726 0.9173540778681804 2.7583543016038954
0.02937881939792736 0.9215339272238086 2.321443292865108
0.03006392335930785 0.9259436383023628 1.7720819648760713
0.02901330989211792 0.9321127135817394 2.4398266615574347
0.03005682804412807 0.9363285800881748 1.7960929547346882
0.030137661715268882 0.9409139249946218 2.085965736280824
0.030321513132592463 0.9407667142256718 2.059224428176408
0.030039700839099518 0.9458407957432196 2.6686332899395184
0.03023276507068523 0.9505848094806336 2.8181150596273388
0.029646428545821838 0.9613832082321878 2.7617649175737755
0.030767504044285188 0.9650762197203506 1.7976893599920098
0.031067060592199658 0.9696502885963584 2.2972740728306507
0.030798732228490774 0.9751233929974138 2.098730981922609
0.030369938137806807 0.9808590761196812 3.0802549287488348
0.030557702986385826 0.9853189318109576 3.051947139082809
0.03119368242727255 0.9897096208511657 2.9216561837248225
0.03143907367682846 0.9943876626425912 3.01387334395316
0.031003644073926636 0.9995839181106658 1.9334353419012844
0.03136126580202009 1.0040129020626285 2.775651835996645
0.031318706994835584 1.0088546456548215 2.960003404464936
0.03029357263034155 1.0149982878344141 2.7489539917646213
0.03098409168064331 1.0187121076825134 3.062158659291172
0.030778948140141205 1.0239018167926432 2.9680505965316994
0.03084254050894575 1.0283730571787872 2.995256765485811
0.031409841507385634 1.0324611588640042 1.5464244055694865
0.031375882445490784 1.0378262775352018 3.0071208393452022
0.03087310238199387 1.0433507348569475 3.042167046532032
0.029776230154486882 1.049799050689444 2.7544622551185687
0.031576526906530844 1.0517023587917291 2.469868630268014
0.030499250777586032 1.0582576626419993 3.0708582793844985
0.030318734201722486 1.0585618557297671 3.0457604168982946
0.030582152884157998 1.0630821209382757 3.4397640636145264
0.029973112840180564 1.069036580694173 2.86714279380978
0.03138271216805644 1.0714531718533025 1.903084590225624
0.03135934052233613 1.0816303666474458 1.8702465402642248
0.030306158475197964 1.0882764398096751 2.1885634275189223
0.030744872988333005 1.0928831899608866 2.7185806716904195
0.031631340079878716 1.0967890866651708 3.395181905237561
0.031141485790606663 1.1029789049276184 2.2671648013699564
0.03136166758242332 1.1074231989134986 3.110947015857497
0.03166817258759275 1.1115507242198086 3.3264849574182414
0.031673381921557775 1.1173576527664195 3.457372410387458
0.033029588149675104 1.119245677589758 1.4795641616749384
0.0321983783143881 1.1262001568107858 2.388021794537816
0.03221035489105417 1.130916858679839 3.4373169524320737
0.03216055341058777 1.1361035756171702 3.418636816263652
0.03205985776303116 1.142023587218843 3.5770577691481167
0.032637310278115284 1.1457768154785908 3.300326950279731
0.032420841730731176 1.1508216292500328 2.8247269793702268
0.031952350891642715 1.1568312491650288 3.1355280957221106
0.03259778507681799 1.1596566356785545 3.104508878376457
0.03198556832687538 1.166775927564463 2.4866721945272205
0.032411358345828256 1.1703889779216765 2.3525895861539285
0.031890383642487814 1.1762805019619202 3.4701291870502162
0.031871923308313836 1.176330145554148 3.4689574055072985
0.03198091895113025 1.1803520619327441 3.2171243828641605
0.03225186625858378 1.1842154746970237 3.069225181203912
0.03207598463308392 1.1892679114604594 1.7368000579163352
0.030933092102725983 1.1973683100504229 3.2002013783562004
0.03202216498257615 1.2039249216959698 2.9086853115031577
0.031158283389352726 1.2117108537277794 3.1622447263883853
0.031147807685921125 1.2167005616030977 2.8173638963498315
0.03111225003952645 1.2217346084814038 2.831484563923228
0.03166026482114487 1.2246544070329846 1.3949891397462162
0.03173394215983344 1.229122053149735 3.2199923755950834
0.031791849781904365 1.2338649511757631 3.3024795219339635
0.031658239606067395 1.2393992307933772 3.5119776604442565
0.031188020892520263 1.245824295963214 2.6878976141095285
0.031893913065693835 1.2480135022604308 1.6865614583840969
0.03228835916458024 1.2516608951401418 1.7447277640312504
0.03128699243737215 1.2596426377757672 1.6663500735248244
0.031048956750656494 1.2657201379041805 2.6799522635836603
0.031563799797591274 1.2694901588012657 1.4373406516138534
0.03218640854770305 1.2721483829628608 1.4782773420255946
0.032439612137498686 1.2760638894125411 2.0300854535416843
0.03097408116871025 1.2863244847771431 2.6586027154629828
0.031474815111802064 1.289346706204897 1.7673397961908277
0.03146937867798566 1.2948579416882366 3.2250982719123966
0.03130016952273201 1.2953731790233909 2.9874088005353823
0.03211816582148308 1.2973323584623084 2.587871817879632
0.032121595355107835 1.3023219022147858 2.301469900456649
0.03262197386470378 1.3061024975092306 2.5285231895647557
0.03177793896956865 1.3138190456243248 1.9770290436965587
0.032138739079424834 1.3231040179486664 3.834350690211475
0.03280495653694987 1.326352283237822 3.3819747274212126
0.03219079413226738 1.3341780575132132 2.8824766173575647
0.03307957668199324 1.3350725916341877 2.4546008324403386
0.032274470131834376 1.343389474986059 1.8948928955416973
0.032164722489798236 1.349060494123253 2.8137518548809632
0.032252991798701225 1.3535010093491229 2.026293184764273
0.0323960149857031 1.358211359486598 1.9323552787423428
0.032553300894044734 1.362992440168633 3.17528226614808
0.0332186454571336 1.3655022256251128 2.243296839222296
0.03447286873402726 1.3663430409016468 2.748983575221284
0.03389571253862672 1.374181012771113 1.9159087091828684
0.03327572280658003 1.3826063470505292 2.934210348584138
0.03454492667247438 1.382312058661127 2.3238637347119897
0.0342769037152324 1.387864308963639 1.9075071156689096
0.03434955219123253 1.391770192264687 1.4848638594798431
0.03477189110454815 1.3958204152467797 3.0007761186753816
0.03484905990178644 1.4009130464235888 1.8356256162648508
0.03533469493697117 1.4049236390442923 3.0138383313956574
0.035120288031740166 1.4059123456401776 2.9407510331698905
0.03358087254776493 1.4178080914012807 2.519680810199592
0.035088582941795954 1.4154220644707831 2.9297046756129888
0.035388957462783976 1.4251487540415315 1.1040020428593538
0.03501851845917086 1.4324121875918328 3.1272233816350057
0.03524746314713628 1.4359699727861834 1.8861200749101648
0.03526905240789008 1.4412722876990485 3.170767100896264
0.035497792920282815 1.4459812177438494 0.7928255977204216
0.035755898919314744 1.4489395540846266 2.899730691167328
0.03468645167975987 1.4588011383632862 3.454207402692276
0.03519452597981132 1.4601730177726155 2.2402805908184646
0.03579013960013583 1.4632152828841618 2.984574921442352
0.035666039951328166 1.470007500415489 3.0414594803782644
0.03570233147996915 1.4744500147938615 3.107609127493879
0.03408185991396595 1.488225854487939 1.992515537691825
0.03600315834244566 1.483872140453259 1.1382957336709971
0.03566023128260526 1.4906266034938709 2.256893653314853
0.03664452354724712 1.4908282889183715 3.177071180364932
0.03607484890516538 1.4993961981095398 0.2562823023574613
0.036310597365349966 1.5032853383214029 3.0362781059061144
0.03672848427378045 1.5059639818719481 3.1305061160936294
0.036667642406165664 1.5121408743571494 0.4809006917328502
0.036469466605704604 1.5182213386759567 3.2347409302771486
0.03702347451305399 1.5210465874871812 1.155580211992425
0.03699602468232417 1.52130147256192 1.1194827839949422
0.03649117088807896 1.5295394816872347 3.3138631074700573
0.036697311532677024 1.533518130344388 3.8817053573780265
0.03495620753307198 1.5486389059119052 3.2849546635446663
0.0367704687994953 1.5433556340229402 3.2948512974946023
0.03637338699745346 1.5551567530217298 1.740816061426906
0.03635856980797887 1.561221948040164 2.9136501865233515
0.03735105610623235 1.5608065776555202 3.689633139048277
0.035224444076040584 1.5798185425656537 1.7007604887675412
0.037102486574287885 1.5731498800011077 3.334993297102655
0.03763808174052241 1.5739055929845889 3.2629916848722447
0.03718386819565445 1.5817951378081148 0.9935181033705276
0.0372597935842538 1.5869297610601487 3.5293827433755083
0.035798935146432065 1.600160851424797 3.221563853063696
0.03697011602730205 1.5987590117125792 0.20789359118422904
0.03723820458681787 1.6020502569254351 3.196054377897095
0.03752079075900583 1.6059455893227628 3.2704200538653465
0.03718072377254822 1.6140483864333215 0.5645347801234296
0.03811121980429722 1.6134944816684924 3.3395777855717936
0.03501289154427612 1.640096138608399 3.764521432553156
0.03818046308823375 1.6245413996684874 3.3078777327678663
0.03764318771455177 1.6338174983311458 3.546646461940356
0.03781831509033917 1.637190827747049 3.353741911981872
0.03864093783729061 1.6369483555506474 3.3193745631338114
0.038639690358944316 1.636955962537434 3.3213877191041368
0.03805014657616779 1.647439608108628 2.869965968241416
0.038194286358025686 1.649777698391058 3.179219434272322
0.037314129733315486 1.6634258382842575 3.2872905581328147
0.03836559253425198 1.6620997544671836 3.1564245418399213
0.03800837935515955 1.67104576273992 2.9231968886488486
0.03787115625491355 1.6721003745988139 2.925532182487671
0.03754296860331408 1.6837578585506312 3.0365512357757805
0.037832070406850105 1.68737104692517 3.2922718975397545
0.0384476049180772 1.6884555188297683 3.0318739757833537
0.03746465772836505 1.6989153368500425 3.080695659811551
0.038287316936459925 1.695770643903228 2.887016183634012
0.0376616493321863 1.7059523854510494 3.1473273709097205
0.03764236368443585 1.711310803173682 -1.4962302898745448
0.03848597876309656 1.7100266027474402 -2.13425801191152
0.03738848320333177 1.7227450935039574 3.1403279230390067
0.03775010606659912 1.7219642963719377 3.3550761883226428
0.03805190208536946 1.7231653137295018 -2.0189808302290064
0.03472354236983366 1.7493036795270005 3.6002377808462507
0.0373859244274225 1.729732941775382 3.7260400446363504
0.03724858810593601 1.7314025218013025 3.3991892498813385
0.0369238262335122 1.7331555864531931 3.848393133329256
