0.0008388155633944983 0.005458584376784922 0.042182205134453664
0.0006237634827573258 0.009130265986799816 -0.15610125734797195
0.003264529388817871 -0.03770452372134925 1.8492295019830312
0.0013419736158726938 0.015547803426974328 -0.032022268764532937
0.004291915760316326 -0.03344862516987837 2.292974048230836
0.0017269522425995573 0.024268372495253848 -0.09868422207340784
0.0018741391517607398 0.027849140425021242 -0.12441476089823418
0.0018831938122469954 0.03390760365219998 -0.1273000734069122
0.0023134876997169427 0.03788453518072179 -0.2683275174162833
0.002680017383315861 0.04155695095348296 16.080558255265885
0.002986437593379995 0.04737472640568577 -0.29781980739854697
0.003323112397155132 0.05315921694723321 -0.27401341950825303
0.003993226040538051 0.054890478127452576 -0.004962436307869918
0.004352378007871702 0.06124493904946729 -0.07663596391176118
0.0046711725691638215 0.06677443711447406 0.00637852563214624
0.005050802556116413 0.07176281554360793 -0.15736480782242934
0.005230945871322109 0.0763628999331253 14.915540645366134
0.005637602135459007 0.08150606566535702 -0.1443870375963035
0.005994693848359104 0.08634079072724038 -0.221911626528254
0.006468346267994942 0.08843290318178959 0.07531525807279625
0.0065409828439214395 0.09640021422186386 -0.14179657071546886
0.00721161588472618 0.09707650712202293 -0.004555315613294141
0.007160960521435434 0.10726470780542834 -0.16589267424394755
0.0074356943148661215 0.11183475194497497 13.83448645990814
0.00783268252652158 0.11652977487628427 0.154671133815019
0.008309291494119901 0.12172002196352966 -0.11346768504158172
0.008675121026987255 0.12632193766028113 0.10832231789483676
0.008758577350558502 0.13008664366391995 12.987223559827365
0.009001136998990505 0.13588838667065425 0.03771051791988423
0.00917704327188322 0.1399493288400251 0.2280669812000353
0.009394168000912 0.142617250980323 0.20567984813744927
0.009222045528015041 0.1496651295952621 0.12279116756453165
0.009543202939344473 0.15455068667862387 -0.03750986149185522
0.010124705612695116 0.15702307943531418 0.24504352471137456
0.010098116394320657 0.16355075200464847 0.3066698089000173
0.010094982391766795 0.1699541019915852 0.05150557824545747
0.010608900802190742 0.17092755703961138 0.3055956855087472
0.010866032316747223 0.1777529606375679 0.4251477843932505
0.011353930470745136 0.18056137538105727 0.6182109820620145
0.011669071256944406 0.1867453722086322 0.3131298358958115
0.012201977353456836 0.1929929088407476 0.3837140498717645
0.012990081035686642 0.19387427007846866 0.4687048381526689
0.012884151613062354 0.2035694490815541 0.3297221177516148
0.01311370421591556 0.20830596020181225 10.71476084982743
0.013487500469421355 0.21463333299431586 0.08491584238237729
0.013955656508059735 0.2187603183378193 0.1305880662618711
0.016299629747599645 0.19802960650553106 4.183954756452954
0.014582363862753134 0.2274760312078238 0.4036191979674535
0.01510524524632998 0.22987508303252896 0.4645134864688712
0.015384909566358025 0.23652338493561464 0.5813828898419083
0.015764369238039706 0.24215316358696096 0.5058407070944106
0.01601085871324065 0.2454478984313051 0.5753852372024457
0.015722792066627432 0.2529087829404349 0.35978007190758154
0.016549772211385157 0.2533929643254363 0.6992830125503
0.016691799025068118 0.2628769444401513 0.5449189016232321
0.01817325665326968 0.2543774434014013 1.3737840706923106
0.017503029993977022 0.26828011113922257 0.7813917935458932
0.017364129788325425 0.2770565198333317 0.33571742705979696
0.017721067744285973 0.2818293373189832 9.139319944158798
0.01859876568691607 0.2835974540290709 0.4095384706959793
0.0196552197892048 0.28179178170889185 0.8775067792069741
0.01900895181321929 0.2959512324607488 0.5149589510138568
0.01925248961606356 0.3006484320206681 8.86805507270766
0.01993278340286482 0.3028910731584379 1.2755923256195238
0.020144323412779042 0.3088839129861307 0.7975294660041995
0.021050447953692663 0.30408558244482203 1.8770062101218217
0.02007774171191344 0.3204433369840227 8.708245810944195
0.02076064372205416 0.3233985656765913 0.6767430777776329
0.02185123704096104 0.3184062154972884 2.4502686600247165
0.021140544520298232 0.3326355394301723 1.0882745304438672
0.02096849962081014 0.33986350398564513 8.178852450542964
0.02211031695598134 0.33224130107623945 2.0332411123777803
0.021952908133181258 0.3384626395372092 2.456453302117513
0.020900431594472163 0.3537386135227185 7.808294283552347
0.020991680029306056 0.35880508255649385 7.564798366648875
0.021391555814078568 0.3621520905561221 1.278671125830996
0.02156867216129127 0.3660833188845142 1.1363711394347864
0.021668123725324825 0.37289497331821375 1.1936164957784392
0.022135350623353714 0.3768815091595173 6.601878372316652
0.022167473766173985 0.3832089586034727 7.123945631865777
0.0223611350289398 0.3881846157756125 7.097423266381383
0.022842637135497987 0.39112212678755615 1.335588795563748
0.02279700566394545 0.391460525764108 1.3250512038618554
0.02322975313634492 0.3971432891340938 0.6425481704793821
0.023089106014714908 0.4088574622509602 0.7550832076225907
0.023975045634916745 0.4087032431932173 0.7984273011611022
0.023801584924092872 0.41633871326587857 6.074467055378008
0.024746525953534826 0.4140571111094726 2.5707322724893777
0.023961477087311 0.42589178048259824 5.873170729054105
0.024066656476054767 0.4313194563582316 5.708618514187091
0.02420862820640976 0.43771180090635936 6.517107858307768
0.024652874286491905 0.4422996312336409 6.395949882917753
0.024995348303748933 0.4459936766456296 1.0000834323400738
0.024946130561829927 0.4523272219840077 0.8892977315906301
0.026184241647989458 0.4488817531859213 3.8220980139165737
0.02567313356153239 0.4600196848214302 1.1922049803010502
0.025662206489125542 0.4663610556925801 1.2890405884407232
0.02691856454120338 0.4639935864139618 2.959768306329252
0.02704736814325684 0.4717644375173511 5.063652639067584
0.027723057403307327 0.4746451679806714 2.1028821600236483
0.02705054453048428 0.4847631296372895 1.4112010531108532
0.027208451484199897 0.4881545976884197 1.8927910096332663
0.02689578321835348 0.4956558562237148 5.986417900507751
0.027134622882643816 0.4999541278360895 5.909551953788995
0.028139664186631608 0.4996511821019905 2.2120311961636414
0.02764213269927511 0.5081211239999389 5.211649418938719
0.027675577444259872 0.507947764740748 5.0223571005621785
0.02787359211689662 0.5135380663012871 5.479465908318199
0.029232428885848764 0.5177294447004495 3.3511734494696164
0.028464715145839037 0.5279857545327149 5.365525215825048
0.028827218424343992 0.5292796341748454 4.468317406968435
0.028842419782496107 0.5356238992028604 1.6415616470997416
0.029257068499619787 0.5382118970368194 1.8020672777077231
0.028472812540626637 0.5470887898338802 5.222905937368271
0.02914825782290412 0.5482997486757363 3.4632580468199485
0.029014234015327905 0.554305509776925 3.4273372576876446
0.028475229131123405 0.5627879165614723 5.115151274204282
0.02935987620336733 0.5639331219402539 1.7870828460889343
0.028825356382960108 0.57208778411936 4.689320313566799
0.028973639665818143 0.5761929754812383 1.5275865211975372
0.02887540728790572 0.5815135805681844 4.786632397430687
0.029041495533705525 0.5863836336590057 4.6289256686570965
0.029333381038231108 0.5910267231524959 4.069540118560534
0.02977408790047745 0.5941781190884603 2.4175726104431545
0.02934028168448638 0.6020504426208758 4.827986470724375
0.02961365129474328 0.6065854127608757 2.016028133108384
0.02981883440237465 0.6104815671955754 2.1424593575738826
0.03012354466821368 0.6147569438122169 4.293689664491719
0.029999070260223918 0.6206524060314991 2.3905558429064646
0.0303255079376748 0.6241763835058395 4.454895689885994
0.030184750312152425 0.6249044994606024 4.713485497983315
0.030665552118924994 0.6290131116352332 2.81408792975975
0.031162549779536117 0.6394584373077512 2.148810688780676
0.03183056900344605 0.6423983728772695 3.055310294904165
0.031397434358685215 0.6494563759219937 1.9683115978711712
0.0316457243734794 0.6538253102540671 2.3957398928623834
0.0317928614900008 0.6588252235935881 2.224374033490014
0.03192635403076408 0.6629789474704865 2.6725092065763234
0.03190314758403978 0.6675467671837425 3.719686214145783
0.031945318774459615 0.6731063861564804 4.055354636480342
0.032357793011888625 0.6777101773558004 2.427071531050419
0.03279859810873531 0.6813082136575568 3.22196508848812
0.032812496725780266 0.6872841300600095 3.0833337442740665
0.03307777311621585 0.6919667053031943 1.9006310567249616
0.03336772381605005 0.6966411307817866 2.444849412153694
0.03376519552844512 0.7006348690343596 2.459359971970536
0.033597985671892816 0.7063510044435909 2.77451975534759
0.033806713837753244 0.7113656980842081 2.560054941936272
0.033732555238226485 0.7176017267339649 1.9896807874073368
0.034050741152203134 0.7220898380845915 2.540307473175229
0.03414258144358809 0.7268298005899297 3.7362432181602387
0.03424974529350447 0.7314173989992455 3.9347830001926947
0.034588696622014165 0.7361802367756888 2.9963405611344207
0.0344664627940367 0.7421326964723246 3.6830364329385366
0.03502148605527597 0.7403118976860804 2.9850482812198145
0.03425654665760613 0.7478678988654545 2.132123516649282
0.03464290659150848 0.7573108565204965 2.341751680543562
0.03492219069565372 0.7612082157238645 2.453046246235893
0.0347603628721288 0.7664393780578772 2.4951872276967992
0.035000247223445 0.7708910522408501 2.4681427348346854
0.03490056194990604 0.7765523063894421 2.4421777843867503
0.03492562997802268 0.7812094968001118 2.324904023234293
0.03454394906052513 0.7864132285179154 2.610847221800644
0.03447937212188173 0.791355586516991 2.8045345707241194
0.03469417736084249 0.796459994927111 2.4526096687666823
0.03547103876769181 0.800698887200727 2.3317930918487817
0.035476022457732286 0.8057984339179967 3.1291343045742614
0.03541018479612895 0.8109943655659047 2.679626366396218
0.03521621467762706 0.8163497410850459 2.6580917450577672
0.03590048228535705 0.8203741965445631 2.5000476799478006
0.036228708624716784 0.8257454170954577 2.6939224063298144
0.03662616886069428 0.8303976038575427 2.8192520603555256
0.036506611448753216 0.8356997230306662 2.696931113172049
0.03683519417063613 0.8401987968622044 2.48794944511334
0.03683894863459622 0.8457731460074056 2.4602192613405682
0.03735702950456385 0.8503925981973063 3.0176704662284917
0.03727134907817154 0.8553548277374907 2.6625233894485154
0.03728236163887591 0.8604378647623799 2.6213923593613293
0.03753977979218856 0.8654045679346523 2.489997199318504
0.03798339803788362 0.8697704350093481 2.6031570680842187
0.03836880758380906 0.8744972049381671 2.5240332399686665
0.03832040753100524 0.8803077974635051 2.1250603484142347
0.038361876892336916 0.8856302127978867 2.125205949897353
0.03821049523578007 0.8905349747032104 2.605135519198201
0.03886825198484248 0.8945473992349193 2.1918623180110166
0.03907336924439364 0.8994691122258374 2.4447395347175487
0.038751601311202144 0.9052640012438576 2.6846402273713914
0.039093787072887576 0.9096867330066506 2.415825107860136
0.03906641375681347 0.91457973992122 2.4165549097115515
0.03883652272314081 0.9197548535732004 2.534230267739186
0.039010677549122574 0.9250769693771675 3.0070180664413484
0.03874346144153426 0.9305357933888168 2.487956875282765
0.038782108173516905 0.9356238927983828 2.1310827060371467
0.03893298714553475 0.9405100981524118 2.687272606187884
0.03922200926753528 0.945436451349229 2.4317314046574316
0.03918461994457738 0.950666094845912 2.32654794165594
0.03897465741497549 0.9555220151145104 2.2773142477647523
0.039403815011525865 0.9600820434716564 2.443873760563456
0.03985320132957093 0.9648376911251464 2.3198358868578444
0.03943757439924847 0.9703551658483092 1.9439099706993783
0.03922647530099704 0.9752657232858926 2.196655058621829
0.03933096601213404 0.9798926530771744 2.4675009773856105
0.03943612148433676 0.9800390542403772 2.4376748229938303
0.0396931282632291 0.9844742289682972 2.4749606662091423
0.039804359908481135 0.9945532528158454 2.187211651925029
0.04002074771976194 0.9991213838792676 2.2299485478051757
0.04016001309498824 1.0038488574684064 2.1362061280802167
0.04081933231864082 1.0085861485612484 2.336088118982257
0.040121832454251605 1.0138151229401566 2.6216422750521104
0.041004490998716336 1.0184989551204586 2.4040493573420827
0.04101955065226548 1.0233059113091256 2.2863618364438576
0.04110038256435728 1.028175037629367 2.4510892181556767
0.04155158182371715 1.0331631457859043 2.2916518811763
0.041545666434347095 1.0380506490494037 2.3718335138775903
0.04189380112070251 1.0426143774417074 2.2563184371950338
0.04199032848804046 1.0473215465820942 2.3421047785186118
0.042244383994169854 1.0526193204157095 2.2979348205425705
0.04202374081502591 1.0576202656356035 2.422025405367286
0.04203251324723095 1.0625272099130676 2.2275120745265258
0.042309652004711984 1.0675692440232074 2.2223078606522595
0.04246279835247674 1.0726614074685754 2.4340324095181605
0.04249502526994869 1.0777457622185245 2.574600205894354
0.04244013175841 1.082336774856662 2.454432877970026
0.04392644507057425 1.0878115307292662 2.4979414197375576
0.0436975678231441 1.0922512202508958 2.310273399413364
0.04323285304569452 1.0970757381401413 2.604561943706423
0.04302069123447089 1.102049859031631 2.4500864883985307
0.0430741553069916 1.1020793312794115 2.4716512819617584
0.04347431439590621 1.107013035790408 2.579331629762797
0.043898167343661136 1.1174726687464875 2.6854796889290684
0.04361132360088815 1.1222083212942258 2.6125269846408163
0.04420849542805644 1.1274906939493252 2.5065799313095707
0.044289308799189415 1.1325752382298528 2.7862150552967546
0.044191229007450095 1.1373917867501764 2.4126723813763893
0.04409334229384981 1.1418707646389177 2.585534960264716
0.04459487512232152 1.1470445917980807 2.9196038569738607
0.04427905124109771 1.1517393538427243 2.82235036589673
0.04446013902635493 1.1569550080168716 2.9103034379638166
0.04441065637950914 1.1617806027971194 2.887640635994813
0.04562751611371242 1.1682691204592237 3.0124841518367202
0.04470713124111042 1.1718783984992571 2.810364060466497
0.044592228944470236 1.1766353715913525 2.8320996935834644
0.04486336222342502 1.1819825972833065 2.565367610189905
0.04454375470022515 1.1865206852851309 2.7797150877307266
0.04467773180760315 1.1916489136099182 2.4272801224427902
0.04454834497051418 1.1965524414635549 2.840534121696025
0.044395054086746655 1.2009301159262522 2.6146304126548614
0.04471593744833141 1.2061548378142921 2.6914800027733268
0.044689105652104655 1.2109155875794484 2.456003483723599
0.0447208765006068 1.2158034378521505 2.375191578297329
0.04472165865564226 1.2158226476462013 2.391091605127848
0.04456945384196692 1.219836237142763 2.5955903243754297
0.04511006738276363 1.2252229389303737 2.716106600195648
0.04514268485441692 1.2354301287612566 2.565369026643445
0.04518349957661544 1.240491473030972 2.5450000319203845
0.045107808576099306 1.2446867670470183 2.598827171153048
0.04532834430970945 1.2494871723238703 2.5049235925366733
0.04541241361024928 1.2544910255202948 2.5633155291995524
0.04586975220279715 1.2596931706251362 2.533609073878589
0.04712988831377191 1.2673437095631337 2.458642756182396
0.046241569538627736 1.2700290478063196 2.568634780155216
0.04737633449300599 1.2777048538339757 2.498407847623429
0.04666880745542135 1.2797182888323972 2.424573174162358
0.046858819234080695 1.2838443056876838 2.5007238948115735
0.047276113940963316 1.2893763519691368 2.5440431995494266
0.04682637951674229 1.2941367197844464 2.3889424843740192
0.04719984375762015 1.3003552777061247 2.6176663535173006
0.046927072568864914 1.304205374287211 2.184226808923293
0.04710928381992685 1.3090940640395163 2.302547432886461
0.04711556357388552 1.314072370728051 2.6787764393179256
0.047724553170539086 1.3209914444667643 2.7253127529012806
0.04763177920794892 1.3247412084180985 2.7708858542156483
0.04774676926821725 1.3290707975825329 2.6409477919120294
0.04789699841391026 1.333645967734648 2.8228751598830963
0.048123129025340335 1.3343866267563869 2.114931581025742
0.04789715238863584 1.3387781907647345 2.8527080120379504
0.04829436753896327 1.3489062295569063 2.714723337021442
0.04854326036883644 1.3542169109474012 2.7618968907770687
0.04867753574737893 1.3592807269757556 2.7377230336020366
0.048686870041605816 1.3645256093584082 2.7447323828837384
0.05031305440894862 1.374739286719688 2.620124052553765
0.04836373652561038 1.373042512082394 2.590084907546005
0.04852309824159684 1.3785534181947272 2.0613105951532806
0.04836651112067575 1.3832349467827785 2.5750520978338565
0.048523917930792304 1.388353478540303 2.5621611957758006
0.04825399477025544 1.3925543124503477 2.4162451993504392
0.04852342143521793 1.398788616208856 2.4457322326841204
0.04878708329353987 1.4046590946676796 2.4590661324235223
0.04853143128340148 1.408470658030349 2.6356056518621007
0.04829883011992076 1.4128310808508255 2.558168150041168
0.04821116825075017 1.4173918788030184 2.5353711392898206
0.04851105582028742 1.4228647856603265 2.4648178315135563
0.04850923344984327 1.4270090345922657 2.5291950617672936
0.04896387868755425 1.4323794691864338 2.6188164654776536
0.04936009859187923 1.438121940067639 2.662449911149392
0.04889343149549519 1.4406299683970265 2.611648073063415
0.049523873037413235 1.447444525288098 2.60372002461942
0.04958322061507581 1.4519354712561812 2.4982239176255776
0.04973086388499398 1.4565007073781169 2.738386795534585
0.04981742629198843 1.4568458838020706 2.7129057984878404
0.050151772756303836 1.4621869326945796 2.851524078100604
0.05021336761351775 1.4714952239032535 2.2470880947043868
0.050507571884255864 1.4768401261566753 2.595269175206859
0.0508236744396563 1.4820458874860016 3.045749829864016
0.05066708412047166 1.4854040504114014 2.99505125482925
0.05050043918419361 1.4904225793734398 3.0879287056653024
0.05059995546466206 1.4957883577164799 2.9792723663068514
0.05043233166341593 1.4993551820573483 3.0017573067131447
0.0508671779417228 1.5050037266695142 3.0148451109695413
0.051150088501898734 1.5117505947749237 3.1344757628319133
0.05088338864821251 1.515501310753167 3.356552986774379
0.05124824191729743 1.521644264253978 3.2655599319456856
0.05131793459637896 1.5256521208930516 3.1839324088900045
0.051541934357925916 1.531842110222115 3.121456937927297
0.050697843561331835 1.5344188838671915 3.2835707850576537
0.05107778877251101 1.5409606263130633 3.3369902954228343
0.0510872589949653 1.545551628962925 3.2110950796654216
0.05118748958499248 1.5510313301861989 3.2313811977258537
0.05053498669612293 1.5551965838457067 3.228628054894005
0.05038403357541832 1.5605397045746097 3.426044261841578
0.05010445338554348 1.5634542351815257 3.4227221206705027
0.05045035910242302 1.5696598788611529 2.8134270125752687
0.050442320650662835 1.5757359534912925 3.4375224077216404
0.05048462207482346 1.5759002713997794 3.504581234597861
0.04997242039260802 1.5801185738425347 3.3358281170158897
0.05007367290101911 1.5900816612954518 3.3544355159467307
0.0501573600369214 1.595611609658084 3.498294641318314
0.04961494264074079 1.59832239145899 3.41184964379625
0.0500221006943235 1.6061009864203832 3.3214888554710345
0.050010713510935945 1.6093417838425639 3.4028880726618325
0.05010683991062215 1.6140155917380223 3.3619605103111785
0.05013219402359542 1.6194339780427849 3.457166183954381
0.0501699684879795 1.6251723409191976 3.488880972735995
0.04993375478995665 1.6282655478935244 3.3554485515524664
0.04987943117832494 1.6341562911009035 3.5389479547440374
0.049961933437920825 1.6386767765517778 3.72993991613352
0.04991971872146039 1.6427885837176606 3.7934460822149134
0.05032050073568445 1.6497109312244436 3.738500818650228
0.050034438295743285 1.653208635081568 3.739752302121496
0.05005611704845947 1.6582384963584709 3.751863675681956
0.050203006429627765 1.6638079768418403 3.744155393358053
0.05046304553285957 1.6690485139277005 3.8397554359954498
0.05023197770515453 1.673109382814159 3.8538180477326303
0.05001398277216934 1.6770100754415602 4.015915096931178
0.05039711468258395 1.6845903962636826 4.066514267207033
0.05040011769565656 1.6885939386600914 3.7742432442620486
0.05035409529957041 1.6882350730787696 3.7911373109029327
0.050490532785120334 1.6928834798762118 3.949595758501858
0.05044334145472945 1.698239158194601 3.965296426379545
0.05032297439797123 1.7090064929277475 4.068651316743029
0.050067244701126064 1.7133097655875158 3.929021338810973
0.04999523336620276 1.717871428628266 4.047545183427629
0.05000268232025473 1.7221131506262548 4.097969325927759
0.05021150126708307 1.728037479072832 4.122906691372196
0.050133639426895193 1.7333322647359557 4.022839757384312
0.050072092339456975 1.7381940966183735 3.8789196120829534
0.04990347616468616 1.7409924283189062 4.236060853791136
0.05034540999372106 1.7452403233805087 4.742918348553932
0.05093000522357399 1.7482101664586331 5.230181699763678
0.05163337890129999 1.7492400808958068 5.607137117738674
0.052767157723622886 1.751035166513789 5.8788721604242085
