-0.0017151298699449944 0.007171897953230248 0.6717009887915394
-0.003317503787703657 0.012897468053408537 0.8044544919483307
-0.0027504318591714053 0.013704011857756085 1.1429006824065524
-0.004721299831142025 0.0212995036452199 1.156020114748349
-0.004862019193002205 0.0241698255096528 1.3531951260938586
-0.0053942531156542465 0.0286239249170252 1.5808470384228754
-0.005430012179804053 0.03167611937552669 1.6586958354843155
-0.00875621592312978 0.04539592913286153 1.7668570015406928
-0.010960295150585943 0.053440591160062036 1.9863138456200828
-0.010824529318513227 0.056887621606509176 2.156319298022877
-0.011593377155822496 0.06183734688906437 2.25848388118109
-0.012760285644811707 0.06777750734513659 2.308703551722495
-0.01264483628539113 0.07186118543980738 2.7768945474657616
-0.014140801294594038 0.07918283436955886 2.697053588060578
-0.01605333811025815 0.08658676990603192 2.5944982569619905
-0.01605333811025815 0.08658676990603192 2.5944982569619905
-0.017072265682209944 0.09269691000368756 2.9664024224917704
-0.01834891028801536 0.0997656042041005 2.9635795809276746
-0.01944393122954021 0.10547655919710053 3.3905236299556973
-0.01904978175917918 0.10796544706583394 3.8547885458851554
-0.02147998150380324 0.1165813331870402 3.684517926186351
-0.0226951461036554 0.1224191074632976 3.8661146293270847
-0.02423464318578229 0.128271396476599 4.096740055872228
-0.02543330251139555 0.13341118204237085 4.3745608846734445
-0.02642154498504353 0.1381139970064636 4.5824452352644265
-0.02800498522215604 0.14469463989869075 4.7056308658044985
-0.0301318292941343 0.1519686556665481 5.00712343018734
-0.031683585503784265 0.15802371881585398 5.402955562345881
-0.03310794224412693 0.1636939759530207 5.51421972694346
-0.03518796610470844 0.1726799881727577 5.573788129364102
-0.03632547496494723 0.1775596395906901 6.058011609538194
-0.0381938974891225 0.1839727081078512 6.201827314118162
-0.040797682270998295 0.1915108891555698 6.514783304881492
-0.04213332330611497 0.19687169188050369 6.544544629800848
-0.04327547364029041 0.20160305123051744 6.645162721484272
-0.04418102010640358 0.2058609151582733 7.022322697531892
-0.04606634378523584 0.21214226635491407 7.009703324570178
-0.04854267046711215 0.2197905300912555 7.2870708688182235
-0.050628492908531365 0.2259238445874953 7.4339377567372535
-0.0506314209843618 0.22592970111115124 7.432947705689306
-0.05310164313233312 0.2335470890077461 7.74528218532855
-0.05338010240260492 0.2373358212759769 7.681129281009048
-0.05506821752762349 0.24357881855112096 7.990312527952229
-0.04132683624502735 0.2177954507444262 3.4393767565069817
-0.058979105282489175 0.25651735418552435 8.24571951927671
-0.06027883176785369 0.2609911286342672 8.43810235991517
-0.06236577455418495 0.26755073858186396 8.540223972917168
-0.0641758374615439 0.2731163018132481 8.808530776471486
-0.06590469070442727 0.2785259736272827 9.031343066102732
-0.06753210361027852 0.2838622853071253 9.280983368837935
-0.07003609342988472 0.29081989580401657 9.30290805803332
-0.07221783471386567 0.2963461239381993 9.583155510162774
-0.07397851977325945 0.3018348432023249 9.724675831426733
-0.07540045437915963 0.307017345845939 10.070469337078043
-0.07910643950651887 0.31745416054260656 10.47603398982892
-0.08119678154943502 0.32319678684968745 10.657098047820275
-0.0837968234482819 0.3296514396096911 10.95673370256111
-0.08566958997079227 0.33460342869395066 11.206199842111237
-0.08776549316312399 0.34059545871336905 11.20266873305618
-0.08923020409939958 0.34529361540639025 11.49394730649996
-0.09138511688751548 0.35135296403100025 11.776705998336654
-0.09319165332454052 0.3565703703178113 12.038142317833815
-0.09534622096904398 0.362197160850635 12.23724702110118
-0.09522501103192392 0.3619260403286668 12.161930447769663
-0.09749087704702827 0.36810110057139467 12.379217254403207
-0.1001016017466145 0.37508984371908427 6.080534794537193
-0.10159591503473787 0.3796547764300929 12.80835692367003
-0.10364786169068374 0.3854337640522537 12.793396474426586
-0.10669384577349317 0.3930304044026911 12.917605531617813
-0.10848631625573316 0.397610702838557 13.171748229517592
-0.1106823227938782 0.40328001095154375 13.394382692271776
-0.11278434997397335 0.4087633578002569 13.538926180896336
-0.1154415060546787 0.4150280449203004 13.6013870355381
-0.11683457873640525 0.4186107772271975 13.741674185796088
-0.12007450122053308 0.4259055947357666 13.942128853795516
-0.12217265964160552 0.43130275766014936 14.078459819815096
-0.1244593841900779 0.4367194791803077 14.460796871668904
-0.12621740769058593 0.4410161752743263 14.555383921105301
-0.1163960517049199 0.4231137787174217 14.087899578464556
-0.13445032759990094 0.4585824826245928 15.040228372053795
-0.13673332876423205 0.463309093723255 15.292151793628767
-0.14024345327008747 0.4708353712399616 15.548155127767036
-0.13606573516712728 0.4639889555548416 16.00527978770913
-0.14380987606660206 0.4787691933008936 15.930893251415466
-0.14730770455453396 0.48540979911247795 16.240178208673214
-0.14877955160911271 0.4890819751863851 16.436260773122605
-0.15157019719165266 0.4949747734208169 16.60256367750094
-0.15156843572700554 0.4949695634615604 16.599879298572322
-0.15490039821902565 0.50158999920447 16.772270240268536
-0.15718391321678987 0.5062155668990489 17.08125375978543
-0.16045159545256465 0.5124420541785127 17.31376830800314
-0.16263922559803565 0.5171309864695335 17.627246656206037
-0.16621280316690146 0.5240867859642353 17.79733807488781
-0.16856736370328293 0.5287149530218194 17.968592447489247
-0.17163944002788992 0.5344685032215712 18.22812523514701
-0.17335954462399195 0.5379158541582597 18.453037599572802
-0.17640770809776166 0.5430326607853015 18.462524848632647
-0.18057568520129308 0.5504170186422914 15.583790840676578
-0.18317921191578365 0.5550764046492005 18.855211807752077
-0.18574003534080727 0.5597172197151088 18.96976760799044
-0.1888492263502272 0.5652124972867336 15.632763023926705
-0.1919041134950904 0.5702396081759586 19.394431971142
-0.1948306954057091 0.5753122599918133 19.66967279839449
-0.20067380944164065 0.5860396500585852 19.88641250607111
-0.20348668950318616 0.5908949073999535 17.231265949719898
-0.20505581918741192 0.5936996363354303 20.50593911221304
-0.2092801579657685 0.6016327489845026 20.597161729303853
-0.21187013715069225 0.6056991106724233 21.014865555096574
-0.21517006918150874 0.611434012615542 20.922976909062378
-0.21697884230849213 0.6147200236748316 21.14371787609712
-0.22067992319656266 0.6211945013642224 21.363142166958692
-0.22101618783469965 0.621786998654859 18.811374158621767
-0.22359073684012729 0.6260899042419783 21.721264931901302
-0.2266693324934917 0.6314859961887045 21.736453817849707
-0.2294465882412915 0.6359065129832756 21.81227917623395
-0.23282025604698245 0.6412231560570045 22.14899573771301
-0.2362045560530505 0.6471572847194926 22.335552974171254
-0.2392447964693293 0.6519565435953261 22.431018218564414
-0.2419955541420629 0.6561245564575721 22.679936463397798
-0.2458345355854985 0.6622479400726452 22.809348428671647
-0.24868405069036306 0.6662626617396886 22.985280500059208
-0.2518473477111208 0.6709141877546747 23.114293590913128
-0.2527974322738794 0.6712201852235725 23.58405229080109
-0.2581376690905286 0.6801350463750901 23.606285147489878
-0.26231016423900155 0.6865620826676185 21.768498818138006
-0.26553000226692425 0.6913473182760898 23.67307193137627
-0.2683011075633485 0.6936671045309432 23.786975223274478
-0.2750877872751589 0.7056962340886886 24.283979220518365
-0.27859938139053364 0.7107779856689209 24.428667098253626
-0.2788301829162696 0.7092200695007943 25.436447660613464
-0.2854439776079178 0.7203787246102692 25.03409439560676
-0.2895735570252814 0.7265031217257095 23.781208645044604
-0.2925507901276556 0.7307803609984906 25.37720146680637
-0.2958744547697801 0.7353459681919711 25.596184646717077
-0.2994538876299905 0.7400059781971129 24.16492115214185
-0.2994538876299905 0.7400059781971129 24.16492115214185
-0.3020301872734561 0.7424215936581506 24.809909394986548
-0.3065666316605876 0.7493096016595732 26.052473711628874
-0.3102618433652829 0.7542656510509191 26.313186073999443
-0.3132417283987343 0.7583149603438651 26.717863507626166
-0.3170676282366863 0.7637448754937133 26.979242638832197
-0.32021689451430896 0.767717417546232 27.18842896097931
-0.3237204108637144 0.7726820022867844 27.38838726358128
-0.32777414564238805 0.7782195730983307 27.4485290227483
-0.33146409234992746 0.7827138329282337 27.62465579485496
-0.3349201069959943 0.7875703302587265 27.89228158611888
-0.33839892220044937 0.7920530513444338 28.18383343112675
-0.3420310704911068 0.7964539195298947 28.37214693752028
-0.3457307330291556 0.801341341227403 28.50610417653529
-0.34802469248199397 0.8022361902129571 29.09440744693418
-0.3555075998458095 0.811733219308922 29.261193821951657
-0.3595220116575576 0.8171906889880474 29.164152333960505
-0.3645892418664945 0.8252662411431638 28.51268290135592
-0.3681572812478353 0.8295566363943004 29.39074090744895
-0.37210436195097496 0.8354034884471362 28.938303768144497
-0.37585076325693934 0.8401967536109713 29.214883656816692
-0.3795079955803033 0.8450583699546029 29.076132827145766
-0.38339295396776496 0.8498587554745769 29.514150280802365
-0.38693070472480257 0.8538115315074762 30.195878978423373
-0.3869301591638469 0.8537997939402894 30.19297643336909
-0.3903277203717472 0.8566886917715204 30.68555800854495
-0.3946209612490334 0.8634305911041668 30.58236235866584
-0.3982841610227365 0.8681343844655902 30.828473082622036
-0.4020742535568608 0.8724347151032213 31.07486206488226
-0.4060562859991523 0.8775116475709289 31.451107308759926
-0.4101151648044963 0.8818618284573466 31.552113322006868
-0.41416694209653104 0.8863135847732667 31.32980811095903
-0.41766591323177626 0.8902113130236678 31.76900179535045
-0.42142892360586426 0.8948610349033419 32.21900740010388
-0.4253634757938445 0.8990068375484468 32.484773153320454
-0.4295475766437887 0.9029584855390216 32.45159743319605
-0.43338842732895 0.90723861037416 32.9439189024867
-0.4373365665006462 0.9111294993046759 33.475087682287224
-0.4417984240140045 0.9147264346416848 33.761440598569514
-0.4494135668938531 0.9244463926957038 33.780831750921195
-0.4534046192855993 0.92820136485418 34.27210962791845
-0.4575029320695694 0.9327973273002568 34.54011556182828
-0.4619295272590145 0.9369931616532508 34.590805661404765
-0.4665955105175717 0.941346781186534 34.71687542012693
-0.4706326990116673 0.9451941068841192 35.098605111666764
-0.4748513709643026 0.949636841371904 35.22889269666617
-0.4791251141902315 0.9538832051272098 35.27443747662865
-0.4835729095981702 0.9576886102296264 35.4645101790992
-0.4835390518590456 0.9577133957202936 35.46057522313919
-0.4875156758263174 0.9620159743864188 35.62642636746924
-0.4922428864157939 0.966395760682788 35.83103278160279
-0.4966816261073879 0.97086368459425 36.092198619572784
-0.5005365271874832 0.974763899718058 35.95563081821061
-0.504652389551566 0.978932665427946 36.20733838105256
-0.5093763980481498 0.9832326690709624 36.67448585639471
-0.5134759940712277 0.9870526666141358 37.17846281040007
-0.5176630946317181 0.9909349535164628 37.49078814514998
-0.5216849378073254 0.9947111378039641 37.222029492251
-0.5257627604985005 0.9988649727062819 37.59234071447271
-0.5308373406031014 1.0030858144240486 37.95548188218722
-0.5348328903474505 1.0068057857407116 38.312916413388145
-0.538828146104787 1.0106138618396758 38.31034269565251
-0.5427204925594609 1.0145848844433194 38.79589724521985
-0.5519785053328631 1.022594343671624 38.95026793567122
-0.5554629804093235 1.0257595069122092 39.578990745651055
-0.560781034546625 1.0295895222299276 39.450104549225934
-0.5662454746842644 1.0338057351192325 39.20229457544416
-0.5700939317337037 1.0380368273203926 40.0011557634381
-0.5721064160681346 1.0408983498603357 40.31294765017493
-0.5801660097389859 1.0458469473934695 40.27025227380382
-0.5853611083420125 1.0496949886584923 40.681115237678256
-0.5864087324060271 1.0526525850462425 40.0540720250036
-0.5864087324060271 1.0526525850462425 40.0540720250036
-0.5900409710556451 1.056596253499005 41.092895250746366
-0.5972687965726428 1.061216943835548 41.130227640374926
-0.6011014880292787 1.0646019113540826 41.29815498060687
-0.6032613077230818 1.0680179518995685 42.07831325467483
-0.6103121848914852 1.0725767551181935 41.791480639899284
-0.6152204977117215 1.0761904474450823 41.85697199112768
-0.6184598612329736 1.079277667453458 42.173590425979064
-0.6255972328440575 1.0837302145753185 42.02494458993973
-0.6282670230974693 1.0864830049519618 42.126527683047655
-0.6325247366967464 1.0900321210220285 42.469328293342116
-0.6402911485153246 1.0952216353716324 42.906080623158466
-0.6419927299836136 1.0972070890320873 42.61055184862317
-0.6476278564519669 1.1015453507341575 43.318855043225014
-0.652174390909917 1.1048656556590457 43.55049471498929
-0.6576010136647134 1.10869442130898 44.11533206647064
-0.667204329563355 1.1156889544389634 43.385956035814324
-0.671329160096688 1.1187912061434009 44.3123471061967
-0.6763681631709171 1.122373024681946 45.148503487071636
-0.684491287385633 1.127371574172655 44.41079652196882
-0.6863148183958746 1.129229239851818 45.03321840824808
-0.6920175992588267 1.1332412507091405 45.2470844159828
-0.6958948321283619 1.1360764547054385 45.94149225347145
-0.7019805846403094 1.1402598860859392 45.485563530539295
-0.7018646381178623 1.140188292813313 45.48063849624493
-0.7058412413020285 1.1434108883913991 45.954957448498256
-0.7147275978974232 1.1487806509364211 46.491519879237224
-0.7169441418756418 1.1506800994335813 46.35519167733701
-0.7202585441164864 1.1533756321171769 46.52432939030172
-0.7255482479205666 1.1567478341924864 46.18646132819846
-0.7312402282130281 1.160401140028482 46.779959955602074
-0.7349910413139297 1.163128756018278 47.146293863068465
-0.7408314741932264 1.166875090964948 48.35481904958186
-0.7488359595272155 1.1714839564717554 48.349953261357285
-0.7548965377683872 1.1755155471706469 47.5154773752354
-0.7595246890455086 1.1786286162815895 48.807062875563936
-0.764328215198925 1.1817585311831664 47.2415864327082
-0.7671628081576795 1.1840564299847518 48.22959755781483
-0.7717482005791435 1.1867021750261082 48.606812091176955
-0.775867681498739 1.1892306269636177 48.40031538751707
-0.784879513038048 1.1955329924045643 50.823485742292696
-0.7922379181065404 1.1998032105695793 50.34977298048502
-0.7991495752388971 1.2041173393230404 49.265386643511846
-0.8045218727380171 1.2073407137650267 50.77536823063788
-0.8066127473673641 1.208749662047499 49.46495528227456
-0.8116013844855925 1.2118753398464264 49.69884663979763
-0.8156759952528108 1.2142882831042028 51.53890573900514
-0.8225133752070701 1.2183082971998216 50.25146268484063
-0.8225133752070701 1.2183082971998216 50.25146268484063
-0.8256436106189347 1.2203591710108863 51.948407353445965
-0.8312388899016803 1.2236243979081105 52.02677734316134
-0.8359111435054567 1.2261679724214285 52.68550179306108
-0.8414103698443295 1.229579367032594 53.046378493080084
-0.8521894063257135 1.2355810842235342 51.08093495420211
-0.8513126559524015 1.235195658013569 53.7275072008311
-0.8632027516936408 1.2418254464910077 51.55215480605585
-0.8622747721441941 1.241239916655257 53.93484262452592
-0.8672969861987972 1.2438818977769746 51.40706982135863
-0.878805380417476 1.25012125310704 51.55557788634607
-0.8779963682738041 1.2496987065562075 54.39242635355314
-0.8819960276411791 1.251853067834 51.83010917368994
-0.8895547035518294 1.2559259040467936 54.67396213583047
-0.8987578204705012 1.2606726197022948 52.503348705433524
-0.8989759420268761 1.2606707968065238 55.7223881147284
-0.9150155198709028 1.2689275166710117 53.11317918243225
-0.9157489840450552 1.2690074763622972 52.98241589631922
-0.9203036553568721 1.2714581669375185 56.92529783387818
-0.9272190415938512 1.2750429674797956 53.671211333034925
-0.9314664378229638 1.2774255557883718 53.54018805075991
-0.9440669465171364 1.284429267169211 54.52515611537269
-0.9494269811871859 1.287205858021252 54.282369997719634
-0.9457996034489812 1.2848641316252891 58.68752783077361
-0.9457921449608522 1.2848607685377054 58.68565477580426
-0.9531442638483162 1.2885153853308449 54.284053253865736
-0.9659253787559756 1.29517815418074 57.10654671290986
-0.9620320127523374 1.2930145928802943 59.11769074435752
-0.9673189150601972 1.2956719472019942 55.04859796298288
-0.973472020004688 1.2988622654842241 60.00385618097991
-0.9792147882526666 1.3019076449830294 55.46452449221635
-0.9940406688734059 1.3096729537591087 58.20889505413235
-0.9896975549819128 1.3069667709330814 55.85433552712776
-0.9936034166696376 1.3087084034121026 55.92188134086868
-0.9998262741732596 1.3118654465752158 61.49494516573946
-1.0059029092991532 1.3147173640499283 56.47543457012703
-1.011814069551436 1.317530672783696 56.67682450058544
-1.0163973343696342 1.3195696292793484 62.5531550547726
-1.0223023245052094 1.3222190372341789 62.65990706339422
-1.0433263155044676 1.3326555722497573 59.991490903181656
-1.0403118201593338 1.3303997199784798 56.88419115651409
-1.0427858828277077 1.3313905896109153 57.27997250687922
-1.0496368811382255 1.334654705811392 57.53806028000099
-1.0548274288723751 1.3370283975035655 64.37860665946546
-1.063126453499234 1.3408236190507494 57.881754227826136
-1.0675601280153528 1.3425745636281254 57.74114400638716
-1.0738881979416732 1.3452402988400682 58.00088808938054
-1.0779350308412659 1.3469565610351355 65.43874504915699
-1.091793886327183 1.3542149755285786 59.1536416757756
-1.0855016980831 1.350571805741845 58.50201990954156
-1.0899791581655731 1.3525981407393632 58.730907043455105
-1.0945117957962258 1.3544210430479255 58.81231033279274
-1.0974037811377757 1.3552435588980702 67.28090547982546
-1.1043038732638102 1.3582545333472036 67.25700148175551
-1.1268464799074096 1.3693471706694662 59.85870277370913
-1.1148203746092604 1.3626086972153912 67.59704021123666
-1.119900861660237 1.364569635568973 68.2355677758859
-1.125004462264486 1.366478694410212 59.95237904253096
-1.1325365363005937 1.3696624070947112 60.40863889826424
-1.1398678529974986 1.3725213120992668 60.40972238597264
-1.1425551347681602 1.3732655560270273 60.453272449014776
-1.1500747727158362 1.3765223265119981 60.53664815969799
-1.1585791873221198 1.3801295619913507 61.05273081538079
-1.1651308920233223 1.3821864450637689 71.76267762186384
-1.1707168763813858 1.3843354913505572 72.18374707551415
-1.179139684549588 1.387724393786606 61.3769978091309
-1.1822983546899295 1.3887078631361855 61.60020634026945
-1.1908450896776244 1.3921502301019748 62.1770600208556
-1.1952759497757286 1.393599843736844 62.04214993457491
-1.200775022709259 1.3956426172092322 62.106383687078704
-1.2062456818165022 1.397383637474961 62.400972604156934
-1.2138106079918711 1.4002856214139854 62.65900540796096
-1.2142879599251657 1.4005111415051237 62.815148522945
-1.2180614431558463 1.4015219056896966 62.8618791474579
-1.2242854687355558 1.4035601581863313 63.08164221576832
-1.2310603707129777 1.4057535310055524 63.00304722977933
-1.2382826212475089 1.4084335085097486 63.0921012615189
-1.2413271886926958 1.4092339482792842 63.47580279114246
-1.2479760558476387 1.4114662686821813 63.46170074885743
-1.2538886172087922 1.4130962734070482 77.11812983044712
-1.2584107114888912 1.41398150564316 63.870538824256016
-1.264317277594803 1.4157032187495018 64.09260948401068
-1.2702094045108243 1.4172337280582572 64.3532266831248
-1.2769107802777162 1.4192574144912695 64.59422689403657
-1.2815647161978894 1.4203675116021033 64.84535310584727
-1.2880148844374697 1.4224840653469497 65.00032152923659
-1.29250801814268 1.4233970353043095 65.43098475936486
-1.2996597361788695 1.4254636053432417 65.51595641233571
-1.308862752648052 1.4275443241835608 65.77382516359353
-1.314342353090456 1.428959712292035 65.96467601836642
-1.3191824857856065 1.4297778919337387 66.13325135335009
-1.3250063864518211 1.4310548224510564 66.35662093546031
-1.3312591448353075 1.4327376319717646 66.45625043553497
-1.338189496554914 1.434614980513964 66.79479861905261
-1.3431083600006086 1.4353133049233509 66.82137458263121
-1.3478117446138194 1.4361013072259483 66.99893748795472
-1.3477493997507262 1.4360335568953304 66.99384250997524
-1.355331364274741 1.4380581804834118 67.18945414184546
-1.3604381111879589 1.4386870700959935 67.32884563365143
-1.3671736805901014 1.4403875108729896 67.48437380561096
-1.3716564382774388 1.4412648069431129 67.6549007955973
-1.3797821807304684 1.4434173902355494 67.93641738636826
-1.3839267435467864 1.4439292580015832 67.91100406996541
-1.386846418000021 1.4442633641936269 68.14745163900385
-1.3899446178615236 1.4449020546465696 68.67200736295747
-1.3911785648984811 1.4448799272203234 68.88515708561634
